<?xml version="1.0" encoding="utf-8"?>
<COLLADA xmlns="http://www.collada.org/2005/11/COLLADASchema" version="1.4.1">
  <asset>
    <contributor>
      <author>Mixamo</author>
      <authoring_tool>COLLADA Mixamo exporter</authoring_tool>
      <comments/>
    </contributor>
    <created>2024-12-02T03:07:59Z</created>
    <modified>2024-12-02T03:07:59Z</modified>
    <revision/>
    <title/>
    <unit meter="0.010000"/>
    <up_axis>Y_UP</up_axis>
  </asset>
  <library_animations>
    <animation id="mixamorig_Hips-anim" name="mixamorig_Hips">
      <source id="mixamorig_Hips-Matrix-animation-input">
        <float_array id="mixamorig_Hips-Matrix-animation-input-array" count="42">

0.000000 0.033333 0.066667 0.100000 0.133333 0.166667 0.200000 0.233333 0.266667 0.300000 0.333333 0.366667 0.400000 0.433333 0.466667 0.500000
0.533333 0.566667 0.600000 0.633333 0.666667 0.700000 0.733333 0.766667 0.800000 0.833333 0.866667 0.900000 0.933333 0.966667 1.000000 1.033333
1.066667 1.100000 1.133333 1.166667 1.200000 1.233333 1.266667 1.300000 1.333333 1.366667</float_array>
        <technique_common>
          <accessor source="#mixamorig_Hips-Matrix-animation-input-array" count="42">
            <param name="TIME" type="float"/>
          </accessor>
        </technique_common>
      </source>
      <source id="mixamorig_Hips-Matrix-animation-output-transform">
        <float_array id="mixamorig_Hips-Matrix-animation-output-transform-array" count="672">

0.616047 -0.204476 -0.760708 0.277403 0.016327 0.968828 -0.247195 109.773361 0.787540 0.139864 0.600182 1.354949 0.000000 0.000000 0.000000 1.000000
0.628489 -0.198472 -0.752071 0.472297 0.007281 0.968356 -0.249466 110.040642 0.777784 0.151311 0.610046 -1.622574 0.000000 0.000000 0.000000 1.000000
0.642945 -0.193631 -0.741032 0.740290 0.005171 0.968591 -0.248606 109.764328 0.765895 0.156008 0.623752 -4.693789 0.000000 0.000000 0.000000 1.000000
0.659960 -0.186333 -0.727827 1.025082 0.006198 0.970074 -0.242730 109.082413 0.751275 0.155681 0.641365 -7.811745 0.000000 0.000000 0.000000 1.000000
0.675330 -0.181368 -0.714867 1.645927 0.003085 0.969977 -0.243177 107.914986 0.737509 0.162019 0.655614 -10.898097 0.000000 0.000000 0.000000 1.000000
0.690780 -0.170604 -0.702650 2.454032 -0.008276 0.969837 -0.243613 106.380219 0.723018 0.174098 0.668532 -14.052097 0.000000 0.000000 0.000000 1.000000
0.708819 -0.158710 -0.687304 3.250927 -0.019159 0.969669 -0.243671 104.698891 0.705130 0.185887 0.684279 -17.303638 0.000000 0.000000 0.000000 1.000000
0.733546 -0.142290 -0.664577 4.036486 -0.020395 0.972789 -0.230792 103.081429 0.679333 0.182851 0.710684 -20.390039 0.000000 0.000000 0.000000 1.000000
0.757408 -0.126944 -0.640483 4.890401 -0.013925 0.977555 -0.210218 101.855438 0.652793 0.168139 0.738641 -24.218222 0.000000 0.000000 0.000000 1.000000
0.772731 -0.121726 -0.622952 5.764653 -0.002384 0.980875 -0.194622 101.011536 0.634729 0.151875 0.757663 -28.243574 0.000000 0.000000 0.000000 1.000000
0.781511 -0.129311 -0.610343 6.526372 0.019377 0.982844 -0.183420 100.577232 0.623590 0.131518 0.770609 -31.706581 0.000000 0.000000 0.000000 1.000000
0.783657 -0.143242 -0.604453 7.244929 0.040060 0.982679 -0.180936 100.630898 0.619901 0.117577 0.775821 -35.273483 0.000000 0.000000 0.000000 1.000000
0.783613 -0.151768 -0.602426 7.475768 0.048901 0.981761 -0.183725 101.198227 0.619322 0.114510 0.776742 -38.684010 0.000000 0.000000 0.000000 1.000000
0.782475 -0.159370 -0.601942 8.526037 0.054581 0.980526 -0.188652 102.471741 0.620285 0.114761 0.775936 -41.809433 0.000000 0.000000 0.000000 1.000000
0.770422 -0.162201 -0.616556 9.117462 0.047650 0.979039 -0.198021 104.427040 0.635751 0.123181 0.762002 -44.816914 0.000000 0.000000 0.000000 1.000000
0.744839 -0.158626 -0.648114 9.744394 0.026116 0.977517 -0.209234 106.718239 0.666732 0.138919 0.732236 -47.871326 0.000000 0.000000 0.000000 1.000000
0.725559 -0.171362 -0.666482 10.192205 0.015399 0.972300 -0.233228 108.949486 0.687987 0.158957 0.708100 -50.919586 0.000000 0.000000 0.000000 1.000000
0.708346 -0.172562 -0.684448 10.344725 -0.000881 0.969441 -0.245325 110.732704 0.705865 0.174378 0.686547 -54.134636 0.000000 0.000000 0.000000 1.000000
0.687409 -0.166912 -0.706830 10.152952 -0.021469 0.968138 -0.249496 112.122269 0.725953 0.186681 0.661923 -57.509655 0.000000 0.000000 0.000000 1.000000
0.660518 -0.161949 -0.733136 9.873642 -0.039848 0.967522 -0.249625 113.004517 0.749752 0.194095 0.632613 -60.997997 0.000000 0.000000 0.000000 1.000000
0.629918 -0.157976 -0.760426 9.620687 -0.052735 0.968135 -0.244812 113.459702 0.774869 0.194312 0.601515 -64.577469 0.000000 0.000000 0.000000 1.000000
0.604193 -0.152695 -0.782071 9.370261 -0.061259 0.969662 -0.236648 113.411049 0.794480 0.190890 0.576509 -68.139915 0.000000 0.000000 0.000000 1.000000
0.584427 -0.151995 -0.797084 9.193915 -0.064635 0.970459 -0.232446 113.078064 0.808868 0.187368 0.557338 -71.606689 0.000000 0.000000 0.000000 1.000000
0.568399 -0.149393 -0.809076 9.076518 -0.065260 0.972092 -0.225340 112.534378 0.820161 0.180883 0.542786 -74.985283 0.000000 0.000000 0.000000 1.000000
0.551483 -0.145966 -0.821316 9.069359 -0.066895 0.973663 -0.217959 111.652283 0.831500 0.175142 0.527194 -78.222946 0.000000 0.000000 0.000000 1.000000
0.529519 -0.142941 -0.836168 9.197655 -0.068158 0.975345 -0.209895 110.320869 0.845555 0.168135 0.506721 -81.379120 0.000000 0.000000 0.000000 1.000000
0.502940 -0.141781 -0.852613 9.339732 -0.065209 0.977418 -0.201000 108.418648 0.861858 0.156689 0.482338 -84.489632 0.000000 0.000000 0.000000 1.000000
0.472372 -0.143974 -0.869561 9.379141 -0.056523 0.979590 -0.192896 106.243973 0.879585 0.140269 0.454593 -88.020424 0.000000 0.000000 0.000000 1.000000
0.434972 -0.158126 -0.886451 9.153230 -0.042285 0.979787 -0.195525 104.048004 0.899450 0.122532 0.419494 -92.393311 0.000000 0.000000 0.000000 1.000000
0.402378 -0.180900 -0.897423 8.543167 -0.017628 0.978569 -0.205162 101.879303 0.915304 0.098372 0.390566 -97.559792 0.000000 0.000000 0.000000 1.000000
0.390869 -0.205326 -0.897253 7.546386 0.013653 0.975988 -0.217396 100.263969 0.920345 0.072723 0.384286 -103.591774 0.000000 0.000000 0.000000 1.000000
0.390385 -0.232676 -0.890765 6.554601 0.033958 0.970518 -0.238626 100.002182 0.920025 0.062907 0.386777 -110.477623 0.000000 0.000000 0.000000 1.000000
0.405093 -0.255566 -0.877830 5.651204 0.041818 0.964312 -0.261446 101.144791 0.913319 0.069201 0.401323 -115.888618 0.000000 0.000000 0.000000 1.000000
0.462365 -0.249076 -0.850988 4.916856 0.055078 0.965950 -0.252799 102.804626 0.884978 0.070015 0.460340 -120.878014 0.000000 0.000000 0.000000 1.000000
0.505570 -0.261336 -0.822255 4.014132 0.063177 0.961678 -0.266803 104.579330 0.860469 0.082940 0.502706 -125.506882 0.000000 0.000000 0.000000 1.000000
0.524205 -0.270881 -0.807361 3.093630 0.060427 0.957503 -0.282021 106.332039 0.849445 0.099050 0.518297 -129.947083 0.000000 0.000000 0.000000 1.000000
0.538562 -0.263897 -0.800194 2.148057 0.062428 0.959575 -0.274443 107.885735 0.840270 0.097850 0.533265 -134.174957 0.000000 0.000000 0.000000 1.000000
0.546590 -0.258690 -0.796441 1.437933 0.059429 0.960673 -0.271248 109.117813 0.835289 0.100930 0.540468 -138.281006 0.000000 0.000000 0.000000 1.000000
0.560763 -0.249113 -0.789612 0.884586 0.044930 0.961415 -0.271407 109.886826 0.826756 0.116718 0.550319 -142.263657 0.000000 0.000000 0.000000 1.000000
0.579441 -0.237867 -0.779530 0.537529 0.036277 0.963042 -0.266899 110.114182 0.814207 0.126373 0.566655 -146.193420 0.000000 0.000000 0.000000 1.000000
0.597620 -0.225170 -0.769512 0.292270 0.031314 0.965578 -0.258222 110.083145 0.801168 0.130222 0.584100 -150.137283 0.000000 0.000000 0.000000 1.000000
0.616047 -0.204475 -0.760708 0.277405 0.016327 0.968828 -0.247195 109.773407 0.787541 0.139864 0.600182 -153.473206 0.000000 0.000000 0.000000 1.000000</float_array>
        <technique_common>
          <accessor source="#mixamorig_Hips-Matrix-animation-output-transform-array" count="42" stride="16">
            <param type="float4x4"/>
          </accessor>
        </technique_common>
      </source>
      <source id="mixamorig_Hips-Interpolations">
        <Name_array id="mixamorig_Hips-Interpolations-array" count="42">
 LINEAR LINEAR LINEAR LINEAR LINEAR LINEAR LINEAR LINEAR LINEAR LINEAR LINEAR
LINEAR LINEAR LINEAR LINEAR LINEAR LINEAR LINEAR LINEAR LINEAR LINEAR LINEAR LINEAR
LINEAR LINEAR LINEAR LINEAR LINEAR LINEAR LINEAR LINEAR LINEAR LINEAR LINEAR LINEAR
LINEAR LINEAR LINEAR LINEAR LINEAR LINEAR LINEAR</Name_array>
        <technique_common>
          <accessor source="#mixamorig_Hips-Interpolations-array" count="42">
            <param type="name"/>
          </accessor>
        </technique_common>
      </source>
      <sampler id="mixamorig_Hips-Matrix-animation-transform">
        <input semantic="INPUT" source="#mixamorig_Hips-Matrix-animation-input"/>
        <input semantic="OUTPUT" source="#mixamorig_Hips-Matrix-animation-output-transform"/>
        <input semantic="INTERPOLATION" source="#mixamorig_Hips-Interpolations"/>
      </sampler>
      <channel source="#mixamorig_Hips-Matrix-animation-transform" target="mixamorig_Hips/matrix"/>
    </animation>
    <animation id="mixamorig_Spine-anim" name="mixamorig_Spine">
      <source id="mixamorig_Spine-Matrix-animation-input">
        <float_array id="mixamorig_Spine-Matrix-animation-input-array" count="42">

0.000000 0.033333 0.066667 0.100000 0.133333 0.166667 0.200000 0.233333 0.266667 0.300000 0.333333 0.366667 0.400000 0.433333 0.466667 0.500000
0.533333 0.566667 0.600000 0.633333 0.666667 0.700000 0.733333 0.766667 0.800000 0.833333 0.866667 0.900000 0.933333 0.966667 1.000000 1.033333
1.066667 1.100000 1.133333 1.166667 1.200000 1.233333 1.266667 1.300000 1.333333 1.366667</float_array>
        <technique_common>
          <accessor source="#mixamorig_Spine-Matrix-animation-input-array" count="42">
            <param name="TIME" type="float"/>
          </accessor>
        </technique_common>
      </source>
      <source id="mixamorig_Spine-Matrix-animation-output-transform">
        <float_array id="mixamorig_Spine-Matrix-animation-output-transform-array" count="672">

0.999899 -0.002404 -0.014016 0.072000 0.000889 0.994247 -0.107111 7.257300 0.014193 0.107088 0.994148 -0.789700 0.000000 0.000000 0.000000 1.000000
0.999842 -0.004690 -0.017157 0.072000 0.002759 0.993832 -0.110859 7.257300 0.017571 0.110794 0.993688 -0.789700 0.000000 0.000000 0.000000 1.000000
0.999743 -0.007107 -0.021521 0.072000 0.004680 0.993830 -0.110811 7.257300 0.022176 0.110682 0.993608 -0.789700 0.000000 0.000000 0.000000 1.000000
0.999622 -0.005075 -0.027025 0.072000 0.001941 0.993395 -0.114732 7.257300 0.027429 0.114637 0.993029 -0.789700 0.000000 0.000000 0.000000 1.000000
0.999464 -0.010046 -0.031146 0.072000 0.006424 0.993427 -0.114284 7.257300 0.032089 0.114023 0.992960 -0.789700 0.000000 0.000000 0.000000 1.000000
0.999206 -0.021167 -0.033768 0.072000 0.017109 0.993075 -0.116234 7.257300 0.035995 0.115564 0.992648 -0.789700 0.000000 0.000000 0.000000 1.000000
0.998900 -0.029275 -0.036635 0.072000 0.025019 0.993430 -0.111677 7.257300 0.039664 0.110637 0.993069 -0.789700 0.000000 0.000000 0.000000 1.000000
0.998334 -0.039447 -0.042107 0.072000 0.034565 0.993224 -0.110958 7.257300 0.046199 0.109318 0.992933 -0.789700 0.000000 0.000000 0.000000 1.000000
0.998273 -0.034883 -0.047275 0.072000 0.028733 0.991734 -0.125052 7.257300 0.051247 0.123478 0.991023 -0.789700 0.000000 0.000000 0.000000 1.000000
0.998423 -0.023528 -0.050972 0.072000 0.016427 0.990643 -0.135486 7.257300 0.053682 0.134435 0.989467 -0.789700 0.000000 0.000000 0.000000 1.000000
0.998335 -0.014390 -0.055853 0.072000 0.006702 0.990761 -0.135453 7.257300 0.057286 0.134853 0.989208 -0.789700 0.000000 0.000000 0.000000 1.000000
0.998321 -0.003861 -0.057794 0.072000 -0.004004 0.990788 -0.135365 7.257300 0.057784 0.135369 0.989109 -0.789700 0.000000 0.000000 0.000000 1.000000
0.998263 0.008704 -0.058268 0.072000 -0.016028 0.991846 -0.126429 7.257300 0.056692 0.127143 0.990263 -0.789700 0.000000 0.000000 0.000000 1.000000
0.998167 0.003753 -0.060404 0.072000 -0.012095 0.990310 -0.138347 7.257300 0.059299 0.138824 0.988540 -0.789700 0.000000 0.000000 0.000000 1.000000
0.998106 0.010395 -0.060641 0.072000 -0.018765 0.990093 -0.139153 7.257300 0.058594 0.140027 0.988412 -0.789700 0.000000 0.000000 0.000000 1.000000
0.998294 0.009415 -0.057624 0.072000 -0.017641 0.989427 -0.143956 7.257300 0.055659 0.144727 0.987905 -0.789700 0.000000 0.000000 0.000000 1.000000
0.997989 0.022735 -0.059175 0.072000 -0.030164 0.991337 -0.127835 7.257300 0.055756 0.129362 0.990029 -0.789700 0.000000 0.000000 0.000000 1.000000
0.997688 0.030270 -0.060852 0.072000 -0.037759 0.991318 -0.125950 7.257300 0.056511 0.127957 0.990168 -0.789700 0.000000 0.000000 0.000000 1.000000
0.997562 0.035571 -0.060047 0.072000 -0.042833 0.991316 -0.124334 7.257300 0.055103 0.126602 0.990422 -0.789700 0.000000 0.000000 0.000000 1.000000
0.997554 0.041180 -0.056487 0.072000 -0.047667 0.991777 -0.118766 7.257300 0.051132 0.121168 0.991314 -0.789700 0.000000 0.000000 0.000000 1.000000
0.997554 0.047486 -0.051301 0.072000 -0.053200 0.991770 -0.116458 7.257300 0.045348 0.118902 0.991870 -0.789700 0.000000 0.000000 0.000000 1.000000
0.997703 0.049560 -0.046180 0.072000 -0.054659 0.991670 -0.116636 7.257300 0.040015 0.118892 0.992101 -0.789700 0.000000 0.000000 0.000000 1.000000
0.997948 0.048910 -0.041316 0.072000 -0.053247 0.992348 -0.111400 7.257300 0.035551 0.113371 0.992916 -0.789700 0.000000 0.000000 0.000000 1.000000
0.998216 0.047359 -0.036361 0.072000 -0.051146 0.992452 -0.111460 7.257300 0.030808 0.113120 0.993104 -0.789700 0.000000 0.000000 0.000000 1.000000
0.998691 0.041000 -0.030594 0.072000 -0.044171 0.992790 -0.111430 7.257300 0.025805 0.112635 0.993301 -0.789700 0.000000 0.000000 0.000000 1.000000
0.999149 0.033776 -0.023668 0.072000 -0.036223 0.993051 -0.111975 7.257300 0.019721 0.112737 0.993429 -0.789700 0.000000 0.000000 0.000000 1.000000
0.999522 0.026048 -0.016634 0.072000 -0.027737 0.993431 -0.111021 7.257300 0.013633 0.111429 0.993679 -0.789700 0.000000 0.000000 0.000000 1.000000
0.999704 0.021569 -0.011295 0.072000 -0.022726 0.993100 -0.115050 7.257300 0.008736 0.115273 0.993295 -0.789700 0.000000 0.000000 0.000000 1.000000
0.999515 0.030491 -0.006296 0.072000 -0.031009 0.993053 -0.113507 7.257300 0.002791 0.113647 0.993517 -0.789700 0.000000 0.000000 0.000000 1.000000
0.999082 0.042578 -0.004697 0.072000 -0.042836 0.993069 -0.109452 7.257300 0.000005 0.109553 0.993981 -0.789700 0.000000 0.000000 0.000000 1.000000
0.997751 0.066410 -0.009099 0.072000 -0.067011 0.991491 -0.111600 7.257300 0.001610 0.111959 0.993712 -0.789700 0.000000 0.000000 0.000000 1.000000
0.994688 0.101955 -0.014171 0.072000 -0.102905 0.988260 -0.112930 7.257300 0.002491 0.113789 0.993502 -0.789700 0.000000 0.000000 0.000000 1.000000
0.996050 0.087284 -0.016320 0.072000 -0.088433 0.991680 -0.093540 7.257300 0.008020 0.094614 0.995482 -0.789700 0.000000 0.000000 0.000000 1.000000
0.996296 0.080455 -0.030348 0.072000 -0.083723 0.988103 -0.129009 7.257300 0.019607 0.131072 0.991179 -0.789700 0.000000 0.000000 0.000000 1.000000
0.996101 0.080577 -0.035919 0.072000 -0.084300 0.989394 -0.118293 7.257300 0.026006 0.120860 0.992329 -0.789700 0.000000 0.000000 0.000000 1.000000
0.996838 0.071872 -0.033880 0.072000 -0.075007 0.991870 -0.102796 7.257300 0.026217 0.105013 0.994125 -0.789700 0.000000 0.000000 0.000000 1.000000
0.996787 0.073766 -0.031206 0.072000 -0.076976 0.989940 -0.118714 7.257300 0.022135 0.120735 0.992438 -0.789700 0.000000 0.000000 0.000000 1.000000
0.997335 0.068621 -0.024772 0.072000 -0.071164 0.989828 -0.123189 7.257300 0.016067 0.124624 0.992074 -0.789700 0.000000 0.000000 0.000000 1.000000
0.998880 0.043792 -0.017888 0.072000 -0.045564 0.992321 -0.114989 7.257300 0.012715 0.115675 0.993206 -0.789700 0.000000 0.000000 0.000000 1.000000
0.999440 0.029773 -0.015285 0.072000 -0.031327 0.992965 -0.114187 7.257300 0.011778 0.114602 0.993342 -0.789700 0.000000 0.000000 0.000000 1.000000
0.999584 0.025165 -0.014112 0.072000 -0.026620 0.993044 -0.114699 7.257300 0.011128 0.115027 0.993300 -0.789700 0.000000 0.000000 0.000000 1.000000
0.999899 -0.002406 -0.014017 0.072000 0.000891 0.994247 -0.107111 7.257300 0.014194 0.107088 0.994148 -0.789700 0.000000 0.000000 0.000000 1.000000</float_array>
        <technique_common>
          <accessor source="#mixamorig_Spine-Matrix-animation-output-transform-array" count="42" stride="16">
            <param type="float4x4"/>
          </accessor>
        </technique_common>
      </source>
      <source id="mixamorig_Spine-Interpolations">
        <Name_array id="mixamorig_Spine-Interpolations-array" count="42">
 LINEAR LINEAR LINEAR LINEAR LINEAR LINEAR LINEAR LINEAR LINEAR LINEAR LINEAR
LINEAR LINEAR LINEAR LINEAR LINEAR LINEAR LINEAR LINEAR LINEAR LINEAR LINEAR LINEAR
LINEAR LINEAR LINEAR LINEAR LINEAR LINEAR LINEAR LINEAR LINEAR LINEAR LINEAR LINEAR
LINEAR LINEAR LINEAR LINEAR LINEAR LINEAR LINEAR</Name_array>
        <technique_common>
          <accessor source="#mixamorig_Spine-Interpolations-array" count="42">
            <param type="name"/>
          </accessor>
        </technique_common>
      </source>
      <sampler id="mixamorig_Spine-Matrix-animation-transform">
        <input semantic="INPUT" source="#mixamorig_Spine-Matrix-animation-input"/>
        <input semantic="OUTPUT" source="#mixamorig_Spine-Matrix-animation-output-transform"/>
        <input semantic="INTERPOLATION" source="#mixamorig_Spine-Interpolations"/>
      </sampler>
      <channel source="#mixamorig_Spine-Matrix-animation-transform" target="mixamorig_Spine/matrix"/>
    </animation>
    <animation id="mixamorig_Spine1-anim" name="mixamorig_Spine1">
      <source id="mixamorig_Spine1-Matrix-animation-input">
        <float_array id="mixamorig_Spine1-Matrix-animation-input-array" count="42">

0.000000 0.033333 0.066667 0.100000 0.133333 0.166667 0.200000 0.233333 0.266667 0.300000 0.333333 0.366667 0.400000 0.433333 0.466667 0.500000
0.533333 0.566667 0.600000 0.633333 0.666667 0.700000 0.733333 0.766667 0.800000 0.833333 0.866667 0.900000 0.933333 0.966667 1.000000 1.033333
1.066667 1.100000 1.133333 1.166667 1.200000 1.233333 1.266667 1.300000 1.333333 1.366667</float_array>
        <technique_common>
          <accessor source="#mixamorig_Spine1-Matrix-animation-input-array" count="42">
            <param name="TIME" type="float"/>
          </accessor>
        </technique_common>
      </source>
      <source id="mixamorig_Spine1-Matrix-animation-output-transform">
        <float_array id="mixamorig_Spine1-Matrix-animation-output-transform-array" count="672">

0.995666 0.071333 -0.059680 0.000000 -0.078233 0.989362 -0.122648 8.558700 0.050297 0.126786 0.990654 0.000000 0.000000 0.000000 0.000000 1.000000
0.995881 0.063594 -0.064629 0.000000 -0.070997 0.990283 -0.119581 8.558700 0.056396 0.123677 0.990719 0.000000 0.000000 0.000000 0.000000 1.000000
0.995902 0.056692 -0.070465 0.000000 -0.064757 0.990898 -0.118016 8.558700 0.063133 0.122096 0.990508 0.000000 0.000000 0.000000 0.000000 1.000000
0.996012 0.046398 -0.076212 -0.000000 -0.055150 0.991591 -0.117074 8.558700 0.070139 0.120810 0.990195 -0.000000 0.000000 0.000000 0.000000 1.000000
0.996122 0.035888 -0.080332 -0.000000 -0.045173 0.992113 -0.116927 8.558700 0.075502 0.120103 0.989886 0.000000 0.000000 0.000000 0.000000 1.000000
0.996365 0.021508 -0.082422 0.000000 -0.031160 0.992564 -0.117671 8.558700 0.079278 0.119811 0.989626 0.000000 0.000000 0.000000 0.000000 1.000000
0.996439 0.004331 -0.084205 0.000000 -0.014582 0.992483 -0.121507 8.558700 0.083046 0.122302 0.989012 0.000000 0.000000 0.000000 0.000000 1.000000
0.995937 -0.008509 -0.089645 0.000000 -0.002913 0.991961 -0.126511 8.558700 0.090001 0.126258 0.987906 0.000000 0.000000 0.000000 0.000000 1.000000
0.995174 -0.019538 -0.096159 0.000000 0.007173 0.991838 -0.127299 8.558700 0.097862 0.125995 0.987192 0.000000 0.000000 0.000000 0.000000 1.000000
0.994594 -0.024217 -0.100978 0.000000 0.011213 0.991787 -0.127405 8.558700 0.103234 0.125584 0.986697 0.000000 0.000000 0.000000 0.000000 1.000000
0.994180 -0.017287 -0.106331 0.000000 0.003085 0.991205 -0.132301 8.558700 0.107683 0.131203 0.985490 -0.000000 0.000000 0.000000 0.000000 1.000000
0.993829 -0.007203 -0.110689 0.000000 -0.007961 0.990685 -0.135943 8.558700 0.110637 0.135985 0.984514 0.000000 0.000000 0.000000 0.000000 1.000000
0.993629 -0.002736 -0.112671 0.000000 -0.013736 0.989313 -0.145157 8.558700 0.111864 0.145779 0.982972 0.000000 0.000000 0.000000 0.000000 1.000000
0.993314 0.006224 -0.115276 0.000000 -0.022954 0.989257 -0.144375 8.558700 0.113139 0.146056 0.982786 0.000000 0.000000 0.000000 0.000000 1.000000
0.993831 0.007017 -0.110682 0.000000 -0.023407 0.988787 -0.147486 8.558700 0.108406 0.149167 0.982852 0.000000 0.000000 0.000000 0.000000 1.000000
0.995023 0.009129 -0.099222 -0.000000 -0.023596 0.989058 -0.145628 8.558700 0.096807 0.147244 0.984351 0.000000 0.000000 0.000000 0.000000 1.000000
0.995516 0.006895 -0.094341 0.000000 -0.020469 0.989412 -0.143681 8.558700 0.092352 0.144967 0.985117 0.000000 0.000000 0.000000 0.000000 1.000000
0.995920 0.004187 -0.090139 0.000000 -0.016689 0.990238 -0.138386 8.558700 0.088679 0.139326 0.986268 0.000000 0.000000 0.000000 0.000000 1.000000
0.996509 0.001405 -0.083478 0.000000 -0.012616 0.990912 -0.133919 8.558700 0.082531 0.134504 0.987470 0.000000 0.000000 0.000000 0.000000 1.000000
0.997203 0.000437 -0.074745 -0.000000 -0.010243 0.991348 -0.130863 8.558700 0.074041 0.131262 0.988579 0.000000 0.000000 0.000000 0.000000 1.000000
0.997848 0.001328 -0.065552 0.000000 -0.009677 0.991827 -0.127219 8.558700 0.064847 0.127579 0.989706 0.000000 0.000000 0.000000 0.000000 1.000000
0.998244 0.003410 -0.059146 0.000000 -0.010738 0.992221 -0.124021 8.558700 0.058263 0.124439 0.990515 0.000000 0.000000 0.000000 0.000000 1.000000
0.998450 0.007014 -0.055210 0.000000 -0.013736 0.992394 -0.122330 8.558700 0.053932 0.122899 0.990953 0.000000 0.000000 0.000000 0.000000 1.000000
0.998586 0.010952 -0.052024 -0.000000 -0.017176 0.992537 -0.120732 8.558700 0.050313 0.121454 0.991321 -0.000000 0.000000 0.000000 0.000000 1.000000
0.998729 0.015783 -0.047857 0.000000 -0.021442 0.992527 -0.120130 8.558700 0.045603 0.121004 0.991604 -0.000000 0.000000 0.000000 0.000000 1.000000
0.998889 0.020649 -0.042362 0.000000 -0.025618 0.992402 -0.120344 8.558700 0.039555 0.121296 0.991828 -0.000000 0.000000 0.000000 0.000000 1.000000
0.998954 0.027055 -0.036869 0.000000 -0.031397 0.991935 -0.122796 8.558700 0.033249 0.123825 0.991747 0.000000 0.000000 0.000000 0.000000 1.000000
0.998902 0.035224 -0.030873 0.000000 -0.038800 0.991509 -0.124116 8.558700 0.026238 0.125178 0.991787 0.000000 0.000000 0.000000 0.000000 1.000000
0.998862 0.042301 -0.022041 0.000000 -0.044722 0.991228 -0.124370 8.558700 0.016587 0.125214 0.991991 0.000000 0.000000 0.000000 0.000000 1.000000
0.998448 0.053604 -0.015117 0.000000 -0.055082 0.990556 -0.125557 8.558700 0.008243 0.126195 0.991971 0.000000 0.000000 0.000000 0.000000 1.000000
0.998183 0.058579 -0.014116 0.000000 -0.059894 0.990227 -0.125949 8.558700 0.006600 0.126565 0.991936 0.000000 0.000000 0.000000 0.000000 1.000000
0.998590 0.051695 -0.012087 0.000000 -0.052792 0.990978 -0.123187 8.558700 0.005610 0.123651 0.992310 -0.000000 0.000000 0.000000 0.000000 1.000000
0.997902 0.062909 -0.015281 0.000000 -0.064347 0.989741 -0.127561 8.558700 0.007100 0.128277 0.991713 0.000000 0.000000 0.000000 0.000000 1.000000
0.997449 0.063182 -0.033217 -0.000000 -0.066733 0.990561 -0.119730 8.558700 0.025338 0.121641 0.992251 0.000000 0.000000 0.000000 0.000000 1.000000
0.996966 0.062787 -0.046005 -0.000000 -0.067970 0.990267 -0.121459 8.558700 0.037932 0.124217 0.991530 0.000000 0.000000 0.000000 0.000000 1.000000
0.996580 0.067252 -0.048021 -0.000000 -0.072774 0.989554 -0.124447 8.558700 0.039150 0.127517 0.991063 0.000000 0.000000 0.000000 0.000000 1.000000
0.996539 0.066938 -0.049278 0.000000 -0.072594 0.989658 -0.123723 8.558700 0.040487 0.126872 0.991093 0.000000 0.000000 0.000000 0.000000 1.000000
0.996517 0.067666 -0.048746 0.000000 -0.073197 0.989775 -0.122426 8.558700 0.039963 0.125568 0.991280 0.000000 0.000000 0.000000 0.000000 1.000000
0.996278 0.070500 -0.049602 0.000000 -0.076095 0.989632 -0.121815 8.558700 0.040500 0.125136 0.991313 0.000000 0.000000 0.000000 0.000000 1.000000
0.996172 0.069819 -0.052601 0.000000 -0.075663 0.990028 -0.118827 8.558700 0.043780 0.122352 0.991521 0.000000 0.000000 0.000000 0.000000 1.000000
0.996223 0.066532 -0.055801 0.000000 -0.072731 0.990391 -0.117624 8.558700 0.047439 0.121238 0.991489 0.000000 0.000000 0.000000 0.000000 1.000000
0.995666 0.071333 -0.059681 0.000000 -0.078233 0.989362 -0.122648 8.558700 0.050297 0.126785 0.990654 -0.000000 0.000000 0.000000 0.000000 1.000000</float_array>
        <technique_common>
          <accessor source="#mixamorig_Spine1-Matrix-animation-output-transform-array" count="42" stride="16">
            <param type="float4x4"/>
          </accessor>
        </technique_common>
      </source>
      <source id="mixamorig_Spine1-Interpolations">
        <Name_array id="mixamorig_Spine1-Interpolations-array" count="42">
 LINEAR LINEAR LINEAR LINEAR LINEAR LINEAR LINEAR LINEAR LINEAR LINEAR LINEAR
LINEAR LINEAR LINEAR LINEAR LINEAR LINEAR LINEAR LINEAR LINEAR LINEAR LINEAR LINEAR
LINEAR LINEAR LINEAR LINEAR LINEAR LINEAR LINEAR LINEAR LINEAR LINEAR LINEAR LINEAR
LINEAR LINEAR LINEAR LINEAR LINEAR LINEAR LINEAR</Name_array>
        <technique_common>
          <accessor source="#mixamorig_Spine1-Interpolations-array" count="42">
            <param type="name"/>
          </accessor>
        </technique_common>
      </source>
      <sampler id="mixamorig_Spine1-Matrix-animation-transform">
        <input semantic="INPUT" source="#mixamorig_Spine1-Matrix-animation-input"/>
        <input semantic="OUTPUT" source="#mixamorig_Spine1-Matrix-animation-output-transform"/>
        <input semantic="INTERPOLATION" source="#mixamorig_Spine1-Interpolations"/>
      </sampler>
      <channel source="#mixamorig_Spine1-Matrix-animation-transform" target="mixamorig_Spine1/matrix"/>
    </animation>
    <animation id="mixamorig_Spine2-anim" name="mixamorig_Spine2">
      <source id="mixamorig_Spine2-Matrix-animation-input">
        <float_array id="mixamorig_Spine2-Matrix-animation-input-array" count="42">

0.000000 0.033333 0.066667 0.100000 0.133333 0.166667 0.200000 0.233333 0.266667 0.300000 0.333333 0.366667 0.400000 0.433333 0.466667 0.500000
0.533333 0.566667 0.600000 0.633333 0.666667 0.700000 0.733333 0.766667 0.800000 0.833333 0.866667 0.900000 0.933333 0.966667 1.000000 1.033333
1.066667 1.100000 1.133333 1.166667 1.200000 1.233333 1.266667 1.300000 1.333333 1.366667</float_array>
        <technique_common>
          <accessor source="#mixamorig_Spine2-Matrix-animation-input-array" count="42">
            <param name="TIME" type="float"/>
          </accessor>
        </technique_common>
      </source>
      <source id="mixamorig_Spine2-Matrix-animation-output-transform">
        <float_array id="mixamorig_Spine2-Matrix-animation-output-transform-array" count="672">

0.995666 0.077570 -0.051312 0.000000 -0.078252 0.996868 -0.011406 29.149500 0.050267 0.015371 0.998618 1.721100 0.000000 0.000000 0.000000 1.000000
0.995888 0.070401 -0.057017 0.000000 -0.070987 0.997443 -0.008314 29.149500 0.056286 0.012327 0.998339 1.721100 0.000000 0.000000 0.000000 1.000000
0.995917 0.064143 -0.063516 0.000000 -0.064701 0.997882 -0.006767 29.149500 0.062947 0.010849 0.997958 1.721100 0.000000 0.000000 0.000000 1.000000
0.996052 0.054503 -0.070073 0.000000 -0.055055 0.998465 -0.005973 29.149500 0.069640 0.009808 0.997524 1.721100 0.000000 0.000000 0.000000 1.000000
0.996170 0.044300 -0.075381 0.000000 -0.044867 0.998976 -0.005841 29.149500 0.075045 0.009200 0.997138 1.721100 0.000000 0.000000 0.000000 1.000000
0.996381 0.030309 -0.079413 0.000000 -0.030901 0.999503 -0.006245 29.149500 0.079185 0.008676 0.996822 1.721100 0.000000 0.000000 0.000000 1.000000
0.996433 0.013679 -0.083272 0.000000 -0.014551 0.999845 -0.009875 29.149500 0.083124 0.011051 0.996478 1.721100 0.000000 0.000000 0.000000 1.000000
0.995901 0.001434 -0.090435 0.000000 -0.002773 0.999888 -0.014677 29.149500 0.090403 0.014867 0.995794 1.721100 0.000000 0.000000 0.000000 1.000000
0.995181 -0.009281 -0.097612 0.000000 0.007771 0.999844 -0.015839 29.149500 0.097743 0.015004 0.995099 1.721100 0.000000 0.000000 0.000000 1.000000
0.994667 -0.013815 -0.102208 -0.000000 0.012192 0.999790 -0.016485 29.149500 0.102415 0.015151 0.994626 1.721100 0.000000 0.000000 0.000000 1.000000
0.994249 -0.006122 -0.106920 -0.000000 0.003860 0.999765 -0.021343 29.149500 0.107025 0.020807 0.994039 1.721100 0.000000 0.000000 0.000000 1.000000
0.993949 0.004314 -0.109759 0.000000 -0.007143 0.999652 -0.025392 29.149500 0.109612 0.026022 0.993634 1.721100 0.000000 0.000000 0.000000 1.000000
0.993824 0.009646 -0.110546 0.000000 -0.013607 0.999290 -0.035128 29.149500 0.110129 0.036415 0.993250 1.721100 0.000000 0.000000 0.000000 1.000000
0.993417 0.017994 -0.113132 0.000000 -0.021946 0.999188 -0.033781 29.149500 0.112433 0.036042 0.993006 1.721100 0.000000 0.000000 0.000000 1.000000
0.993919 0.018389 -0.108568 0.000000 -0.022503 0.999069 -0.036796 29.149500 0.107790 0.039015 0.993408 1.721100 0.000000 0.000000 0.000000 1.000000
0.995049 0.019245 -0.097507 0.000000 -0.022705 0.999147 -0.034495 29.149500 0.096760 0.036538 0.994637 1.721100 0.000000 0.000000 0.000000 1.000000
0.995554 0.017143 -0.092620 0.000000 -0.020238 0.999264 -0.032578 29.149500 0.091993 0.034307 0.995168 1.721100 0.000000 0.000000 0.000000 1.000000
0.995958 0.013998 -0.088721 0.000000 -0.016473 0.999493 -0.027229 29.149500 0.088295 0.028581 0.995684 1.721100 0.000000 0.000000 0.000000 1.000000
0.996543 0.010515 -0.082408 0.000000 -0.012425 0.999665 -0.022699 29.149500 0.082142 0.023645 0.996340 1.721100 0.000000 0.000000 0.000000 1.000000
0.997234 0.008661 -0.073815 0.000000 -0.010134 0.999757 -0.019594 29.149500 0.073627 0.020288 0.997079 1.721100 0.000000 0.000000 0.000000 1.000000
0.997881 0.008636 -0.064492 0.000000 -0.009683 0.999826 -0.015929 29.149500 0.064343 0.016519 0.997791 1.721100 0.000000 0.000000 0.000000 1.000000
0.998278 0.009988 -0.057808 0.000000 -0.010741 0.999861 -0.012728 29.149500 0.057673 0.013327 0.998247 1.721100 0.000000 0.000000 0.000000 1.000000
0.998484 0.013227 -0.053429 0.000000 -0.013835 0.999844 -0.011026 29.149500 0.053274 0.011748 0.998511 1.721100 0.000000 0.000000 0.000000 1.000000
0.998622 0.016687 -0.049752 0.000000 -0.017177 0.999808 -0.009452 29.149500 0.049585 0.010294 0.998717 1.721100 0.000000 0.000000 0.000000 1.000000
0.998760 0.020955 -0.045151 0.000000 -0.021374 0.999733 -0.008814 29.149500 0.044954 0.009768 0.998941 1.721100 0.000000 0.000000 0.000000 1.000000
0.998916 0.025206 -0.039139 0.000000 -0.025577 0.999632 -0.009006 29.149500 0.038897 0.009997 0.999193 1.721100 0.000000 0.000000 0.000000 1.000000
0.998970 0.031049 -0.033074 0.000000 -0.031441 0.999440 -0.011411 29.149500 0.032702 0.012439 0.999388 1.721100 0.000000 0.000000 0.000000 1.000000
0.998910 0.038482 -0.026422 0.000000 -0.038827 0.999165 -0.012689 29.149500 0.025912 0.013701 0.999570 1.721100 0.000000 0.000000 0.000000 1.000000
0.998868 0.044595 -0.016556 0.000000 -0.044812 0.998911 -0.012969 29.149500 0.015960 0.013696 0.999779 1.721100 0.000000 0.000000 0.000000 1.000000
0.998444 0.055145 -0.008248 0.000000 -0.055258 0.998372 -0.014159 29.149500 0.007453 0.014592 0.999866 1.721100 0.000000 0.000000 0.000000 1.000000
0.998182 0.059984 -0.005950 0.000000 -0.060065 0.998087 -0.014621 29.149500 0.005062 0.014952 0.999875 1.721100 0.000000 0.000000 0.000000 1.000000
0.998592 0.052941 -0.003346 0.000000 -0.052977 0.998525 -0.011853 29.149500 0.002713 0.012013 0.999924 1.721100 0.000000 0.000000 0.000000 1.000000
0.997908 0.064339 -0.006281 0.000000 -0.064434 0.997788 -0.016346 29.149500 0.005215 0.016717 0.999847 1.721100 0.000000 0.000000 0.000000 1.000000
0.997490 0.066227 -0.025069 0.000000 -0.066464 0.997751 -0.008744 29.149500 0.024433 0.010388 0.999647 1.721100 0.000000 0.000000 0.000000 1.000000
0.997026 0.067373 -0.037431 0.000000 -0.067814 0.997641 -0.010650 29.149500 0.036625 0.013157 0.999242 1.721100 0.000000 0.000000 0.000000 1.000000
0.996634 0.072143 -0.038933 0.000000 -0.072722 0.997259 -0.013656 29.149500 0.037841 0.016442 0.999148 1.721100 0.000000 0.000000 0.000000 1.000000
0.996598 0.071753 -0.040539 0.000000 -0.072330 0.997297 -0.012954 29.149500 0.039500 0.015842 0.999094 1.721100 0.000000 0.000000 0.000000 1.000000
0.996588 0.072397 -0.039635 0.000000 -0.072914 0.997269 -0.011764 29.149500 0.038675 0.014614 0.999145 1.721100 0.000000 0.000000 0.000000 1.000000
0.996320 0.075516 -0.040547 0.000000 -0.076016 0.997047 -0.010922 29.149500 0.039603 0.013964 0.999118 1.721100 0.000000 0.000000 0.000000 1.000000
0.996216 0.075125 -0.043691 0.000000 -0.075541 0.997111 -0.007934 29.149500 0.042969 0.011204 0.999014 1.721100 0.000000 0.000000 0.000000 1.000000
0.996273 0.072141 -0.047274 0.000000 -0.072539 0.997343 -0.006748 29.149500 0.046661 0.010152 0.998859 1.721100 0.000000 0.000000 0.000000 1.000000
0.995666 0.077571 -0.051312 0.000000 -0.078252 0.996868 -0.011406 29.149500 0.050266 0.015371 0.998618 1.721100 0.000000 0.000000 0.000000 1.000000</float_array>
        <technique_common>
          <accessor source="#mixamorig_Spine2-Matrix-animation-output-transform-array" count="42" stride="16">
            <param type="float4x4"/>
          </accessor>
        </technique_common>
      </source>
      <source id="mixamorig_Spine2-Interpolations">
        <Name_array id="mixamorig_Spine2-Interpolations-array" count="42">
 LINEAR LINEAR LINEAR LINEAR LINEAR LINEAR LINEAR LINEAR LINEAR LINEAR LINEAR
LINEAR LINEAR LINEAR LINEAR LINEAR LINEAR LINEAR LINEAR LINEAR LINEAR LINEAR LINEAR
LINEAR LINEAR LINEAR LINEAR LINEAR LINEAR LINEAR LINEAR LINEAR LINEAR LINEAR LINEAR
LINEAR LINEAR LINEAR LINEAR LINEAR LINEAR LINEAR</Name_array>
        <technique_common>
          <accessor source="#mixamorig_Spine2-Interpolations-array" count="42">
            <param type="name"/>
          </accessor>
        </technique_common>
      </source>
      <sampler id="mixamorig_Spine2-Matrix-animation-transform">
        <input semantic="INPUT" source="#mixamorig_Spine2-Matrix-animation-input"/>
        <input semantic="OUTPUT" source="#mixamorig_Spine2-Matrix-animation-output-transform"/>
        <input semantic="INTERPOLATION" source="#mixamorig_Spine2-Interpolations"/>
      </sampler>
      <channel source="#mixamorig_Spine2-Matrix-animation-transform" target="mixamorig_Spine2/matrix"/>
    </animation>
    <animation id="mixamorig_Neck-anim" name="mixamorig_Neck">
      <source id="mixamorig_Neck-Matrix-animation-input">
        <float_array id="mixamorig_Neck-Matrix-animation-input-array" count="42">

0.000000 0.033333 0.066667 0.100000 0.133333 0.166667 0.200000 0.233333 0.266667 0.300000 0.333333 0.366667 0.400000 0.433333 0.466667 0.500000
0.533333 0.566667 0.600000 0.633333 0.666667 0.700000 0.733333 0.766667 0.800000 0.833333 0.866667 0.900000 0.933333 0.966667 1.000000 1.033333
1.066667 1.100000 1.133333 1.166667 1.200000 1.233333 1.266667 1.300000 1.333333 1.366667</float_array>
        <technique_common>
          <accessor source="#mixamorig_Neck-Matrix-animation-input-array" count="42">
            <param name="TIME" type="float"/>
          </accessor>
        </technique_common>
      </source>
      <source id="mixamorig_Neck-Matrix-animation-output-transform">
        <float_array id="mixamorig_Neck-Matrix-animation-output-transform-array" count="672">

0.866713 -0.036650 0.497458 0.000000 -0.117504 0.954229 0.275027 13.857900 -0.484769 -0.296823 0.822737 7.405300 0.000000 0.000000 0.000000 1.000000
0.867354 -0.040808 0.496016 -0.000000 -0.111918 0.955114 0.274284 13.857900 -0.484945 -0.293414 0.823855 7.405300 0.000000 0.000000 0.000000 1.000000
0.867674 -0.042396 0.495322 0.000000 -0.107928 0.956528 0.270934 13.857900 -0.485277 -0.288541 0.825379 7.405300 0.000000 0.000000 0.000000 1.000000
0.867098 -0.040738 0.496469 0.000000 -0.108248 0.957424 0.267621 13.857900 -0.486234 -0.285796 0.825771 7.405300 0.000000 0.000000 0.000000 1.000000
0.867415 -0.042337 0.495781 -0.000000 -0.109218 0.955876 0.272712 13.857900 -0.485451 -0.290703 0.824518 7.405300 0.000000 0.000000 0.000000 1.000000
0.865743 -0.039120 0.498958 0.000000 -0.115937 0.954149 0.275970 13.857900 -0.486876 -0.296766 0.821512 7.405300 0.000000 0.000000 0.000000 1.000000
0.866218 -0.027431 0.498912 0.000000 -0.123860 0.955540 0.267585 13.857900 -0.484071 -0.293582 0.824309 7.405300 0.000000 0.000000 0.000000 1.000000
0.871019 -0.004380 0.491230 0.000000 -0.130129 0.962182 0.239316 13.857900 -0.473701 -0.272372 0.837509 7.405300 0.000000 0.000000 0.000000 1.000000
0.879309 0.013267 0.476067 0.000000 -0.128885 0.968941 0.211051 13.857900 -0.458480 -0.246937 0.853708 7.405300 0.000000 0.000000 0.000000 1.000000
0.886823 0.026565 0.461346 0.000000 -0.129325 0.972721 0.192584 13.857900 -0.443645 -0.230451 0.866066 7.405300 0.000000 0.000000 0.000000 1.000000
0.889778 0.037990 0.454810 0.000000 -0.138650 0.971931 0.190067 13.857900 -0.434824 -0.232177 0.870070 7.405300 0.000000 0.000000 0.000000 1.000000
0.890008 0.047913 0.453420 0.000000 -0.153129 0.968111 0.198274 13.857900 -0.429461 -0.245898 0.868963 7.405300 0.000000 0.000000 0.000000 1.000000
0.888552 0.052076 0.455811 0.000000 -0.164180 0.963832 0.209934 13.857900 -0.428393 -0.261372 0.864965 7.405300 0.000000 0.000000 0.000000 1.000000
0.886838 0.045961 0.459789 0.000000 -0.165979 0.960318 0.224145 13.857900 -0.431242 -0.275096 0.859275 7.405300 0.000000 0.000000 0.000000 1.000000
0.885648 0.034773 0.463054 0.000000 -0.158486 0.959951 0.231035 13.857900 -0.436475 -0.278003 0.855689 7.405300 0.000000 0.000000 0.000000 1.000000
0.884023 0.015891 0.467174 0.000000 -0.144283 0.959897 0.240373 13.857900 -0.444619 -0.279901 0.850864 7.405300 0.000000 0.000000 0.000000 1.000000
0.883164 -0.009312 0.468972 0.000000 -0.123429 0.959954 0.251503 13.857900 -0.452533 -0.280003 0.846647 7.405300 0.000000 0.000000 0.000000 1.000000
0.882221 -0.037811 0.469316 0.000000 -0.100155 0.958887 0.265527 13.857900 -0.460061 -0.281258 0.842163 7.405300 0.000000 0.000000 0.000000 1.000000
0.881064 -0.062621 0.468834 0.000000 -0.076171 0.959476 0.271302 13.857900 -0.466824 -0.274746 0.840589 7.405300 0.000000 0.000000 0.000000 1.000000
0.878925 -0.083226 0.469642 0.000000 -0.055357 0.960204 0.273758 13.857900 -0.473736 -0.266611 0.839341 7.405300 0.000000 0.000000 0.000000 1.000000
0.875712 -0.098166 0.472750 0.000000 -0.041198 0.960351 0.275731 13.857900 -0.481073 -0.260938 0.836947 7.405300 0.000000 0.000000 0.000000 1.000000
0.872002 -0.107399 0.477575 0.000000 -0.034502 0.959722 0.278823 13.857900 -0.488284 -0.259612 0.833175 7.405300 0.000000 0.000000 0.000000 1.000000
0.868985 -0.114930 0.481307 0.000000 -0.029867 0.958699 0.282850 13.857900 -0.493937 -0.260168 0.829662 7.405300 0.000000 0.000000 0.000000 1.000000
0.867247 -0.122381 0.482603 0.000000 -0.024274 0.957773 0.286498 13.857900 -0.497287 -0.260180 0.827655 7.405300 0.000000 0.000000 0.000000 1.000000
0.867017 -0.127094 0.481797 0.000000 -0.018829 0.957876 0.286563 13.857900 -0.497923 -0.257527 0.828102 7.405300 0.000000 0.000000 0.000000 1.000000
0.867542 -0.127663 0.480700 0.000000 -0.015688 0.958992 0.282998 13.857900 -0.497116 -0.253054 0.829964 7.405300 0.000000 0.000000 0.000000 1.000000
0.867444 -0.124148 0.481796 0.000000 -0.017026 0.960394 0.278125 13.857900 -0.497243 -0.249460 0.830975 7.405300 0.000000 0.000000 0.000000 1.000000
