<?xml version="1.0" encoding="utf-8"?>
<COLLADA xmlns="http://www.collada.org/2005/11/COLLADASchema" version="1.4.1">
  <asset>
    <contributor>
      <author>Mixamo</author>
      <authoring_tool>COLLADA Mixamo exporter</authoring_tool>
      <comments/>
    </contributor>
    <created>2024-12-02T03:13:19Z</created>
    <modified>2024-12-02T03:13:19Z</modified>
    <revision/>
    <title/>
    <unit meter="0.010000"/>
    <up_axis>Y_UP</up_axis>
  </asset>
  <library_animations>
    <animation id="mixamorig_Hips-anim" name="mixamorig_Hips">
      <source id="mixamorig_Hips-Matrix-animation-input">
        <float_array id="mixamorig_Hips-Matrix-animation-input-array" count="157">

0.000000 0.033333 0.066667 0.100000 0.133333 0.166667 0.200000 0.233333 0.266667 0.300000 0.333333 0.366667 0.400000 0.433333 0.466667 0.500000
0.533333 0.566667 0.600000 0.633333 0.666667 0.700000 0.733333 0.766667 0.800000 0.833333 0.866667 0.900000 0.933333 0.966667 1.000000 1.033333
1.066667 1.100000 1.133333 1.166667 1.200000 1.233333 1.266667 1.300000 1.333333 1.366667 1.400000 1.433333 1.466667 1.500000 1.533333 1.566667
1.600000 1.633333 1.666667 1.700000 1.733333 1.766667 1.800000 1.833333 1.866667 1.900000 1.933333 1.966667 2.000000 2.033333 2.066667 2.100000
2.133333 2.166667 2.200000 2.233333 2.266667 2.300000 2.333333 2.366667 2.400000 2.433333 2.466667 2.500000 2.533333 2.566667 2.600000 2.633333
2.666667 2.700000 2.733333 2.766667 2.800000 2.833333 2.866667 2.900000 2.933333 2.966667 3.000000 3.033333 3.066667 3.100000 3.133333 3.166667
3.200000 3.233333 3.266667 3.300000 3.333333 3.366667 3.400000 3.433333 3.466667 3.500000 3.533333 3.566667 3.600000 3.633333 3.666667 3.700000
3.733333 3.766667 3.800000 3.833333 3.866667 3.900000 3.933333 3.966667 4.000000 4.033333 4.066667 4.100000 4.133333 4.166667 4.200000 4.233333
4.266667 4.300000 4.333333 4.366667 4.400000 4.433333 4.466667 4.500000 4.533333 4.566667 4.600000 4.633333 4.666667 4.700000 4.733333 4.766667
4.800000 4.833333 4.866667 4.900000 4.933333 4.966667 5.000000 5.033333 5.066667 5.100000 5.133333 5.166667 5.200000</float_array>
        <technique_common>
          <accessor source="#mixamorig_Hips-Matrix-animation-input-array" count="157">
            <param name="TIME" type="float"/>
          </accessor>
        </technique_common>
      </source>
      <source id="mixamorig_Hips-Matrix-animation-output-transform">
        <float_array id="mixamorig_Hips-Matrix-animation-output-transform-array" count="2512">

0.972661 -0.222570 0.066278 -0.214502 0.227294 0.970920 -0.075172 105.863182 -0.047619 0.088181 0.994966 1.878284 0.000000 0.000000 0.000000 1.000000
0.978350 -0.202203 0.044097 -1.531632 0.205154 0.975615 -0.078015 105.463020 -0.027247 0.085373 0.995976 2.932200 0.000000 0.000000 0.000000 1.000000
0.992230 -0.124420 -0.000462 -2.731412 0.123938 0.988698 -0.084357 104.023994 0.010953 0.083644 0.996436 4.064782 0.000000 0.000000 0.000000 1.000000
0.998330 -0.018965 -0.054565 -3.907647 0.014318 0.996335 -0.084333 102.343529 0.055964 0.083411 0.994943 5.377152 0.000000 0.000000 0.000000 1.000000
0.991527 0.076603 -0.104914 -5.183686 -0.084488 0.993755 -0.072889 101.012619 0.098675 0.081135 0.991807 7.076326 0.000000 0.000000 0.000000 1.000000
0.977604 0.151230 -0.146354 -6.262505 -0.160063 0.985813 -0.050524 100.274887 0.136637 0.072819 0.987941 9.044694 0.000000 0.000000 0.000000 1.000000
0.960916 0.211632 -0.178474 -6.957236 -0.218029 0.975798 -0.016791 99.437195 0.170601 0.055048 0.983801 11.424797 0.000000 0.000000 0.000000 1.000000
0.946612 0.253379 -0.199312 -7.298383 -0.255165 0.966746 0.017113 98.238564 0.197020 0.034658 0.979787 13.783506 0.000000 0.000000 0.000000 1.000000
0.939988 0.267083 -0.212342 -7.164499 -0.265072 0.963463 0.038428 97.287453 0.214847 0.020165 0.976439 15.985959 0.000000 0.000000 0.000000 1.000000
0.943665 0.250075 -0.216701 -6.377867 -0.246796 0.968134 0.042519 96.782066 0.220428 0.013357 0.975312 17.776264 0.000000 0.000000 0.000000 1.000000
0.958386 0.193610 -0.209789 -5.077092 -0.190911 0.981044 0.033238 96.695213 0.212247 0.008196 0.977182 19.554022 0.000000 0.000000 0.000000 1.000000
0.977387 0.101252 -0.185643 -3.778281 -0.099665 0.994860 0.017886 96.859612 0.186500 0.001021 0.982454 21.355444 0.000000 0.000000 0.000000 1.000000
0.989436 0.002882 -0.144944 -2.558594 -0.002420 0.999991 0.003362 97.529617 0.144952 -0.002976 0.989434 23.155024 0.000000 0.000000 0.000000 1.000000
0.991612 -0.085592 -0.096848 -1.601972 0.085373 0.996328 -0.006419 99.200119 0.097042 -0.001903 0.995279 25.154135 0.000000 0.000000 0.000000 1.000000
0.985353 -0.162280 -0.052397 -0.814759 0.162005 0.986744 -0.009498 101.282227 0.053244 0.000870 0.998581 27.337656 0.000000 0.000000 0.000000 1.000000
0.972872 -0.231070 -0.011258 -0.155475 0.231034 0.972936 -0.004465 102.674057 0.011985 0.001743 0.999927 29.750418 0.000000 0.000000 0.000000 1.000000
0.955136 -0.294411 0.032202 0.204439 0.294291 0.955678 0.008521 102.735382 -0.033283 0.001338 0.999445 32.140678 0.000000 0.000000 0.000000 1.000000
0.933833 -0.349847 0.074588 0.240623 0.349010 0.936801 0.024400 101.437469 -0.078410 0.003246 0.996916 34.360168 0.000000 0.000000 0.000000 1.000000
0.916428 -0.387743 0.099069 -0.009833 0.386545 0.921722 0.031808 99.652435 -0.103648 0.009145 0.994572 36.436008 0.000000 0.000000 0.000000 1.000000
0.917556 -0.386876 0.091748 -0.580068 0.386671 0.921985 0.020726 99.282516 -0.092609 0.016459 0.995566 38.476578 0.000000 0.000000 0.000000 1.000000
0.937993 -0.341913 0.057131 -1.668388 0.342727 0.939422 -0.004825 100.194885 -0.052020 0.024106 0.998355 40.917564 0.000000 0.000000 0.000000 1.000000
0.968839 -0.247286 0.014155 -3.128145 0.247605 0.968429 -0.028951 100.920586 -0.006549 0.031553 0.999481 43.601364 0.000000 0.000000 0.000000 1.000000
0.992326 -0.122386 -0.017620 -4.593853 0.121611 0.991777 -0.039861 100.806511 0.022353 0.037412 0.999050 46.321262 0.000000 0.000000 0.000000 1.000000
0.999505 -0.004641 -0.031127 -6.197211 0.003493 0.999314 -0.036860 100.359444 0.031276 0.036733 0.998836 49.129192 0.000000 0.000000 0.000000 1.000000
0.994416 0.098825 -0.037016 -7.839880 -0.099739 0.994731 -0.023729 99.992142 0.034476 0.027289 0.999033 52.038136 0.000000 0.000000 0.000000 1.000000
0.981421 0.186467 -0.045204 -9.399503 -0.186784 0.982397 -0.002874 99.713661 0.043872 0.011264 0.998974 54.907402 0.000000 0.000000 0.000000 1.000000
0.966611 0.250234 -0.055186 -10.776617 -0.249396 0.968159 0.021685 99.494659 0.058856 -0.007198 0.998241 57.527527 0.000000 0.000000 0.000000 1.000000
0.956950 0.284045 -0.059708 -11.797105 -0.281896 0.958528 0.041944 99.057533 0.069146 -0.023307 0.997334 60.011353 0.000000 0.000000 0.000000 1.000000
0.957653 0.283451 -0.050552 -12.167055 -0.281132 0.958448 0.048399 98.895439 0.062170 -0.032138 0.997548 62.360340 0.000000 0.000000 0.000000 1.000000
0.966777 0.254046 -0.028332 -11.646633 -0.252925 0.966742 0.037933 98.886818 0.037027 -0.029507 0.998879 64.998138 0.000000 0.000000 0.000000 1.000000
0.983163 0.182733 0.000153 -10.472407 -0.182706 0.983002 0.018031 99.345383 0.003144 -0.017755 0.999837 67.841690 0.000000 0.000000 0.000000 1.000000
0.996449 0.080001 0.026259 -9.133171 -0.080110 0.996781 0.003100 99.779549 -0.025926 -0.005193 0.999650 70.788666 0.000000 0.000000 0.000000 1.000000
0.998875 -0.018966 0.043460 -7.801256 0.018914 0.999820 0.001606 100.521301 -0.043482 -0.000783 0.999054 73.942017 0.000000 0.000000 0.000000 1.000000
0.993676 -0.099555 0.051921 -6.578101 0.099174 0.995021 0.009876 101.737137 -0.052646 -0.004664 0.998602 77.356461 0.000000 0.000000 0.000000 1.000000
0.984655 -0.166288 0.052948 -5.444392 0.165361 0.986000 0.021462 103.022728 -0.055776 -0.012377 0.998367 80.858551 0.000000 0.000000 0.000000 1.000000
0.972808 -0.226607 0.047895 -4.294481 0.225060 0.973694 0.035615 103.787193 -0.054706 -0.023867 0.998217 84.245865 0.000000 0.000000 0.000000 1.000000
0.960306 -0.275837 0.041558 -3.326644 0.273517 0.960355 0.053922 103.513832 -0.054784 -0.040414 0.997680 87.571442 0.000000 0.000000 0.000000 1.000000
0.950048 -0.309720 0.038513 -2.806170 0.306490 0.949127 0.072267 102.082794 -0.058936 -0.056853 0.996641 91.019897 0.000000 0.000000 0.000000 1.000000
0.943747 -0.328716 0.035877 -2.951046 0.325158 0.942267 0.080037 100.141022 -0.060116 -0.063869 0.996146 94.759438 0.000000 0.000000 0.000000 1.000000
0.948099 -0.317080 0.023825 -3.673301 0.314815 0.946577 0.069880 99.466026 -0.044709 -0.058752 0.997271 97.931854 0.000000 0.000000 0.000000 1.000000
0.962352 -0.271796 0.002283 -4.918040 0.271361 0.961225 0.049088 99.663483 -0.015537 -0.046621 0.998792 100.621307 0.000000 0.000000 0.000000 1.000000
0.981519 -0.190568 -0.017423 -6.410285 0.191050 0.981048 0.032335 99.508476 0.010930 -0.035066 0.999325 103.085976 0.000000 0.000000 0.000000 1.000000
0.995732 -0.089639 -0.021958 -8.088452 0.090238 0.995526 0.028026 98.468300 0.019348 -0.029888 0.999366 105.981979 0.000000 0.000000 0.000000 1.000000
0.999857 0.010120 -0.013564 -9.735590 -0.009653 0.999374 0.034037 97.675697 0.013900 -0.033901 0.999329 109.676727 0.000000 0.000000 0.000000 1.000000
0.994425 0.105047 -0.009174 -11.354719 -0.104509 0.993422 0.046815 97.195015 0.014032 -0.045595 0.998861 114.088966 0.000000 0.000000 0.000000 1.000000
0.982101 0.187130 -0.021465 -13.019760 -0.185328 0.980368 0.067326 97.204041 0.033643 -0.062143 0.997500 118.545586 0.000000 0.000000 0.000000 1.000000
0.968154 0.246116 -0.045877 -14.771322 -0.241005 0.965826 0.095373 97.769768 0.067782 -0.081279 0.994384 122.416191 0.000000 0.000000 0.000000 1.000000
0.959622 0.274119 -0.063128 -16.335648 -0.265092 0.956346 0.122995 98.807678 0.094087 -0.101294 0.990397 125.479111 0.000000 0.000000 0.000000 1.000000
0.962969 0.263327 -0.057883 -17.298786 -0.253450 0.957347 0.138743 100.067993 0.091949 -0.118935 0.988635 127.874374 0.000000 0.000000 0.000000 1.000000
0.973330 0.226279 -0.037776 -17.197655 -0.219159 0.965817 0.138447 101.017014 0.067813 -0.126476 0.989649 130.572998 0.000000 0.000000 0.000000 1.000000
0.986430 0.163039 -0.019330 -16.111691 -0.159413 0.979288 0.124830 101.511658 0.039282 -0.120054 0.991990 133.718277 0.000000 0.000000 0.000000 1.000000
0.997929 0.063644 -0.009366 -14.646887 -0.062360 0.992818 0.102096 101.717880 0.015797 -0.101300 0.994731 136.406601 0.000000 0.000000 0.000000 1.000000
0.999469 -0.032270 -0.004486 -13.299833 0.032516 0.996630 0.075313 102.353401 0.002040 -0.075419 0.997150 138.515686 0.000000 0.000000 0.000000 1.000000
0.995478 -0.094748 0.006870 -12.412882 0.094275 0.994229 0.051197 103.757408 -0.011681 -0.050318 0.998665 140.445267 0.000000 0.000000 0.000000 1.000000
0.992142 -0.121422 0.030178 -12.009578 0.120317 0.992080 0.036077 105.129379 -0.034320 -0.032163 0.998893 142.500732 0.000000 0.000000 0.000000 1.000000
0.989584 -0.129685 0.062491 -11.845593 0.127802 0.991242 0.033258 105.841789 -0.066257 -0.024925 0.997491 144.597855 0.000000 0.000000 0.000000 1.000000
0.985155 -0.141683 0.096931 -11.914896 0.138047 0.989480 0.043278 105.698334 -0.102043 -0.029254 0.994350 146.448425 0.000000 0.000000 0.000000 1.000000
0.980153 -0.159041 0.118351 -12.304334 0.152778 0.986420 0.060284 104.427322 -0.126332 -0.041006 0.991140 147.688675 0.000000 0.000000 0.000000 1.000000
0.979675 -0.164172 0.115254 -12.917566 0.156295 0.984904 0.074407 102.955086 -0.125729 -0.054881 0.990545 148.024261 0.000000 0.000000 0.000000 1.000000
0.982857 -0.158841 0.093602 -13.746120 0.151267 0.984990 0.083149 101.642830 -0.105405 -0.067565 0.992131 147.695831 0.000000 0.000000 0.000000 1.000000
0.986510 -0.148190 0.069555 -14.660970 0.141367 0.985438 0.094484 100.988213 -0.082544 -0.083376 0.993094 147.235031 0.000000 0.000000 0.000000 1.000000
0.989823 -0.131395 0.054647 -15.480573 0.124452 0.985498 0.115352 101.375076 -0.069011 -0.107377 0.991820 147.055695 0.000000 0.000000 0.000000 1.000000
0.992538 -0.111515 0.049315 -16.001129 0.103846 0.985053 0.137425 103.032753 -0.063903 -0.131279 0.989284 147.196014 0.000000 0.000000 0.000000 1.000000
0.994184 -0.097165 0.046452 -16.065878 0.089989 0.986426 0.137352 106.564568 -0.059167 -0.132373 0.989432 147.157776 0.000000 0.000000 0.000000 1.000000
0.995034 -0.089650 0.043249 -15.711407 0.085149 0.991675 0.096588 111.736977 -0.051548 -0.092426 0.994384 146.456131 0.000000 0.000000 0.000000 1.000000
0.996118 -0.076737 0.043127 -15.164444 0.075911 0.996904 0.020486 117.087601 -0.044565 -0.017132 0.998860 144.895157 0.000000 0.000000 0.000000 1.000000
0.998464 -0.040926 0.037356 -14.395163 0.043224 0.997080 -0.062952 121.121056 -0.034671 0.064470 0.997317 142.909683 0.000000 0.000000 0.000000 1.000000
0.998852 -0.027605 0.039160 -14.054964 0.032192 0.992029 -0.121831 125.084892 -0.035484 0.122952 0.991778 140.005249 0.000000 0.000000 0.000000 1.000000
0.999201 -0.019196 0.035058 -13.926592 0.024155 0.988839 -0.147016 127.906921 -0.031845 0.147745 0.988513 136.896774 0.000000 0.000000 0.000000 1.000000
0.999629 -0.014054 0.023342 -14.054345 0.017437 0.988267 -0.151739 129.483780 -0.020936 0.152089 0.988145 134.007614 0.000000 0.000000 0.000000 1.000000
0.999985 -0.004103 0.003539 -14.310850 0.004598 0.988086 -0.153833 129.903473 -0.002866 0.153847 0.988091 131.479355 0.000000 0.000000 0.000000 1.000000
0.999727 0.011224 -0.020474 -14.511290 -0.014376 0.986852 -0.160986 129.244781 0.018397 0.161237 0.986744 129.113464 0.000000 0.000000 0.000000 1.000000
0.998837 0.023421 -0.042148 -14.653300 -0.030337 0.984671 -0.171765 127.507874 0.037479 0.172844 0.984236 126.669777 0.000000 0.000000 0.000000 1.000000
0.998084 0.026483 -0.055922 -14.862432 -0.036323 0.982435 -0.183037 124.685089 0.050092 0.184717 0.981514 123.988693 0.000000 0.000000 0.000000 1.000000
0.997757 0.027054 -0.061233 -14.978002 -0.038581 0.979902 -0.195712 120.727905 0.054707 0.197636 0.978748 121.043808 0.000000 0.000000 0.000000 1.000000
0.997959 0.029076 -0.056853 -15.178131 -0.040741 0.975487 -0.216252 115.174141 0.049172 0.218127 0.974681 118.000610 0.000000 0.000000 0.000000 1.000000
0.998414 0.034588 -0.044428 -15.248463 -0.044616 0.967332 -0.249555 108.953484 0.034345 0.251142 0.967341 114.510208 0.000000 0.000000 0.000000 1.000000
0.999110 0.033404 -0.025744 -15.382649 -0.039399 0.957061 -0.287198 103.001900 0.015045 0.287956 0.957525 110.652252 0.000000 0.000000 0.000000 1.000000
0.999826 0.017682 -0.005867 -15.455257 -0.018629 0.951427 -0.307310 96.657478 0.000148 0.307366 0.951591 106.936440 0.000000 0.000000 0.000000 1.000000
0.999827 -0.014646 0.011445 -15.533601 0.017349 0.956317 -0.291816 89.817688 -0.006671 0.291964 0.956406 104.224716 0.000000 0.000000 0.000000 1.000000
0.998483 -0.047897 0.027147 -15.509480 0.053051 0.968883 -0.241768 85.275513 -0.014722 0.242841 0.969954 102.647751 0.000000 0.000000 0.000000 1.000000
0.996613 -0.067838 0.046473 -15.585384 0.074978 0.981738 -0.174841 84.188210 -0.033763 0.177734 0.983499 102.003166 0.000000 0.000000 0.000000 1.000000
0.995047 -0.068899 0.071648 -15.742768 0.076613 0.990844 -0.111170 86.494087 -0.063332 0.116108 0.991215 101.945107 0.000000 0.000000 0.000000 1.000000
0.993342 -0.058440 0.099281 -15.797367 0.065201 0.995669 -0.066271 91.879936 -0.094978 0.072303 0.992850 101.955925 0.000000 0.000000 0.000000 1.000000
0.991583 -0.046689 0.120758 -15.706156 0.053486 0.997126 -0.053666 99.178413 -0.117905 0.059673 0.991230 101.827339 0.000000 0.000000 0.000000 1.000000
0.991602 -0.031814 0.125354 -15.121002 0.042147 0.995850 -0.080661 106.825783 -0.122268 0.085267 0.988828 101.365715 0.000000 0.000000 0.000000 1.000000
0.993648 -0.024324 0.109873 -14.875977 0.039253 0.989955 -0.135826 113.110107 -0.105466 0.139276 0.984621 100.410065 0.000000 0.000000 0.000000 1.000000
0.996066 -0.028921 0.083760 -15.259060 0.044513 0.980630 -0.190743 118.061401 -0.076621 0.193721 0.978060 98.614471 0.000000 0.000000 0.000000 1.000000
0.998344 -0.027450 0.050557 -15.070293 0.038119 0.973844 -0.223998 122.130409 -0.043086 0.225554 0.973277 95.967522 0.000000 0.000000 0.000000 1.000000
0.999293 -0.027307 0.025837 -14.808165 0.032644 0.971169 -0.236145 124.795898 -0.018644 0.236822 0.971374 93.062904 0.000000 0.000000 0.000000 1.000000
0.999529 -0.027198 0.014236 -14.554060 0.029829 0.970044 -0.241092 126.145134 -0.007252 0.241403 0.970398 90.371689 0.000000 0.000000 0.000000 1.000000
0.999582 -0.027008 0.010337 -14.401286 0.028732 0.968117 -0.248847 126.370300 -0.003287 0.249040 0.968488 87.996941 0.000000 0.000000 0.000000 1.000000
0.999624 -0.026291 0.007817 -14.212385 0.027419 0.965352 -0.259506 125.503799 -0.000723 0.259622 0.965710 85.759109 0.000000 0.000000 0.000000 1.000000
0.999648 -0.025703 0.006561 -13.929741 0.026521 0.962856 -0.268708 123.607735 0.000590 0.268788 0.963199 83.413521 0.000000 0.000000 0.000000 1.000000
0.999544 -0.028493 0.010005 -13.758957 0.030146 0.960980 -0.274970 120.556801 -0.001780 0.275147 0.961401 80.879990 0.000000 0.000000 0.000000 1.000000
0.999327 -0.032407 0.017191 -13.674761 0.035945 0.958640 -0.282344 116.155563 -0.007330 0.282772 0.959159 78.129471 0.000000 0.000000 0.000000 1.000000
0.999297 -0.029498 0.023156 -13.410595 0.035032 0.954631 -0.295725 110.740799 -0.013382 0.296328 0.954993 75.073334 0.000000 0.000000 0.000000 1.000000
0.999241 -0.026261 0.028762 -13.317195 0.033928 0.949572 -0.311707 105.446190 -0.019126 0.312446 0.949743 71.514046 0.000000 0.000000 0.000000 1.000000
0.998966 -0.030132 0.034045 -13.627578 0.039358 0.948008 -0.315805 99.239288 -0.022759 0.316818 0.948213 67.912361 0.000000 0.000000 0.000000 1.000000
0.998416 -0.038771 0.040783 -13.814773 0.049002 0.955336 -0.291432 92.051086 -0.027663 0.292968 0.955722 64.855316 0.000000 0.000000 0.000000 1.000000
0.997170 -0.048483 0.057463 -13.734399 0.060661 0.970350 -0.233968 86.182327 -0.044416 0.236792 0.970545 62.989719 0.000000 0.000000 0.000000 1.000000
0.994439 -0.057315 0.088349 -13.635443 0.070703 0.985104 -0.156754 84.007202 -0.078048 0.162129 0.983678 62.183098 0.000000 0.000000 0.000000 1.000000
0.990022 -0.064860 0.125101 -13.611324 0.075732 0.993567 -0.084202 86.123207 -0.118834 0.092836 0.988565 62.015518 0.000000 0.000000 0.000000 1.000000
0.985339 -0.071036 0.155116 -13.631030 0.078121 0.996139 -0.040061 92.367645 -0.151671 0.051592 0.987084 61.787792 0.000000 0.000000 0.000000 1.000000
0.983039 -0.067837 0.170388 -13.376666 0.075532 0.996377 -0.039084 100.933472 -0.167120 0.051291 0.984602 61.094688 0.000000 0.000000 0.000000 1.000000
0.985312 -0.044636 0.164826 -12.474073 0.058342 0.995144 -0.079274 108.227859 -0.160488 0.087726 0.983132 59.934742 0.000000 0.000000 0.000000 1.000000
0.988973 -0.028546 0.145318 -12.404893 0.048747 0.989314 -0.137412 113.799408 -0.139843 0.142981 0.979796 58.101841 0.000000 0.000000 0.000000 1.000000
0.991986 -0.027247 0.123371 -13.059148 0.049883 0.981603 -0.184302 117.915550 -0.116080 0.188979 0.975096 55.591801 0.000000 0.000000 0.000000 1.000000
0.994881 -0.022639 0.098489 -13.022555 0.042929 0.976955 -0.209084 121.164772 -0.091485 0.212242 0.972925 52.490086 0.000000 0.000000 0.000000 1.000000
0.996394 -0.022739 0.081747 -12.895640 0.040325 0.974569 -0.220428 123.177536 -0.074656 0.222930 0.971972 49.239182 0.000000 0.000000 0.000000 1.000000
0.997034 -0.024464 0.072964 -12.721467 0.040571 0.972762 -0.228228 123.865654 -0.065393 0.230512 0.970870 46.254498 0.000000 0.000000 0.000000 1.000000
0.997513 -0.024120 0.066230 -12.577387 0.038936 0.971812 -0.232519 123.386154 -0.058755 0.234519 0.970334 43.581848 0.000000 0.000000 0.000000 1.000000
0.998073 -0.019917 0.058770 -12.412382 0.032993 0.972453 -0.230752 121.892273 -0.052555 0.232247 0.971236 40.951355 0.000000 0.000000 0.000000 1.000000
0.998471 -0.014436 0.053366 -12.362974 0.026157 0.973784 -0.225967 119.114594 -0.048705 0.227017 0.972672 38.188015 0.000000 0.000000 0.000000 1.000000
0.998617 -0.008579 0.051875 -12.348324 0.020091 0.973996 -0.225672 114.847916 -0.048590 0.226402 0.972821 35.272160 0.000000 0.000000 0.000000 1.000000
0.998443 -0.002832 0.055717 -12.170486 0.015922 0.971640 -0.235930 109.136810 -0.053469 0.236450 0.970171 32.315151 0.000000 0.000000 0.000000 1.000000
0.997765 0.001062 0.066809 -11.805440 0.016062 0.966740 -0.255257 102.978584 -0.064858 0.255759 0.964562 29.033596 0.000000 0.000000 0.000000 1.000000
0.996115 -0.013749 0.086976 -12.335960 0.036971 0.961760 -0.271388 97.812576 -0.079919 0.273549 0.958532 25.544662 0.000000 0.000000 0.000000 1.000000
0.993920 -0.037422 0.103553 -12.978234 0.064020 0.961571 -0.266989 91.538025 -0.089583 0.271995 0.958120 22.484529 0.000000 0.000000 0.000000 1.000000
0.992351 -0.054270 0.110877 -12.774772 0.079098 0.969114 -0.233586 86.371628 -0.094776 0.240569 0.965994 20.396753 0.000000 0.000000 0.000000 1.000000
0.990589 -0.068490 0.118498 -12.452082 0.089186 0.979749 -0.179273 85.143875 -0.103820 0.188154 0.976637 19.074570 0.000000 0.000000 0.000000 1.000000
0.988755 -0.072511 0.130790 -12.085038 0.089184 0.987950 -0.126494 88.105988 -0.120042 0.136736 0.983307 18.567795 0.000000 0.000000 0.000000 1.000000
0.987248 -0.063204 0.146102 -11.683079 0.078210 0.991973 -0.099358 94.930420 -0.138649 0.109518 0.984267 18.542164 0.000000 0.000000 0.000000 1.000000
0.987005 -0.035221 0.156785 -10.774625 0.052917 0.992503 -0.110168 104.339508 -0.151729 0.117033 0.981469 18.548973 0.000000 0.000000 0.000000 1.000000
0.987799 0.001986 0.155722 -9.489185 0.022101 0.988011 -0.152794 111.460846 -0.154159 0.154371 0.975912 18.288851 0.000000 0.000000 0.000000 1.000000
0.987207 0.005996 0.159328 -9.880089 0.026682 0.978987 -0.202168 116.759445 -0.157192 0.203833 0.966304 17.014915 0.000000 0.000000 0.000000 1.000000
0.986798 0.005433 0.161867 -9.798880 0.032464 0.972518 -0.230553 121.226791 -0.158671 0.232764 0.959502 14.561743 0.000000 0.000000 0.000000 1.000000
0.986535 -0.004814 0.163479 -9.895334 0.043137 0.971831 -0.231698 124.691818 -0.157759 0.235630 0.958953 11.448595 0.000000 0.000000 0.000000 1.000000
0.987622 -0.009279 0.156581 -9.806577 0.044951 0.973122 -0.225861 126.653770 -0.150276 0.230104 0.961493 8.558722 0.000000 0.000000 0.000000 1.000000
0.989899 -0.002868 0.141747 -9.675017 0.036259 0.971667 -0.233557 127.402245 -0.137061 0.236337 0.961956 6.221550 0.000000 0.000000 0.000000 1.000000
0.992084 0.012361 0.124965 -9.473129 0.019666 0.967570 -0.251836 127.108421 -0.124025 0.252300 0.959668 4.253224 0.000000 0.000000 0.000000 1.000000
0.992968 0.025299 0.115649 -9.368899 0.005906 0.965094 -0.261835 125.926964 -0.118237 0.260677 0.958158 2.275847 0.000000 0.000000 0.000000 1.000000
0.992632 0.028622 0.117742 -9.484910 0.002234 0.967214 -0.253954 123.681168 -0.121150 0.252346 0.960023 0.121879 0.000000 0.000000 0.000000 1.000000
0.991662 0.028352 0.125712 -9.826708 0.002452 0.971171 -0.238373 120.258125 -0.128846 0.236693 0.963003 -2.082451 0.000000 0.000000 0.000000 1.000000
0.990341 0.035790 0.133952 -10.285556 -0.004069 0.973197 -0.229938 115.561569 -0.138591 0.227172 0.963943 -4.145003 0.000000 0.000000 0.000000 1.000000
0.987884 0.050170 0.146860 -10.966728 -0.015804 0.973907 -0.226395 110.750755 -0.154386 0.221331 0.962901 -5.977916 0.000000 0.000000 0.000000 1.000000
0.984137 0.047641 0.170894 -12.215654 -0.010698 0.977452 -0.210886 106.873154 -0.177087 0.205712 0.962457 -8.261667 0.000000 0.000000 0.000000 1.000000
0.982080 0.060056 0.178640 -12.742282 -0.027931 0.983782 -0.177181 101.182365 -0.186384 0.169016 0.967830 -10.513719 0.000000 0.000000 0.000000 1.000000
0.984313 0.096035 0.148007 -12.235415 -0.075010 0.987075 -0.141619 98.366547 -0.159694 0.128295 0.978794 -12.361667 0.000000 0.000000 0.000000 1.000000
0.986560 0.147076 0.071193 -10.861309 -0.137593 0.982753 -0.123548 99.015366 -0.088136 0.112091 0.989782 -13.562106 0.000000 0.000000 0.000000 1.000000
0.983721 0.178368 -0.021871 -9.686401 -0.179701 0.975727 -0.125154 100.656097 -0.000983 0.127047 0.991896 -14.149757 0.000000 0.000000 0.000000 1.000000
0.973251 0.212149 -0.088177 -8.810022 -0.222735 0.965376 -0.135788 103.795113 0.056317 0.151796 0.986806 -13.555014 0.000000 0.000000 0.000000 1.000000
0.966874 0.232359 -0.105660 -8.155486 -0.246452 0.957566 -0.149426 107.721886 0.066456 0.170516 0.983111 -12.248325 0.000000 0.000000 0.000000 1.000000
0.968047 0.236563 -0.083207 -7.419036 -0.247550 0.954481 -0.166388 111.178856 0.040058 0.181670 0.982543 -10.499777 0.000000 0.000000 0.000000 1.000000
0.971606 0.231586 -0.048483 -6.760085 -0.236578 0.954073 -0.183783 113.331818 0.003694 0.190035 0.981770 -8.716342 0.000000 0.000000 0.000000 1.000000
0.974300 0.223518 -0.027910 -6.246080 -0.224661 0.955268 -0.192329 114.176628 -0.016327 0.193657 0.980933 -7.134229 0.000000 0.000000 0.000000 1.000000
0.975047 0.219171 -0.035333 -5.265424 -0.221917 0.957902 -0.182142 114.323418 -0.006075 0.185438 0.982637 -5.926418 0.000000 0.000000 0.000000 1.000000
0.974476 0.215296 -0.063598 -3.886952 -0.222739 0.962595 -0.154264 113.758217 0.028007 0.164492 0.985981 -4.936090 0.000000 0.000000 0.000000 1.000000
0.973052 0.209909 -0.095436 -2.193762 -0.220753 0.967600 -0.122553 112.617668 0.066619 0.140318 0.987863 -4.134698 0.000000 0.000000 0.000000 1.000000
0.973805 0.197066 -0.113439 -0.544126 -0.208740 0.972607 -0.102294 111.178551 0.090172 0.123294 0.988265 -3.607720 0.000000 0.000000 0.000000 1.000000
0.979674 0.168960 -0.108129 0.591054 -0.179395 0.979143 -0.095375 109.811134 0.089759 0.112835 0.989551 -3.295731 0.000000 0.000000 0.000000 1.000000
0.989051 0.123423 -0.080896 1.071378 -0.130924 0.986819 -0.095118 108.582062 0.068090 0.104668 0.992174 -2.925745 0.000000 0.000000 0.000000 1.000000
0.997070 0.061316 -0.045737 1.340408 -0.065522 0.993127 -0.096986 107.453293 0.039476 0.099699 0.994234 -2.292165 0.000000 0.000000 0.000000 1.000000
0.999732 -0.022604 -0.005090 1.356508 0.022007 0.995080 -0.096598 106.587730 0.007248 0.096460 0.995310 -1.373529 0.000000 0.000000 0.000000 1.000000
0.992606 -0.116360 0.034546 1.077525 0.119058 0.988756 -0.090476 106.032623 -0.023629 0.093920 0.995299 -0.268446 0.000000 0.000000 0.000000 1.000000
0.979825 -0.190102 0.061682 0.607185 0.194741 0.977522 -0.080785 106.029190 -0.044939 0.091167 0.994821 0.841064 0.000000 0.000000 0.000000 1.000000
0.972661 -0.222570 0.066278 -0.214499 0.227294 0.970920 -0.075172 105.863190 -0.047619 0.088181 0.994966 1.878286 0.000000 0.000000 0.000000 1.000000</float_array>
        <technique_common>
          <accessor source="#mixamorig_Hips-Matrix-animation-output-transform-array" count="157" stride="16">
            <param type="float4x4"/>
          </accessor>
        </technique_common>
      </source>
      <source id="mixamorig_Hips-Interpolations">
        <Name_array id="mixamorig_Hips-Interpolations-array" count="157">
 LINEAR LINEAR LINEAR LINEAR LINEAR LINEAR LINEAR LINEAR LINEAR LINEAR LINEAR
LINEAR LINEAR LINEAR LINEAR LINEAR LINEAR LINEAR LINEAR LINEAR LINEAR LINEAR LINEAR
LINEAR LINEAR LINEAR LINEAR LINEAR LINEAR LINEAR LINEAR LINEAR LINEAR LINEAR LINEAR
LINEAR LINEAR LINEAR LINEAR LINEAR LINEAR LINEAR LINEAR LINEAR LINEAR LINEAR LINEAR
LINEAR LINEAR LINEAR LINEAR LINEAR LINEAR LINEAR LINEAR LINEAR LINEAR LINEAR LINEAR
LINEAR LINEAR LINEAR LINEAR LINEAR LINEAR LINEAR LINEAR LINEAR LINEAR LINEAR LINEAR
LINEAR LINEAR LINEAR LINEAR LINEAR LINEAR LINEAR LINEAR LINEAR LINEAR LINEAR LINEAR
LINEAR LINEAR LINEAR LINEAR LINEAR LINEAR LINEAR LINEAR LINEAR LINEAR LINEAR LINEAR
LINEAR LINEAR LINEAR LINEAR LINEAR LINEAR LINEAR LINEAR LINEAR LINEAR LINEAR LINEAR
LINEAR LINEAR LINEAR LINEAR LINEAR LINEAR LINEAR LINEAR LINEAR LINEAR LINEAR LINEAR
LINEAR LINEAR LINEAR LINEAR LINEAR LINEAR LINEAR LINEAR LINEAR LINEAR LINEAR LINEAR
LINEAR LINEAR LINEAR LINEAR LINEAR LINEAR LINEAR LINEAR LINEAR LINEAR LINEAR LINEAR
LINEAR LINEAR LINEAR LINEAR LINEAR LINEAR LINEAR LINEAR LINEAR LINEAR LINEAR LINEAR
LINEAR LINEAR</Name_array>
        <technique_common>
          <accessor source="#mixamorig_Hips-Interpolations-array" count="157">
            <param type="name"/>
          </accessor>
        </technique_common>
      </source>
      <sampler id="mixamorig_Hips-Matrix-animation-transform">
        <input semantic="INPUT" source="#mixamorig_Hips-Matrix-animation-input"/>
        <input semantic="OUTPUT" source="#mixamorig_Hips-Matrix-animation-output-transform"/>
        <input semantic="INTERPOLATION" source="#mixamorig_Hips-Interpolations"/>
      </sampler>
      <channel source="#mixamorig_Hips-Matrix-animation-transform" target="mixamorig_Hips/matrix"/>
    </animation>
    <animation id="mixamorig_Spine-anim" name="mixamorig_Spine">
      <source id="mixamorig_Spine-Matrix-animation-input">
        <float_array id="mixamorig_Spine-Matrix-animation-input-array" count="157">

0.000000 0.033333 0.066667 0.100000 0.133333 0.166667 0.200000 0.233333 0.266667 0.300000 0.333333 0.366667 0.400000 0.433333 0.466667 0.500000
0.533333 0.566667 0.600000 0.633333 0.666667 0.700000 0.733333 0.766667 0.800000 0.833333 0.866667 0.900000 0.933333 0.966667 1.000000 1.033333
1.066667 1.100000 1.133333 1.166667 1.200000 1.233333 1.266667 1.300000 1.333333 1.366667 1.400000 1.433333 1.466667 1.500000 1.533333 1.566667
1.600000 1.633333 1.666667 1.700000 1.733333 1.766667 1.800000 1.833333 1.866667 1.900000 1.933333 1.966667 2.000000 2.033333 2.066667 2.100000
2.133333 2.166667 2.200000 2.233333 2.266667 2.300000 2.333333 2.366667 2.400000 2.433333 2.466667 2.500000 2.533333 2.566667 2.600000 2.633333
2.666667 2.700000 2.733333 2.766667 2.800000 2.833333 2.866667 2.900000 2.933333 2.966667 3.000000 3.033333 3.066667 3.100000 3.133333 3.166667
3.200000 3.233333 3.266667 3.300000 3.333333 3.366667 3.400000 3.433333 3.466667 3.500000 3.533333 3.566667 3.600000 3.633333 3.666667 3.700000
3.733333 3.766667 3.800000 3.833333 3.866667 3.900000 3.933333 3.966667 4.000000 4.033333 4.066667 4.100000 4.133333 4.166667 4.200000 4.233333
4.266667 4.300000 4.333333 4.366667 4.400000 4.433333 4.466667 4.500000 4.533333 4.566667 4.600000 4.633333 4.666667 4.700000 4.733333 4.766667
4.800000 4.833333 4.866667 4.900000 4.933333 4.966667 5.000000 5.033333 5.066667 5.100000 5.133333 5.166667 5.200000</float_array>
        <technique_common>
          <accessor source="#mixamorig_Spine-Matrix-animation-input-array" count="157">
            <param name="TIME" type="float"/>
          </accessor>
        </technique_common>
      </source>
      <source id="mixamorig_Spine-Matrix-animation-output-transform">
        <float_array id="mixamorig_Spine-Matrix-animation-output-transform-array" count="2512">

0.998254 0.004898 -0.058864 0.072000 -0.017852 0.974968 -0.221629 7.257300 0.056305 0.222293 0.973353 -0.789700 0.000000 0.000000 0.000000 1.000000
0.998973 0.008521 -0.044512 0.072000 -0.017880 0.976601 -0.214316 7.257300 0.041644 0.214892 0.975750 -0.789700 0.000000 0.000000 0.000000 1.000000
0.999373 -0.009962 -0.033968 0.072000 0.003164 0.980884 -0.194569 7.257300 0.035257 0.194340 0.980300 -0.789700 0.000000 0.000000 0.000000 1.000000
0.999192 -0.032416 -0.023773 0.072000 0.027726 0.983939 -0.176341 7.257300 0.029107 0.175540 0.984042 -0.789700 0.000000 0.000000 0.000000 1.000000
0.999023 -0.041927 -0.013992 0.072000 0.038840 0.983823 -0.174885 7.257300 0.021098 0.174171 0.984489 -0.789700 0.000000 0.000000 0.000000 1.000000
0.998950 -0.044686 -0.010068 0.072000 0.041959 0.980844 -0.190221 7.257300 0.018375 0.189599 0.981690 -0.789700 0.000000 0.000000 0.000000 1.000000
0.998631 -0.050954 -0.011837 0.072000 0.047207 0.975306 -0.215756 7.257300 0.022538 0.214902 0.976376 -0.789700 0.000000 0.000000 0.000000 1.000000
0.998179 -0.056891 -0.020061 0.072000 0.050377 0.969071 -0.241585 7.257300 0.033184 0.240135 0.970172 -0.789700 0.000000 0.000000 0.000000 1.000000
0.997799 -0.058921 -0.030405 0.072000 0.049009 0.964277 -0.260324 7.257300 0.044657 0.258261 0.965042 -0.789700 0.000000 0.000000 0.000000 1.000000
0.997611 -0.057044 -0.038972 0.072000 0.044433 0.961742 -0.270329 7.257300 0.052902 0.267952 0.961979 -0.789700 0.000000 0.000000 0.000000 1.000000
0.998137 -0.042539 -0.043735 0.072000 0.028965 0.961302 -0.273971 7.257300 0.053697 0.272194 0.960743 -0.789700 0.000000 0.000000 0.000000 1.000000
0.998715 -0.015950 -0.048100 0.072000 0.002086 0.961307 -0.275470 7.257300 0.050632 0.275016 0.960106 -0.789700 0.000000 0.000000 0.000000 1.000000
0.998636 0.002069 -0.052178 0.072000 -0.016549 0.960249 -0.278655 7.257300 0.049528 0.279139 0.958973 -0.789700 0.000000 0.000000 0.000000 1.000000
0.998318 0.005485 -0.057708 0.072000 -0.021668 0.958661 -0.283725 7.257300 0.053766 0.284498 0.957168 -0.789700 0.000000 0.000000 0.000000 1.000000
0.998046 -0.000461 -0.062485 0.072000 -0.017618 0.957327 -0.288469 7.257300 0.059951 0.289006 0.955448 -0.789700 0.000000 0.000000 0.000000 1.000000
0.997926 -0.005553 -0.064135 0.072000 -0.013372 0.956661 -0.290897 7.257300 0.062971 0.291151 0.954602 -0.789700 0.000000 0.000000 0.000000 1.000000
0.998178 -0.000642 -0.060334 0.072000 -0.016953 0.956675 -0.290664 7.257300 0.057906 0.291157 0.954921 -0.789700 0.000000 0.000000 0.000000 1.000000
0.998542 0.016870 -0.051286 0.072000 -0.030966 0.957107 -0.288076 7.257300 0.044226 0.289244 0.956233 -0.789700 0.000000 0.000000 0.000000 1.000000
0.998361 0.041400 -0.039513 0.072000 -0.050901 0.957944 -0.282405 7.257300 0.026160 0.283954 0.958481 -0.789700 0.000000 0.000000 0.000000 1.000000
0.998118 0.054978 -0.027168 0.072000 -0.060300 0.960510 -0.271631 7.257300 0.011162 0.272758 0.962018 -0.789700 0.000000 0.000000 0.000000 1.000000
0.998365 0.053557 -0.019981 0.072000 -0.056877 0.965607 -0.253708 7.257300 0.005706 0.254430 0.967074 -0.789700 0.000000 0.000000 0.000000 1.000000
0.999482 0.027892 -0.016053 0.072000 -0.030848 0.972470 -0.230976 7.257300 0.009168 0.231351 0.972827 -0.789700 0.000000 0.000000 0.000000 1.000000
0.999834 -0.011866 -0.013812 0.072000 0.008685 0.977443 -0.211018 7.257300 0.016005 0.210864 0.977384 -0.789700 0.000000 0.000000 0.000000 1.000000
0.999096 -0.039687 -0.015228 0.072000 0.035757 0.978351 -0.203841 7.257300 0.022988 0.203112 0.978886 -0.789700 0.000000 0.000000 0.000000 1.000000
0.998419 -0.054042 -0.015470 0.072000 0.049421 0.975025 -0.216525 7.257300 0.026785 0.215418 0.976154 -0.789700 0.000000 0.000000 0.000000 1.000000
0.998191 -0.058451 -0.014085 0.072000 0.053135 0.967232 -0.248273 7.257300 0.028135 0.247075 0.968588 -0.789700 0.000000 0.000000 0.000000 1.000000
0.998345 -0.055620 -0.014640 0.072000 0.049021 0.956018 -0.289183 7.257300 0.030080 0.287987 0.957162 -0.789700 0.000000 0.000000 0.000000 1.000000
0.998508 -0.051253 -0.018829 0.072000 0.042391 0.944998 -0.324316 7.257300 0.034415 0.323034 0.945761 -0.789700 0.000000 0.000000 0.000000 1.000000
0.998503 -0.047197 -0.027638 0.072000 0.034945 0.939245 -0.341463 7.257300 0.042075 0.339986 0.939489 -0.789700 0.000000 0.000000 0.000000 1.000000
0.998245 -0.047864 -0.034861 0.072000 0.033316 0.940706 -0.337583 7.257300 0.048952 0.335829 0.940650 -0.789700 0.000000 0.000000 0.000000 1.000000
0.998452 -0.035384 -0.042917 0.072000 0.019880 0.947618 -0.318785 7.257300 0.051949 0.317439 0.946855 -0.789700 0.000000 0.000000 0.000000 1.000000
0.998633 -0.010422 -0.051229 0.072000 -0.005281 0.954803 -0.297192 7.257300 0.052011 0.297056 0.953442 -0.789700 0.000000 0.000000 0.000000 1.000000
0.998426 0.005952 -0.055763 0.072000 -0.021558 0.958679 -0.283672 7.257300 0.051771 0.284428 0.957299 -0.789700 0.000000 0.000000 0.000000 1.000000
0.998228 0.007650 -0.059017 0.072000 -0.023937 0.959558 -0.280491 7.257300 0.054484 0.281407 0.958041 -0.789700 0.000000 0.000000 0.000000 1.000000
0.998109 0.000946 -0.061467 0.072000 -0.018356 0.958852 -0.283312 7.257300 0.058670 0.283905 0.957056 -0.789700 0.000000 0.000000 0.000000 1.000000
0.998145 -0.004019 -0.060751 0.072000 -0.013629 0.957750 -0.287280 7.257300 0.059339 0.287575 0.955918 -0.789700 0.000000 0.000000 0.000000 1.000000
0.998446 -0.004160 -0.055571 0.072000 -0.012154 0.956950 -0.289998 7.257300 0.054385 0.290222 0.955413 -0.789700 0.000000 0.000000 0.000000 1.000000
0.998759 0.003225 -0.049692 0.072000 -0.017520 0.956860 -0.290020 7.257300 0.046613 0.290531 0.955730 -0.789700 0.000000 0.000000 0.000000 1.000000
0.998682 0.019261 -0.047564 0.072000 -0.032083 0.957760 -0.285773 7.257300 0.040051 0.286922 0.957116 -0.789700 0.000000 0.000000 0.000000 1.000000
0.998730 0.024857 -0.043826 0.072000 -0.036037 0.960319 -0.276566 7.257300 0.035212 0.277794 0.959995 -0.789700 0.000000 0.000000 0.000000 1.000000
0.999128 0.013520 -0.039502 0.072000 -0.023425 0.964698 -0.262315 7.257300 0.034561 0.263012 0.964173 -0.789700 0.000000 0.000000 0.000000 1.000000
0.999229 -0.018825 -0.034456 0.072000 0.009786 0.969281 -0.245760 7.257300 0.038024 0.245233 0.968718 -0.789700 0.000000 0.000000 0.000000 1.000000
0.997845 -0.057943 -0.030790 0.072000 0.049230 0.971348 -0.232509 7.257300 0.043380 0.230492 0.972107 -0.789700 0.000000 0.000000 0.000000 1.000000
0.996050 -0.084515 -0.027216 0.072000 0.076051 0.970276 -0.229739 7.257300 0.045824 0.226762 0.972872 -0.789700 0.000000 0.000000 0.000000 1.000000
0.995201 -0.095771 -0.020067 0.072000 0.088056 0.965977 -0.243177 7.257300 0.042673 0.240243 0.969774 -0.789700 0.000000 0.000000 0.000000 1.000000
0.995891 -0.089686 -0.012574 0.072000 0.082859 0.958384 -0.273195 7.257300 0.036553 0.271030 0.961877 -0.789700 0.000000 0.000000 0.000000 1.000000
0.997598 -0.068568 -0.009846 0.072000 0.062052 0.947733 -0.312974 7.257300 0.030791 0.311611 0.949711 -0.789700 0.000000 0.000000 0.000000 1.000000
0.999145 -0.038487 -0.015100 0.072000 0.030752 0.935958 -0.350768 7.257300 0.027633 0.350003 0.936341 -0.789700 0.000000 0.000000 0.000000 1.000000
0.999584 -0.003362 -0.028637 0.072000 -0.007646 0.926709 -0.375702 7.257300 0.027802 0.375765 0.926298 -0.789700 0.000000 0.000000 0.000000 1.000000
0.999184 0.018758 -0.035768 0.072000 -0.031059 0.922981 -0.383590 7.257300 0.025818 0.384388 0.922810 -0.789700 0.000000 0.000000 0.000000 1.000000
0.999001 0.028983 -0.034007 0.072000 -0.039676 0.925437 -0.376817 7.257300 0.020550 0.377790 0.925663 -0.789700 0.000000 0.000000 0.000000 1.000000
0.998105 0.048270 -0.038164 0.072000 -0.058818 0.930634 -0.361194 7.257300 0.018082 0.362754 0.931709 -0.789700 0.000000 0.000000 0.000000 1.000000
0.997074 0.061179 -0.045835 0.072000 -0.073265 0.935894 -0.344580 7.257300 0.021816 0.346930 0.937637 -0.789700 0.000000 0.000000 0.000000 1.000000
0.996862 0.055753 -0.056186 0.072000 -0.071315 0.940612 -0.331909 7.257300 0.034344 0.334874 0.941637 -0.789700 0.000000 0.000000 0.000000 1.000000
0.997385 0.031915 -0.064846 0.072000 -0.051420 0.943848 -0.326354 7.257300 0.050789 0.328835 0.943021 -0.789700 0.000000 0.000000 0.000000 1.000000
0.997832 0.000021 -0.065815 0.072000 -0.022062 0.942248 -0.334189 7.257300 0.062007 0.334917 0.940205 -0.789700 0.000000 0.000000 0.000000 1.000000
0.997839 -0.020842 -0.062309 0.072000 -0.003354 0.930953 -0.365123 7.257300 0.065617 0.364543 0.928872 -0.789700 0.000000 0.000000 0.000000 1.000000
0.998177 -0.019604 -0.057083 0.072000 -0.006588 0.904744 -0.425906 7.257300 0.059995 0.425505 0.902965 -0.789700 0.000000 0.000000 0.000000 1.000000
0.998848 -0.002348 -0.047932 0.072000 -0.022481 0.859535 -0.510582 7.257300 0.042398 0.511071 0.858492 -0.789700 0.000000 0.000000 0.000000 1.000000
0.998742 0.029586 -0.040493 0.072000 -0.047929 0.800720 -0.597118 7.257300 0.014758 0.598307 0.801131 -0.789700 0.000000 0.000000 0.000000 1.000000
0.997099 0.066210 -0.037550 0.072000 -0.074525 0.748813 -0.658579 7.257300 -0.015487 0.659466 0.751575 -0.789700 0.000000 0.000000 0.000000 1.000000
0.995065 0.093025 -0.034527 0.072000 -0.091872 0.732279 -0.674779 7.257300 -0.037488 0.674621 0.737212 -0.789700 0.000000 0.000000 0.000000 1.000000
0.994186 0.103060 -0.031191 0.072000 -0.099398 0.767010 -0.633890 7.257300 -0.041405 0.633304 0.772794 -0.789700 0.000000 0.000000 0.000000 1.000000
0.994510 0.099712 -0.031746 0.072000 -0.101250 0.840287 -0.532603 7.257300 -0.026431 0.532894 0.845769 -0.789700 0.000000 0.000000 0.000000 1.000000
