<?xml version="1.0" encoding="utf-8"?>
<COLLADA xmlns="http://www.collada.org/2005/11/COLLADASchema" version="1.4.1">
  <asset>
    <contributor>
      <author>Mixamo</author>
      <authoring_tool>COLLADA Mixamo exporter</authoring_tool>
      <comments/>
    </contributor>
    <created>2024-12-02T03:12:21Z</created>
    <modified>2024-12-02T03:12:21Z</modified>
    <revision/>
    <title/>
    <unit meter="0.010000"/>
    <up_axis>Y_UP</up_axis>
  </asset>
  <library_animations>
    <animation id="mixamorig_Hips-anim" name="mixamorig_Hips">
      <source id="mixamorig_Hips-Matrix-animation-input">
        <float_array id="mixamorig_Hips-Matrix-animation-input-array" count="70">

0.000000 0.033333 0.066667 0.100000 0.133333 0.166667 0.200000 0.233333 0.266667 0.300000 0.333333 0.366667 0.400000 0.433333 0.466667 0.500000
0.533333 0.566667 0.600000 0.633333 0.666667 0.700000 0.733333 0.766667 0.800000 0.833333 0.866667 0.900000 0.933333 0.966667 1.000000 1.033333
1.066667 1.100000 1.133333 1.166667 1.200000 1.233333 1.266667 1.300000 1.333333 1.366667 1.400000 1.433333 1.466667 1.500000 1.533333 1.566667
1.600000 1.633333 1.666667 1.700000 1.733333 1.766667 1.800000 1.833333 1.866667 1.900000 1.933333 1.966667 2.000000 2.033333 2.066667 2.100000
2.133333 2.166667 2.200000 2.233333 2.266667 2.300000</float_array>
        <technique_common>
          <accessor source="#mixamorig_Hips-Matrix-animation-input-array" count="70">
            <param name="TIME" type="float"/>
          </accessor>
        </technique_common>
      </source>
      <source id="mixamorig_Hips-Matrix-animation-output-transform">
        <float_array id="mixamorig_Hips-Matrix-animation-output-transform-array" count="1120">

0.577433 -0.121518 -0.807344 -0.254270 -0.014814 0.987139 -0.159175 96.664558 0.816304 0.103873 0.568206 0.008260 0.000000 0.000000 0.000000 1.000000
0.609651 -0.121028 -0.783376 -0.088950 0.004934 0.988835 -0.148931 95.510391 0.792654 0.086931 0.603442 -5.360042 0.000000 0.000000 0.000000 1.000000
0.668163 -0.076459 -0.740076 -0.970137 0.032890 0.996769 -0.073284 95.042892 0.743288 0.024625 0.668519 -10.636292 0.000000 0.000000 0.000000 1.000000
0.747235 0.022040 -0.664194 -2.629350 0.052599 0.994353 0.092171 95.683586 0.662475 -0.103809 0.741856 -15.253985 0.000000 0.000000 0.000000 1.000000
0.807013 0.079562 -0.585150 -3.847475 0.055351 0.976329 0.209088 97.092819 0.587934 -0.201125 0.783506 -18.800308 0.000000 0.000000 0.000000 1.000000
0.813469 0.102885 -0.572436 -4.958447 0.067617 0.960826 0.268778 98.610840 0.577665 -0.257349 0.774645 -21.153811 0.000000 0.000000 0.000000 1.000000
0.807140 0.108556 -0.580293 -5.470286 0.072623 0.957225 0.280082 99.433167 0.585876 -0.268208 0.764732 -22.469072 0.000000 0.000000 0.000000 1.000000
0.803326 0.107567 -0.585744 -5.860957 0.073301 0.958215 0.276499 100.377319 0.591011 -0.265055 0.761874 -23.744041 0.000000 0.000000 0.000000 1.000000
0.800057 0.102470 -0.591108 -6.189818 0.071898 0.961826 0.264048 101.291710 0.595600 -0.253753 0.762148 -24.998770 0.000000 0.000000 0.000000 1.000000
0.794935 0.096520 -0.598967 -6.518740 0.070612 0.965835 0.249354 102.071045 0.602571 -0.240514 0.760961 -26.259220 0.000000 0.000000 0.000000 1.000000
0.788444 0.088843 -0.608657 -6.896669 0.070859 0.969808 0.233349 102.909210 0.611011 -0.227112 0.758344 -27.496279 0.000000 0.000000 0.000000 1.000000
0.781244 0.080354 -0.619033 -7.283748 0.071888 0.973501 0.217091 103.735970 0.620073 -0.214102 0.754765 -28.694914 0.000000 0.000000 0.000000 1.000000
0.774184 0.072549 -0.628789 -7.625910 0.072260 0.976785 0.201668 104.449356 0.628822 -0.201564 0.750969 -29.864677 0.000000 0.000000 0.000000 1.000000
0.767729 0.065388 -0.637430 -7.946333 0.072755 0.979451 0.188101 105.079407 0.636631 -0.190787 0.747196 -31.022863 0.000000 0.000000 0.000000 1.000000
0.762434 0.059491 -0.644325 -8.253706 0.073362 0.981397 0.177423 105.603661 0.642894 -0.182542 0.743886 -32.159721 0.000000 0.000000 0.000000 1.000000
0.758843 0.055507 -0.648904 -8.554387 0.074063 0.982543 0.170657 106.003136 0.647049 -0.177562 0.741485 -33.265820 0.000000 0.000000 0.000000 1.000000
0.757272 0.053972 -0.650866 -8.841783 0.074842 0.982843 0.168579 106.229782 0.648797 -0.176372 0.740240 -34.329990 0.000000 0.000000 0.000000 1.000000
0.757416 0.054874 -0.650623 -9.097883 0.075439 0.982434 0.170682 106.249535 0.648560 -0.178360 0.739971 -35.341576 0.000000 0.000000 0.000000 1.000000
0.758165 0.056452 -0.649614 -9.313135 0.076618 0.981632 0.174725 106.129738 0.647546 -0.182243 0.739914 -36.299660 0.000000 0.000000 0.000000 1.000000
0.757854 0.056403 -0.649982 -9.470836 0.078160 0.981232 0.176280 105.994179 0.647726 -0.184397 0.739222 -37.182003 0.000000 0.000000 0.000000 1.000000
0.757074 0.055640 -0.650956 -9.610672 0.079942 0.980991 0.176823 105.853844 0.648420 -0.185907 0.738234 -38.035645 0.000000 0.000000 0.000000 1.000000
0.755925 0.054197 -0.652411 -9.741172 0.083477 0.980452 0.178170 105.668755 0.649314 -0.189145 0.736624 -38.889294 0.000000 0.000000 0.000000 1.000000
0.754466 0.051858 -0.654288 -9.881718 0.090639 0.979090 0.182119 105.424889 0.650051 -0.196706 0.733989 -39.787025 0.000000 0.000000 0.000000 1.000000
0.752601 0.048449 -0.656692 -10.054052 0.102671 0.976458 0.189706 105.125153 0.650423 -0.210196 0.729909 -40.761795 0.000000 0.000000 0.000000 1.000000
0.749455 0.044550 -0.660554 -10.261607 0.115358 0.973684 0.196551 104.838875 0.651928 -0.223506 0.724593 -41.700657 0.000000 0.000000 0.000000 1.000000
0.744862 0.040320 -0.666000 -10.476744 0.127267 0.971260 0.201138 104.489670 0.654969 -0.234580 0.718323 -42.634602 0.000000 0.000000 0.000000 1.000000
0.739030 0.035698 -0.672726 -10.666430 0.138860 0.969079 0.203970 103.950104 0.659206 -0.244154 0.711222 -43.653488 0.000000 0.000000 0.000000 1.000000
0.732209 0.030804 -0.680383 -10.796116 0.150329 0.967029 0.205562 103.121124 0.664282 -0.252796 0.703437 -44.816948 0.000000 0.000000 0.000000 1.000000
0.724602 0.025574 -0.688692 -10.902288 0.162134 0.964937 0.206419 102.330521 0.669824 -0.261232 0.695049 -45.992149 0.000000 0.000000 0.000000 1.000000
0.716494 0.020434 -0.697294 -10.985495 0.174060 0.962719 0.207064 101.558136 0.675530 -0.269731 0.686225 -47.145832 0.000000 0.000000 0.000000 1.000000
0.708210 0.015946 -0.705821 -11.020528 0.185700 0.960334 0.208024 100.597893 0.681142 -0.278396 0.677157 -48.312405 0.000000 0.000000 0.000000 1.000000
0.699991 0.011838 -0.714053 -11.009120 0.197813 0.957527 0.209792 99.289375 0.686209 -0.288101 0.667919 -49.566814 0.000000 0.000000 0.000000 1.000000
0.692067 0.007627 -0.721793 -10.971481 0.211475 0.953926 0.212846 97.501511 0.690160 -0.299945 0.658568 -50.993153 0.000000 0.000000 0.000000 1.000000
0.684738 0.003606 -0.728780 -10.929925 0.226694 0.949326 0.217691 95.133514 0.692635 -0.314272 0.649222 -52.644619 0.000000 0.000000 0.000000 1.000000
0.678251 -0.000125 -0.734830 -10.915510 0.243738 0.943425 0.224812 92.138947 0.693229 -0.331585 0.639910 -54.576504 0.000000 0.000000 0.000000 1.000000
0.672786 -0.003348 -0.739829 -10.967169 0.262710 0.935903 0.234668 88.891319 0.691623 -0.352242 0.630542 -56.627041 0.000000 0.000000 0.000000 1.000000
0.668553 -0.005764 -0.743642 -11.084012 0.283531 0.926415 0.247721 85.504028 0.687493 -0.376461 0.620992 -58.735615 0.000000 0.000000 0.000000 1.000000
0.665874 -0.007858 -0.746023 -11.283954 0.307085 0.914198 0.264464 81.898338 0.679934 -0.405192 0.611153 -60.958069 0.000000 0.000000 0.000000 1.000000
0.665115 -0.010326 -0.746669 -11.628276 0.334348 0.898194 0.285409 78.049767 0.667707 -0.439477 0.600855 -63.398235 0.000000 0.000000 0.000000 1.000000
0.666668 -0.012321 -0.745253 -12.195956 0.363962 0.877934 0.311069 73.967682 0.650450 -0.478624 0.589775 -66.251900 0.000000 0.000000 0.000000 1.000000
0.670377 -0.014342 -0.741882 -12.797527 0.396340 0.852162 0.341665 69.472610 0.627303 -0.523082 0.576954 -69.502533 0.000000 0.000000 0.000000 1.000000
0.676551 -0.017030 -0.736199 -13.350765 0.431433 0.819354 0.377524 64.463966 0.596779 -0.573035 0.561682 -73.056458 0.000000 0.000000 0.000000 1.000000
0.685621 -0.018545 -0.727722 -13.837724 0.465714 0.779506 0.418905 59.141541 0.559495 -0.626121 0.543082 -77.068863 0.000000 0.000000 0.000000 1.000000
0.700400 -0.019997 -0.713470 -14.376337 0.501940 0.724470 0.472440 53.034267 0.507440 -0.689017 0.517456 -82.025124 0.000000 0.000000 0.000000 1.000000
0.728803 -0.030229 -0.684056 -15.010437 0.550227 0.620479 0.558799 44.502815 0.407551 -0.783640 0.468839 -88.864754 0.000000 0.000000 0.000000 1.000000
0.756598 -0.044252 -0.652381 -15.961804 0.584627 0.492643 0.644604 36.362797 0.292866 -0.869106 0.398604 -95.425232 0.000000 0.000000 0.000000 1.000000
0.781065 -0.051411 -0.622329 -16.993124 0.597656 0.350343 0.721157 29.311672 0.180954 -0.935210 0.304366 -101.509270 0.000000 0.000000 0.000000 1.000000
0.798649 -0.045404 -0.600081 -17.468246 0.595818 0.199867 0.777852 23.784580 0.084619 -0.978770 0.186676 -108.097221 0.000000 0.000000 0.000000 1.000000
0.810050 -0.016299 -0.586134 -16.842295 0.585936 0.060540 0.808093 19.599621 0.022314 -0.998033 0.058591 -113.862404 0.000000 0.000000 0.000000 1.000000
0.840973 -0.009884 -0.540987 -15.060797 0.540573 -0.027844 0.840836 18.692287 -0.023374 -0.999563 -0.018073 -117.460152 0.000000 0.000000 0.000000 1.000000
0.879750 -0.018662 -0.475071 -12.976271 0.471501 -0.094068 0.876834 18.927467 -0.061052 -0.995391 -0.073957 -120.822472 0.000000 0.000000 0.000000 1.000000
0.896904 -0.038863 -0.440514 -10.573338 0.433455 -0.120150 0.893130 20.747959 -0.087637 -0.991995 -0.090918 -123.749573 0.000000 0.000000 0.000000 1.000000
0.906555 -0.061805 -0.417538 -8.101636 0.406993 -0.134188 0.903521 22.946651 -0.111871 -0.989027 -0.096495 -126.620560 0.000000 0.000000 0.000000 1.000000
0.913382 -0.083839 -0.398377 -5.706303 0.384145 -0.146476 0.911579 25.044086 -0.134779 -0.985655 -0.101582 -129.464218 0.000000 0.000000 0.000000 1.000000
0.919186 -0.096569 -0.381801 -3.623506 0.363705 -0.163683 0.917020 26.414537 -0.151050 -0.981775 -0.115332 -131.797195 0.000000 0.000000 0.000000 1.000000
0.926528 -0.113732 -0.358624 -1.939446 0.336720 -0.174532 0.925288 26.809103 -0.167827 -0.978061 -0.123413 -133.696152 0.000000 0.000000 0.000000 1.000000
0.933940 -0.136214 -0.330458 -0.676718 0.304754 -0.179632 0.935338 26.132092 -0.186767 -0.974258 -0.126254 -134.982864 0.000000 0.000000 0.000000 1.000000
0.942286 -0.159165 -0.294556 0.250230 0.263941 -0.188142 0.946012 24.573153 -0.205990 -0.969159 -0.135273 -135.774826 0.000000 0.000000 0.000000 1.000000
0.948231 -0.183471 -0.259223 1.000920 0.222791 -0.197392 0.954673 22.319572 -0.226323 -0.963003 -0.146297 -136.286423 0.000000 0.000000 0.000000 1.000000
0.951740 -0.204048 -0.229250 1.716714 0.187500 -0.204778 0.960682 19.693241 -0.242971 -0.957304 -0.156636 -136.620209 0.000000 0.000000 0.000000 1.000000
0.954544 -0.214202 -0.207274 2.530066 0.162659 -0.208381 0.964427 17.189745 -0.249774 -0.954303 -0.164066 -136.790482 0.000000 0.000000 0.000000 1.000000
0.955837 -0.216594 -0.198653 3.210544 0.153369 -0.208991 0.965816 15.557650 -0.250707 -0.953630 -0.166543 -137.087692 0.000000 0.000000 0.000000 1.000000
0.955103 -0.216213 -0.202557 3.433197 0.157258 -0.209460 0.965089 15.199827 -0.251092 -0.953613 -0.166054 -137.245911 0.000000 0.000000 0.000000 1.000000
0.953104 -0.212911 -0.215085 3.568434 0.170649 -0.208857 0.962942 15.471195 -0.249943 -0.954488 -0.162730 -137.428986 0.000000 0.000000 0.000000 1.000000
0.950613 -0.206618 -0.231610 3.709716 0.189232 -0.205667 0.960152 15.667612 -0.246020 -0.956561 -0.156411 -137.666077 0.000000 0.000000 0.000000 1.000000
0.948798 -0.200197 -0.244343 3.809698 0.204876 -0.198762 0.958394 15.776279 -0.240434 -0.959382 -0.147570 -137.781342 0.000000 0.000000 0.000000 1.000000
0.949518 -0.194010 -0.246527 3.923082 0.211785 -0.183313 0.959970 15.569821 -0.231436 -0.963720 -0.132971 -137.790344 0.000000 0.000000 0.000000 1.000000
0.952524 -0.189113 -0.238610 4.066359 0.208750 -0.164849 0.963975 15.121439 -0.221635 -0.968019 -0.117546 -137.699631 0.000000 0.000000 0.000000 1.000000
0.954781 -0.179775 -0.236801 4.128933 0.210017 -0.155951 0.965180 14.881918 -0.210444 -0.971267 -0.111144 -137.752396 0.000000 0.000000 0.000000 1.000000
0.953249 -0.167118 -0.251769 4.125749 0.226676 -0.155522 0.961473 15.105983 -0.199835 -0.973594 -0.110369 -137.895111 0.000000 0.000000 0.000000 1.000000</float_array>
        <technique_common>
          <accessor source="#mixamorig_Hips-Matrix-animation-output-transform-array" count="70" stride="16">
            <param type="float4x4"/>
          </accessor>
        </technique_common>
      </source>
      <source id="mixamorig_Hips-Interpolations">
        <Name_array id="mixamorig_Hips-Interpolations-array" count="70">
 LINEAR LINEAR LINEAR LINEAR LINEAR LINEAR LINEAR LINEAR LINEAR LINEAR LINEAR
LINEAR LINEAR LINEAR LINEAR LINEAR LINEAR LINEAR LINEAR LINEAR LINEAR LINEAR LINEAR
LINEAR LINEAR LINEAR LINEAR LINEAR LINEAR LINEAR LINEAR LINEAR LINEAR LINEAR LINEAR
LINEAR LINEAR LINEAR LINEAR LINEAR LINEAR LINEAR LINEAR LINEAR LINEAR LINEAR LINEAR
LINEAR LINEAR LINEAR LINEAR LINEAR LINEAR LINEAR LINEAR LINEAR LINEAR LINEAR LINEAR
LINEAR LINEAR LINEAR LINEAR LINEAR LINEAR LINEAR LINEAR LINEAR LINEAR LINEAR</Name_array>
        <technique_common>
          <accessor source="#mixamorig_Hips-Interpolations-array" count="70">
            <param type="name"/>
          </accessor>
        </technique_common>
      </source>
      <sampler id="mixamorig_Hips-Matrix-animation-transform">
        <input semantic="INPUT" source="#mixamorig_Hips-Matrix-animation-input"/>
        <input semantic="OUTPUT" source="#mixamorig_Hips-Matrix-animation-output-transform"/>
        <input semantic="INTERPOLATION" source="#mixamorig_Hips-Interpolations"/>
      </sampler>
      <channel source="#mixamorig_Hips-Matrix-animation-transform" target="mixamorig_Hips/matrix"/>
    </animation>
    <animation id="mixamorig_Spine-anim" name="mixamorig_Spine">
      <source id="mixamorig_Spine-Matrix-animation-input">
        <float_array id="mixamorig_Spine-Matrix-animation-input-array" count="70">

0.000000 0.033333 0.066667 0.100000 0.133333 0.166667 0.200000 0.233333 0.266667 0.300000 0.333333 0.366667 0.400000 0.433333 0.466667 0.500000
0.533333 0.566667 0.600000 0.633333 0.666667 0.700000 0.733333 0.766667 0.800000 0.833333 0.866667 0.900000 0.933333 0.966667 1.000000 1.033333
1.066667 1.100000 1.133333 1.166667 1.200000 1.233333 1.266667 1.300000 1.333333 1.366667 1.400000 1.433333 1.466667 1.500000 1.533333 1.566667
1.600000 1.633333 1.666667 1.700000 1.733333 1.766667 1.800000 1.833333 1.866667 1.900000 1.933333 1.966667 2.000000 2.033333 2.066667 2.100000
2.133333 2.166667 2.200000 2.233333 2.266667 2.300000</float_array>
        <technique_common>
          <accessor source="#mixamorig_Spine-Matrix-animation-input-array" count="70">
            <param name="TIME" type="float"/>
          </accessor>
        </technique_common>
      </source>
      <source id="mixamorig_Spine-Matrix-animation-output-transform">
        <float_array id="mixamorig_Spine-Matrix-animation-output-transform-array" count="1120">

0.996148 0.049100 0.072649 0.072000 -0.046703 0.998319 -0.034334 7.257300 -0.074213 0.030809 0.996766 -0.789700 0.000000 0.000000 0.000000 1.000000
0.995001 0.069077 0.072116 0.072000 -0.066204 0.996943 -0.041490 7.257300 -0.074761 0.036508 0.996533 -0.789700 0.000000 0.000000 0.000000 1.000000
0.993207 0.095549 0.066412 0.072000 -0.090489 0.993038 -0.075419 7.257300 -0.073156 0.068897 0.994938 -0.789700 0.000000 0.000000 0.000000 1.000000
0.991269 0.115652 0.063321 0.072000 -0.104818 0.982547 -0.153671 7.257300 -0.079988 0.145693 0.986091 -0.789700 0.000000 0.000000 0.000000 1.000000
0.991514 0.120865 0.047872 0.072000 -0.111171 0.979203 -0.169712 7.257300 -0.067388 0.162950 0.984330 -0.789700 0.000000 0.000000 0.000000 1.000000
0.991914 0.111979 0.059728 0.072000 -0.103997 0.986919 -0.123190 7.257300 -0.072741 0.115983 0.990584 -0.789700 0.000000 0.000000 0.000000 1.000000
0.993504 0.091349 0.067865 0.072000 -0.086112 0.993347 -0.076462 7.257300 -0.074398 0.070121 0.994760 -0.789700 0.000000 0.000000 0.000000 1.000000
0.995289 0.067571 0.069532 0.072000 -0.065459 0.997335 -0.032217 7.257300 -0.071524 0.027514 0.997059 -0.789700 0.000000 0.000000 0.000000 1.000000
0.996688 0.044961 0.067762 0.072000 -0.045313 0.998966 0.003668 7.257300 -0.067527 -0.006727 0.997695 -0.789700 0.000000 0.000000 0.000000 1.000000
0.997509 0.025656 0.065708 0.072000 -0.027611 0.999197 0.029019 7.257300 -0.064911 -0.030761 0.997417 -0.789700 0.000000 0.000000 0.000000 1.000000
0.997872 0.008727 0.064618 0.072000 -0.012016 0.998642 0.050697 7.257300 -0.064088 -0.051366 0.996621 -0.789700 0.000000 0.000000 0.000000 1.000000
0.997931 -0.006199 0.064000 0.072000 0.001794 0.997638 0.068662 7.257300 -0.064275 -0.068405 0.995585 -0.789700 0.000000 0.000000 0.000000 1.000000
0.997815 -0.020125 0.062932 0.072000 0.014867 0.996445 0.082924 7.257300 -0.064378 -0.081807 0.994567 -0.789700 0.000000 0.000000 0.000000 1.000000
0.997588 -0.032100 0.061549 0.072000 0.026265 0.995285 0.093375 7.257300 -0.064256 -0.091533 0.993727 -0.789700 0.000000 0.000000 0.000000 1.000000
0.997333 -0.041965 0.059709 0.072000 0.035854 0.994345 0.099964 7.257300 -0.063567 -0.097557 0.993198 -0.789700 0.000000 0.000000 0.000000 1.000000
0.997124 -0.049592 0.057306 0.072000 0.043526 0.993765 0.102646 7.257300 -0.062039 -0.099856 0.993066 -0.789700 0.000000 0.000000 0.000000 1.000000
0.997140 -0.051665 0.055161 0.072000 0.046063 0.994080 0.098399 7.257300 -0.059919 -0.095576 0.993617 -0.789700 0.000000 0.000000 0.000000 1.000000
0.997220 -0.052386 0.052985 0.072000 0.047358 0.994625 0.092073 7.257300 -0.057524 -0.089308 0.994342 -0.789700 0.000000 0.000000 0.000000 1.000000
0.997346 -0.052204 0.050757 0.072000 0.047801 0.995284 0.084408 7.257300 -0.054924 -0.081758 0.995138 -0.789700 0.000000 0.000000 0.000000 1.000000
0.997517 -0.051132 0.048422 0.072000 0.047385 0.996012 0.075601 7.257300 -0.052095 -0.073119 0.995962 -0.789700 0.000000 0.000000 0.000000 1.000000
0.997722 -0.049298 0.046043 0.072000 0.046211 0.996759 0.065855 7.257300 -0.049140 -0.063577 0.996766 -0.789700 0.000000 0.000000 0.000000 1.000000
0.997944 -0.046895 0.043684 0.072000 0.044449 0.997476 0.055374 7.257300 -0.046171 -0.053318 0.997510 -0.789700 0.000000 0.000000 0.000000 1.000000
0.998178 -0.043775 0.041516 0.072000 0.041929 0.998136 0.044346 7.257300 -0.043380 -0.042524 0.998153 -0.789700 0.000000 0.000000 0.000000 1.000000
0.998417 -0.039689 0.039841 0.072000 0.038380 0.998714 0.033112 7.257300 -0.041104 -0.031530 0.998657 -0.789700 0.000000 0.000000 0.000000 1.000000
0.998647 -0.035131 0.038336 0.072000 0.034311 0.999173 0.021831 7.257300 -0.039071 -0.020486 0.999026 -0.789700 0.000000 0.000000 0.000000 1.000000
0.998867 -0.030387 0.036615 0.072000 0.030028 0.999496 0.010333 7.257300 -0.036910 -0.009222 0.999276 -0.789700 0.000000 0.000000 0.000000 1.000000
0.999068 -0.025323 0.034952 0.072000 0.025377 0.999677 -0.001083 7.257300 -0.034913 0.001969 0.999388 -0.789700 0.000000 0.000000 0.000000 1.000000
0.999236 -0.020057 0.033552 0.072000 0.020473 0.999717 -0.012113 7.257300 -0.033299 0.012791 0.999364 -0.789700 0.000000 0.000000 0.000000 1.000000
0.999361 -0.014454 0.032704 0.072000 0.015193 0.999632 -0.022468 7.257300 -0.032368 0.022950 0.999213 -0.789700 0.000000 0.000000 0.000000 1.000000
0.999428 -0.009058 0.032585 0.072000 0.010097 0.999442 -0.031842 7.257300 -0.032279 0.032153 0.998962 -0.789700 0.000000 0.000000 0.000000 1.000000
0.999433 -0.004621 0.033364 0.072000 0.005953 0.999185 -0.039933 7.257300 -0.033152 0.040108 0.998645 -0.789700 0.000000 0.000000 0.000000 1.000000
0.999366 -0.000880 0.035581 0.072000 0.002516 0.998940 -0.045956 7.257300 -0.035502 0.046017 0.998310 -0.789700 0.000000 0.000000 0.000000 1.000000
0.999216 0.002763 0.039501 0.072000 -0.000808 0.998778 -0.049413 7.257300 -0.039590 0.049343 0.997997 -0.789700 0.000000 0.000000 0.000000 1.000000
0.998989 0.006189 0.044517 0.072000 -0.003903 0.998678 -0.051251 7.257300 -0.044775 0.051025 0.997693 -0.789700 0.000000 0.000000 0.000000 1.000000
0.998702 0.009573 0.050026 0.072000 -0.006940 0.998595 -0.052538 7.257300 -0.050459 0.052123 0.997365 -0.789700 0.000000 0.000000 0.000000 1.000000
0.998373 0.012911 0.055537 0.072000 -0.009890 0.998474 -0.054332 7.257300 -0.056154 0.053695 0.996977 -0.789700 0.000000 0.000000 0.000000 1.000000
0.998038 0.016028 0.060528 0.072000 -0.012534 0.998257 -0.057672 7.257300 -0.061346 0.056800 0.996499 -0.789700 0.000000 0.000000 0.000000 1.000000
0.997735 0.019861 0.064267 0.072000 -0.015764 0.997848 -0.063649 7.257300 -0.065393 0.062492 0.995901 -0.789700 0.000000 0.000000 0.000000 1.000000
0.997493 0.025437 0.066034 0.072000 -0.020582 0.997106 -0.073190 7.257300 -0.067704 0.071648 0.995130 -0.789700 0.000000 0.000000 0.000000 1.000000
0.997339 0.030120 0.066397 0.072000 -0.024408 0.996063 -0.085226 7.257300 -0.068702 0.083379 0.994147 -0.789700 0.000000 0.000000 0.000000 1.000000
0.997205 0.034922 0.066044 0.072000 -0.028236 0.994627 -0.099597 7.257300 -0.069167 0.097453 0.992834 -0.789700 0.000000 0.000000 0.000000 1.000000
0.997046 0.041972 0.064328 0.072000 -0.034223 0.992524 -0.117154 7.257300 -0.068764 0.114606 0.991028 -0.789700 0.000000 0.000000 0.000000 1.000000
0.996909 0.049582 0.060936 0.072000 -0.040750 0.989526 -0.138482 7.257300 -0.067164 0.135570 0.988489 -0.789700 0.000000 0.000000 0.000000 1.000000
0.996637 0.060754 0.054993 0.072000 -0.050874 0.984814 -0.165993 7.257300 -0.064243 0.162637 0.984592 -0.789700 0.000000 0.000000 0.000000 1.000000
0.995425 0.085357 0.042929 0.072000 -0.074883 0.976037 -0.204312 7.257300 -0.059339 0.200163 0.977964 -0.789700 0.000000 0.000000 0.000000 1.000000
0.993663 0.109012 0.027405 0.072000 -0.099212 0.965182 -0.242033 7.257300 -0.052836 0.237781 0.969881 -0.789700 0.000000 0.000000 0.000000 1.000000
0.993022 0.117296 0.012243 0.072000 -0.109449 0.955264 -0.274758 7.257300 -0.043923 0.271501 0.961435 -0.789700 0.000000 0.000000 0.000000 1.000000
0.994570 0.103950 0.004913 0.072000 -0.097800 0.949774 -0.297263 7.257300 -0.035567 0.295169 0.954783 -0.789700 0.000000 0.000000 0.000000 1.000000
0.998388 0.053970 0.017572 0.072000 -0.046538 0.955622 -0.290896 7.257300 -0.032491 0.289609 0.956593 -0.789700 0.000000 0.000000 0.000000 1.000000
0.998804 0.001787 0.048869 0.072000 0.008937 0.975831 -0.218344 7.257300 -0.048078 0.218520 0.974647 -0.789700 0.000000 0.000000 0.000000 1.000000
0.996644 -0.027434 0.077129 0.072000 0.040427 0.984212 -0.172316 7.257300 -0.071184 0.174855 0.982017 -0.789700 0.000000 0.000000 0.000000 1.000000
0.993371 -0.045662 0.105495 0.072000 0.060021 0.988721 -0.137219 7.257300 -0.098040 0.142641 0.984907 -0.789700 0.000000 0.000000 0.000000 1.000000
0.989168 -0.060103 0.133921 0.072000 0.074564 0.991596 -0.105724 7.257300 -0.126441 0.114565 0.985336 -0.789700 0.000000 0.000000 0.000000 1.000000
0.984202 -0.072827 0.161378 0.072000 0.086595 0.993027 -0.079990 7.257300 -0.154428 0.092700 0.983646 -0.789700 0.000000 0.000000 0.000000 1.000000
0.978999 -0.085567 0.185039 0.072000 0.101036 0.991988 -0.075837 7.257300 -0.177067 0.092940 0.979801 -0.789700 0.000000 0.000000 0.000000 1.000000
0.974224 -0.093014 0.205512 0.072000 0.110514 0.991014 -0.075357 7.257300 -0.196656 0.096127 0.975749 -0.789700 0.000000 0.000000 0.000000 1.000000
0.974952 -0.089309 0.203697 0.072000 0.109082 0.990131 -0.087984 7.257300 -0.193829 0.108000 0.975073 -0.789700 0.000000 0.000000 0.000000 1.000000
0.981103 -0.076561 0.177692 0.072000 0.099872 0.986967 -0.126183 7.257300 -0.165715 0.141545 0.975963 -0.789700 0.000000 0.000000 0.000000 1.000000
0.987849 -0.058038 0.144176 0.072000 0.082949 0.981372 -0.173287 7.257300 -0.131433 0.183141 0.974261 -0.789700 0.000000 0.000000 0.000000 1.000000
0.993002 -0.040110 0.111080 0.072000 0.063743 0.973823 -0.218188 7.257300 -0.099421 0.223742 0.969564 -0.789700 0.000000 0.000000 0.000000 1.000000
0.995844 -0.031445 0.085476 0.072000 0.052078 0.966542 -0.251166 7.257300 -0.074718 0.254574 0.964163 -0.789700 0.000000 0.000000 0.000000 1.000000
0.996867 -0.030120 0.073139 0.072000 0.048668 0.962478 -0.266959 7.257300 -0.062354 0.269682 0.960929 -0.789700 0.000000 0.000000 0.000000 1.000000
0.997311 -0.029850 0.066924 0.072000 0.046999 0.961251 -0.271638 7.257300 -0.056223 0.274053 0.960070 -0.789700 0.000000 0.000000 0.000000 1.000000
0.997333 -0.030847 0.066146 0.072000 0.047569 0.962082 -0.268579 7.257300 -0.055353 0.271009 0.960984 -0.789700 0.000000 0.000000 0.000000 1.000000
0.996921 -0.033763 0.070776 0.072000 0.051115 0.964253 -0.260006 7.257300 -0.059467 0.262823 0.963010 -0.789700 0.000000 0.000000 0.000000 1.000000
0.996353 -0.037255 0.076762 0.072000 0.055280 0.967148 -0.248132 7.257300 -0.064997 0.251470 0.965680 -0.789700 0.000000 0.000000 0.000000 1.000000
0.995477 -0.041656 0.085381 0.072000 0.060389 0.971263 -0.230222 7.257300 -0.073337 0.234337 0.969385 -0.789700 0.000000 0.000000 0.000000 1.000000
0.995062 -0.045928 0.087985 0.072000 0.063815 0.975021 -0.212747 7.257300 -0.076017 0.217312 0.973138 -0.789700 0.000000 0.000000 0.000000 1.000000
0.994853 -0.050613 0.087786 0.072000 0.067643 0.976749 -0.203435 7.257300 -0.075449 0.208326 0.975145 -0.789700 0.000000 0.000000 0.000000 1.000000
0.994425 -0.049972 0.092851 0.072000 0.067527 0.978119 -0.196783 7.257300 -0.080986 0.201956 0.976041 -0.789700 0.000000 0.000000 0.000000 1.000000</float_array>
        <technique_common>
          <accessor source="#mixamorig_Spine-Matrix-animation-output-transform-array" count="70" stride="16">
            <param type="float4x4"/>
          </accessor>
        </technique_common>
      </source>
      <source id="mixamorig_Spine-Interpolations">
        <Name_array id="mixamorig_Spine-Interpolations-array" count="70">
 LINEAR LINEAR LINEAR LINEAR LINEAR LINEAR LINEAR LINEAR LINEAR LINEAR LINEAR
LINEAR LINEAR LINEAR LINEAR LINEAR LINEAR LINEAR LINEAR LINEAR LINEAR LINEAR LINEAR
LINEAR LINEAR LINEAR LINEAR LINEAR LINEAR LINEAR LINEAR LINEAR LINEAR LINEAR LINEAR
LINEAR LINEAR LINEAR LINEAR LINEAR LINEAR LINEAR LINEAR LINEAR LINEAR LINEAR LINEAR
LINEAR LINEAR LINEAR LINEAR LINEAR LINEAR LINEAR LINEAR LINEAR LINEAR LINEAR LINEAR
LINEAR LINEAR LINEAR LINEAR LINEAR LINEAR LINEAR LINEAR LINEAR LINEAR LINEAR</Name_array>
        <technique_common>
          <accessor source="#mixamorig_Spine-Interpolations-array" count="70">
            <param type="name"/>
          </accessor>
        </technique_common>
      </source>
      <sampler id="mixamorig_Spine-Matrix-animation-transform">
        <input semantic="INPUT" source="#mixamorig_Spine-Matrix-animation-input"/>
        <input semantic="OUTPUT" source="#mixamorig_Spine-Matrix-animation-output-transform"/>
        <input semantic="INTERPOLATION" source="#mixamorig_Spine-Interpolations"/>
      </sampler>
      <channel source="#mixamorig_Spine-Matrix-animation-transform" target="mixamorig_Spine/matrix"/>
    </animation>
    <animation id="mixamorig_Spine1-anim" name="mixamorig_Spine1">
      <source id="mixamorig_Spine1-Matrix-animation-input">
        <float_array id="mixamorig_Spine1-Matrix-animation-input-array" count="70">

0.000000 0.033333 0.066667 0.100000 0.133333 0.166667 0.200000 0.233333 0.266667 0.300000 0.333333 0.366667 0.400000 0.433333 0.466667 0.500000
0.533333 0.566667 0.600000 0.633333 0.666667 0.700000 0.733333 0.766667 0.800000 0.833333 0.866667 0.900000 0.933333 0.966667 1.000000 1.033333
1.066667 1.100000 1.133333 1.166667 1.200000 1.233333 1.266667 1.300000 1.333333 1.366667 1.400000 1.433333 1.466667 1.500000 1.533333 1.566667
1.600000 1.633333 1.666667 1.700000 1.733333 1.766667 1.800000 1.833333 1.866667 1.900000 1.933333 1.966667 2.000000 2.033333 2.066667 2.100000
2.133333 2.166667 2.200000 2.233333 2.266667 2.300000</float_array>
        <technique_common>
          <accessor source="#mixamorig_Spine1-Matrix-animation-input-array" count="70">
            <param name="TIME" type="float"/>
          </accessor>
        </technique_common>
      </source>
      <source id="mixamorig_Spine1-Matrix-animation-output-transform">
        <float_array id="mixamorig_Spine1-Matrix-animation-output-transform-array" count="1120">

0.998870 -0.042723 0.020839 -0.000000 0.043163 0.998844 -0.021156 8.558700 -0.019911 0.022031 0.999559 -0.000000 0.000000 0.000000 0.000000 1.000000
0.999187 -0.034517 0.020812 0.000000 0.035024 0.999086 -0.024520 8.558700 -0.019946 0.025229 0.999483 -0.000000 0.000000 0.000000 0.000000 1.000000
0.999441 -0.027683 0.018724 0.000000 0.028386 0.998860 -0.038372 8.558700 -0.017640 0.038882 0.999088 0.000000 0.000000 0.000000 0.000000 1.000000
0.999583 -0.023112 0.017289 0.000000 0.023938 0.998502 -0.049199 8.558700 -0.016126 0.049592 0.998639 0.000000 0.000000 0.000000 0.000000 1.000000
0.999850 -0.010892 0.013447 0.000000 0.011417 0.999149 -0.039643 8.558700 -0.013004 0.039790 0.999123 0.000000 0.000000 0.000000 0.000000 1.000000
0.999835 0.005154 0.017393 0.000000 -0.004767 0.999742 -0.022216 8.558700 -0.017503 0.022130 0.999602 -0.000000 0.000000 0.000000 0.000000 1.000000
0.999721 0.012782 0.019870 0.000000 -0.012723 0.999914 -0.003056 8.558700 -0.019907 0.002802 0.999798 0.000000 0.000000 0.000000 0.000000 1.000000
0.999653 0.016518 0.020535 0.000000 -0.016871 0.999710 0.017157 8.558700 -0.020246 -0.017498 0.999642 0.000000 0.000000 0.000000 0.000000 1.000000
0.999656 0.016940 0.020042 0.000000 -0.017627 0.999245 0.034619 8.558700 -0.019440 -0.034961 0.999200 0.000000 0.000000 0.000000 0.000000 1.000000
0.999708 0.014814 0.019084 0.000000 -0.015707 0.998749 0.047483 8.558700 -0.018356 -0.047769 0.998690 -0.000000 0.000000 0.000000 0.000000 1.000000
0.999771 0.011643 0.017954 0.000000 -0.012683 0.998183 0.058910 8.558700 -0.017235 -0.059124 0.998102 -0.000000 0.000000 0.000000 0.000000 1.000000
0.999830 0.007807 0.016695 0.000000 -0.008936 0.997603 0.068620 8.558700 -0.016119 -0.068758 0.997503 -0.000000 0.000000 0.000000 0.000000 1.000000
0.999875 0.003687 0.015349 0.000000 -0.004849 0.997070 0.076340 8.558700 -0.015023 -0.076405 0.996964 0.000000 0.000000 0.000000 0.000000 1.000000
0.999903 -0.000337 0.013958 0.000000 -0.000806 0.996649 0.081798 8.558700 -0.013939 -0.081801 0.996551 0.000000 0.000000 0.000000 0.000000 1.000000
0.999914 -0.003883 0.012565 -0.000000 0.002804 0.996400 0.084724 8.558700 -0.012848 -0.084682 0.996325 -0.000000 0.000000 0.000000 0.000000 1.000000
0.999916 -0.006570 0.011211 -0.000000 0.005596 0.996378 0.084853 8.558700 -0.011728 -0.084783 0.996330 0.000000 0.000000 0.000000 0.000000 1.000000
0.999923 -0.007144 0.010177 0.000000 0.006311 0.996803 0.079654 8.558700 -0.010714 -0.079584 0.996771 0.000000 0.000000 0.000000 0.000000 1.000000
0.999931 -0.007265 0.009181 0.000000 0.006578 0.997324 0.072805 8.558700 -0.009685 -0.072740 0.997304 0.000000 0.000000 0.000000 0.000000 1.000000
0.999941 -0.007131 0.008196 0.000000 0.006584 0.997871 0.064886 8.558700 -0.008642 -0.064829 0.997859 0.000000 0.000000 0.000000 0.000000 1.000000
0.999951 -0.006746 0.007234 0.000000 0.006330 0.998407 0.056060 8.558700 -0.007600 -0.056012 0.998401 0.000000 0.000000 0.000000 0.000000 1.000000
0.999961 -0.006114 0.006303 0.000000 0.005814 0.998902 0.046490 8.558700 -0.006581 -0.046452 0.998899 0.000000 0.000000 0.000000 0.000000 1.000000
0.999972 -0.005239 0.005416 -0.000000 0.005039 0.999327 0.036340 8.558700 -0.005603 -0.036311 0.999325 -0.000000 0.000000 0.000000 0.000000 1.000000
0.999981 -0.004128 0.004582 0.000000 0.004008 0.999660 0.025773 8.558700 -0.004687 -0.025754 0.999657 -0.000000 0.000000 0.000000 0.000000 1.000000
0.999989 -0.002657 0.003851 -0.000000 0.002599 0.999883 0.015059 8.558700 -0.003891 -0.015049 0.999879 0.000000 0.000000 0.000000 0.000000 1.000000
0.999995 -0.000744 0.003157 0.000000 0.000731 0.999992 0.004044 8.558700 -0.003160 -0.004042 0.999987 0.000000 0.000000 0.000000 0.000000 1.000000
0.999996 0.001321 0.002408 -0.000000 -0.001303 0.999972 -0.007398 8.558700 -0.002417 0.007395 0.999970 -0.000000 0.000000 0.000000 0.000000 1.000000
0.999992 0.003508 0.001693 -0.000000 -0.003475 0.999817 -0.018793 8.558700 -0.001758 0.018787 0.999822 -0.000000 0.000000 0.000000 0.000000 1.000000
0.999983 0.005788 0.001102 0.000000 -0.005753 0.999543 -0.029668 8.558700 -0.001273 0.029661 0.999559 0.000000 0.000000 0.000000 0.000000 1.000000
0.999967 0.008133 0.000726 0.000000 -0.008098 0.999185 -0.039550 8.558700 -0.001047 0.039543 0.999217 0.000000 0.000000 0.000000 0.000000 1.000000
0.999944 0.010516 0.000656 -0.000000 -0.010472 0.998794 -0.047971 8.558700 -0.001159 0.047961 0.998849 -0.000000 0.000000 0.000000 0.000000 1.000000
0.999916 0.012906 0.000980 0.000000 -0.012833 0.998433 -0.054461 8.558700 -0.001681 0.054444 0.998515 -0.000000 0.000000 0.000000 0.000000 1.000000
0.999882 0.015273 0.001917 0.000000 -0.015136 0.998188 -0.058234 8.558700 -0.002803 0.058198 0.998301 0.000000 0.000000 0.000000 0.000000 1.000000
0.999838 0.017620 0.003601 -0.000000 -0.017377 0.998107 -0.058998 8.558700 -0.004633 0.058926 0.998252 0.000000 0.000000 0.000000 0.000000 1.000000
0.999784 0.019982 0.005773 -0.000000 -0.019616 0.998141 -0.057697 8.558700 -0.006915 0.057571 0.998317 0.000000 0.000000 0.000000 0.000000 1.000000
0.999716 0.022399 0.008148 0.000000 -0.021915 0.998226 -0.055366 8.558700 -0.009374 0.055171 0.998433 0.000000 0.000000 0.000000 0.000000 1.000000
0.999635 0.024913 0.010438 0.000000 -0.024325 0.998296 -0.053037 8.558700 -0.011741 0.052764 0.998538 -0.000000 0.000000 0.000000 0.000000 1.000000
0.999544 0.027561 0.012355 0.000000 -0.026887 0.998299 -0.051741 8.558700 -0.013760 0.051385 0.998584 0.000000 0.000000 0.000000 0.000000 1.000000
0.999446 0.030384 0.013615 0.000000 -0.029631 0.998181 -0.052505 8.558700 -0.015185 0.052073 0.998528 -0.000000 0.000000 0.000000 0.000000 1.000000
0.999348 0.033303 0.013979 0.000000 -0.032471 0.997898 -0.056083 8.558700 -0.015817 0.055592 0.998328 0.000000 0.000000 0.000000 0.000000 1.000000
0.999280 0.035363 0.013718 -0.000000 -0.034468 0.997558 -0.060738 8.558700 -0.015832 0.060222 0.998059 0.000000 0.000000 0.000000 0.000000 1.000000
0.999231 0.037025 0.012892 0.000000 -0.036089 0.997132 -0.066524 8.558700 -0.015318 0.066008 0.997702 0.000000 0.000000 0.000000 0.000000 1.000000
0.999150 0.039648 0.011276 -0.000000 -0.038692 0.996420 -0.075171 8.558700 -0.014216 0.074671 0.997107 0.000000 0.000000 0.000000 0.000000 1.000000
0.998968 0.044593 0.008648 -0.000000 -0.043656 0.995129 -0.088389 8.558700 -0.012547 0.087920 0.996049 0.000000 0.000000 0.000000 0.000000 1.000000
0.998522 0.054173 0.004364 0.000000 -0.053368 0.992526 -0.109747 8.558700 -0.010276 0.109352 0.993950 0.000000 0.000000 0.000000 0.000000 1.000000
0.997476 0.070952 -0.002580 0.000000 -0.070583 0.987041 -0.144109 8.558700 -0.007678 0.143928 0.989558 0.000000 0.000000 0.000000 0.000000 1.000000
0.996144 0.087263 -0.009062 0.000000 -0.087484 0.980230 -0.177468 8.558700 -0.006604 0.177577 0.984085 0.000000 0.000000 0.000000 0.000000 1.000000
0.994984 0.099057 -0.013940 0.000000 -0.099813 0.973864 -0.204024 8.558700 -0.006634 0.204392 0.978867 0.000000 0.000000 0.000000 0.000000 1.000000
0.994850 0.100163 -0.015493 0.000000 -0.101141 0.971174 -0.215852 8.558700 -0.006574 0.216308 0.976303 0.000000 0.000000 0.000000 0.000000 1.000000
0.996478 0.083116 -0.011078 0.000000 -0.083649 0.976205 -0.200068 8.558700 -0.005814 0.200290 0.979719 0.000000 0.000000 0.000000 0.000000 1.000000
0.999515 0.031079 0.001916 -0.000000 -0.030548 0.990628 -0.133125 8.558700 -0.006035 0.133002 0.991097 0.000000 0.000000 0.000000 0.000000 1.000000
0.999633 -0.019531 0.018785 0.000000 0.020844 0.997152 -0.072477 8.558700 -0.017316 0.072842 0.997193 -0.000000 0.000000 0.000000 0.000000 1.000000
0.997994 -0.034701 0.052953 0.000000 0.036537 0.998750 -0.034116 8.558700 -0.051703 0.035983 0.998014 0.000000 0.000000 0.000000 0.000000 1.000000
0.995061 -0.038443 0.091518 0.000000 0.038982 0.999232 -0.004102 8.558700 -0.091290 0.007649 0.995795 0.000000 0.000000 0.000000 0.000000 1.000000
0.991185 -0.039574 0.126434 -0.000000 0.037559 0.999127 0.018280 8.558700 -0.127047 -0.013370 0.991807 0.000000 0.000000 0.000000 0.000000 1.000000
0.989124 -0.042020 0.140956 0.000000 0.039881 0.999043 0.017965 8.558700 -0.141576 -0.012148 0.989853 0.000000 0.000000 0.000000 0.000000 1.000000
0.988792 -0.045134 0.142318 0.000000 0.044073 0.998972 0.010599 8.558700 -0.142650 -0.004208 0.989764 0.000000 0.000000 0.000000 0.000000 1.000000
0.990284 -0.045877 0.131271 0.000000 0.045260 0.998946 0.007686 8.558700 -0.131485 -0.001670 0.991317 -0.000000 0.000000 0.000000 0.000000 1.000000
0.993292 -0.044570 0.106703 0.000000 0.044371 0.999006 0.004235 8.558700 -0.106785 0.000528 0.994282 0.000000 0.000000 0.000000 0.000000 1.000000
0.996117 -0.042456 0.077121 0.000000 0.042528 0.999095 0.000707 8.558700 -0.077081 0.002576 0.997022 0.000000 0.000000 0.000000 0.000000 1.000000
0.998032 -0.040229 0.048092 0.000000 0.040402 0.999180 -0.002620 8.558700 -0.047947 0.004557 0.998839 -0.000000 0.000000 0.000000 0.000000 1.000000
0.998937 -0.038583 0.025235 0.000000 0.038736 0.999234 -0.005595 8.558700 -0.025000 0.006566 0.999666 0.000000 0.000000 0.000000 0.000000 1.000000
0.999192 -0.038046 0.012979 0.000000 0.038155 0.999238 -0.008253 8.558700 -0.012655 0.008741 0.999882 0.000000 0.000000 0.000000 0.000000 1.000000
0.999229 -0.038260 0.008852 0.000000 0.038356 0.999205 -0.010886 8.558700 -0.008428 0.011217 0.999902 0.000000 0.000000 0.000000 0.000000 1.000000
0.999193 -0.038919 0.009914 0.000000 0.039050 0.999148 -0.013366 8.558700 -0.009385 0.013743 0.999862 0.000000 0.000000 0.000000 0.000000 1.000000
0.999115 -0.039785 0.013641 0.000000 0.039995 0.999080 -0.015486 8.558700 -0.013012 0.016018 0.999787 -0.000000 0.000000 0.000000 0.000000 1.000000
0.999021 -0.040616 0.017509 -0.000000 0.040915 0.999017 -0.017044 8.558700 -0.016800 0.017744 0.999701 -0.000000 0.000000 0.000000 0.000000 1.000000
0.998941 -0.041237 0.020415 0.000000 0.041593 0.998984 -0.017333 8.558700 -0.019680 0.018164 0.999641 -0.000000 0.000000 0.000000 0.000000 1.000000
0.998939 -0.040582 0.021755 0.000000 0.040999 0.998977 -0.019079 8.558700 -0.020959 0.019950 0.999581 0.000000 0.000000 0.000000 0.000000 1.000000
0.998957 -0.040026 0.021981 0.000000 0.040516 0.998930 -0.022305 8.558700 -0.021064 0.023173 0.999510 0.000000 0.000000 0.000000 0.000000 1.000000
0.998949 -0.039222 0.023734 -0.000000 0.039833 0.998872 -0.025844 8.558700 -0.022693 0.026762 0.999384 0.000000 0.000000 0.000000 0.000000 1.000000</float_array>
        <technique_common>
          <accessor source="#mixamorig_Spine1-Matrix-animation-output-transform-array" count="70" stride="16">
            <param type="float4x4"/>
          </accessor>
        </technique_common>
      </source>
      <source id="mixamorig_Spine1-Interpolations">
        <Name_array id="mixamorig_Spine1-Interpolations-array" count="70">
 LINEAR LINEAR LINEAR LINEAR LINEAR LINEAR LINEAR LINEAR LINEAR LINEAR LINEAR
LINEAR LINEAR LINEAR LINEAR LINEAR LINEAR LINEAR LINEAR LINEAR LINEAR LINEAR LINEAR
LINEAR LINEAR LINEAR LINEAR LINEAR LINEAR LINEAR LINEAR LINEAR LINEAR LINEAR LINEAR
LINEAR LINEAR LINEAR LINEAR LINEAR LINEAR LINEAR LINEAR LINEAR LINEAR LINEAR LINEAR
LINEAR LINEAR LINEAR LINEAR LINEAR LINEAR LINEAR LINEAR LINEAR LINEAR LINEAR LINEAR
LINEAR LINEAR LINEAR LINEAR LINEAR LINEAR LINEAR LINEAR LINEAR LINEAR LINEAR</Name_array>
        <technique_common>
          <accessor source="#mixamorig_Spine1-Interpolations-array" count="70">
            <param type="name"/>
          </accessor>
        </technique_common>
      </source>
      <sampler id="mixamorig_Spine1-Matrix-animation-transform">
        <input semantic="INPUT" source="#mixamorig_Spine1-Matrix-animation-input"/>
