<?xml version="1.0" encoding="utf-8"?>
<COLLADA xmlns="http://www.collada.org/2005/11/COLLADASchema" version="1.4.1">
  <asset>
    <contributor>
      <author>Mixamo</author>
      <authoring_tool>COLLADA Mixamo exporter</authoring_tool>
      <comments/>
    </contributor>
    <created>2024-12-02T03:07:45Z</created>
    <modified>2024-12-02T03:07:45Z</modified>
    <revision/>
    <title/>
    <unit meter="0.010000"/>
    <up_axis>Y_UP</up_axis>
  </asset>
  <library_animations>
    <animation id="mixamorig_Hips-anim" name="mixamorig_Hips">
      <source id="mixamorig_Hips-Matrix-animation-input">
        <float_array id="mixamorig_Hips-Matrix-animation-input-array" count="41">

0.000000 0.033333 0.066667 0.100000 0.133333 0.166667 0.200000 0.233333 0.266667 0.300000 0.333333 0.366667 0.400000 0.433333 0.466667 0.500000
0.533333 0.566667 0.600000 0.633333 0.666667 0.700000 0.733333 0.766667 0.800000 0.833333 0.866667 0.900000 0.933333 0.966667 1.000000 1.033333
1.066667 1.100000 1.133333 1.166667 1.200000 1.233333 1.266667 1.300000 1.333333</float_array>
        <technique_common>
          <accessor source="#mixamorig_Hips-Matrix-animation-input-array" count="41">
            <param name="TIME" type="float"/>
          </accessor>
        </technique_common>
      </source>
      <source id="mixamorig_Hips-Matrix-animation-output-transform">
        <float_array id="mixamorig_Hips-Matrix-animation-output-transform-array" count="656">

0.838473 -0.031668 -0.544023 0.320191 -0.037153 0.992665 -0.115044 105.308998 0.543676 0.116673 0.831146 1.146004 0.000000 0.000000 0.000000 1.000000
0.831615 -0.039183 -0.553968 0.405390 -0.029624 0.992958 -0.114704 106.573021 0.554562 0.111800 0.824598 4.367971 0.000000 0.000000 0.000000 1.000000
0.821781 -0.048861 -0.567704 0.494443 -0.019898 0.993248 -0.114290 108.322304 0.569455 0.105218 0.815261 7.971986 0.000000 0.000000 0.000000 1.000000
0.809252 -0.058838 -0.584507 0.635510 -0.011109 0.993261 -0.115364 110.125381 0.587356 0.099852 0.803145 11.483242 0.000000 0.000000 0.000000 1.000000
0.795101 -0.069374 -0.602496 0.867067 -0.004332 0.992761 -0.120028 111.572273 0.606461 0.098044 0.789045 14.953314 0.000000 0.000000 0.000000 1.000000
0.780607 -0.079960 -0.619887 1.176475 0.000216 0.991817 -0.127665 112.324219 0.625022 0.099522 0.774237 18.555058 0.000000 0.000000 0.000000 1.000000
0.766959 -0.087876 -0.635650 1.577001 0.002105 0.990918 -0.134451 112.326569 0.641692 0.101780 0.760179 22.384495 0.000000 0.000000 0.000000 1.000000
0.754551 -0.088550 -0.650239 2.104412 -0.000673 0.990749 -0.135703 111.515831 0.656241 0.102833 0.747512 26.641546 0.000000 0.000000 0.000000 1.000000
0.743495 -0.079773 -0.663967 2.773789 -0.008438 0.991661 -0.128594 110.057419 0.668689 0.101211 0.736622 31.472790 0.000000 0.000000 0.000000 1.000000
0.734178 -0.063149 -0.676014 3.622496 -0.020099 0.993208 -0.114607 108.232658 0.678660 0.097729 0.727921 36.978573 0.000000 0.000000 0.000000 1.000000
0.727161 -0.045710 -0.684943 4.695751 -0.030250 0.994678 -0.098494 106.460747 0.685800 0.092340 0.721908 43.095791 0.000000 0.000000 0.000000 1.000000
0.721655 -0.031263 -0.691547 6.037754 -0.039316 0.995516 -0.086033 104.621552 0.691136 0.089275 0.717190 49.628609 0.000000 0.000000 0.000000 1.000000
0.715825 -0.027168 -0.697751 7.410093 -0.041916 0.995769 -0.081774 103.085274 0.697021 0.087783 0.711658 55.794827 0.000000 0.000000 0.000000 1.000000
0.709965 -0.030825 -0.703562 8.573878 -0.043269 0.995245 -0.087267 102.096497 0.702906 0.092399 0.705255 61.207626 0.000000 0.000000 0.000000 1.000000
0.709723 -0.036181 -0.703551 9.398689 -0.047012 0.994022 -0.098544 101.886681 0.702911 0.103014 0.703779 65.944077 0.000000 0.000000 0.000000 1.000000
0.719923 -0.040914 -0.692847 9.828516 -0.048938 0.992784 -0.109476 102.213913 0.692326 0.112721 0.712726 70.032730 0.000000 0.000000 0.000000 1.000000
0.737864 -0.044877 -0.673456 9.901124 -0.046284 0.992074 -0.116819 102.878044 0.673361 0.117367 0.729939 73.721100 0.000000 0.000000 0.000000 1.000000
0.755658 -0.047719 -0.653226 9.774176 -0.042371 0.991692 -0.121460 103.758904 0.653595 0.119460 0.747358 77.305550 0.000000 0.000000 0.000000 1.000000
0.768410 -0.050290 -0.637979 9.560987 -0.038941 0.991386 -0.125051 104.650673 0.638772 0.120934 0.759832 80.815384 0.000000 0.000000 0.000000 1.000000
0.777479 -0.053453 -0.626633 9.322236 -0.034720 0.991214 -0.127631 105.574966 0.627949 0.120987 0.768793 84.345291 0.000000 0.000000 0.000000 1.000000
0.786604 -0.057457 -0.614779 9.093987 -0.027912 0.991334 -0.128363 106.556923 0.616827 0.118131 0.778184 87.972412 0.000000 0.000000 0.000000 1.000000
0.797933 -0.061095 -0.599642 8.888398 -0.019305 0.991749 -0.126734 107.569092 0.602437 0.112701 0.790170 91.655319 0.000000 0.000000 0.000000 1.000000
0.810893 -0.062976 -0.581796 8.681118 -0.011191 0.992342 -0.123014 108.549423 0.585087 0.106262 0.803978 95.342926 0.000000 0.000000 0.000000 1.000000
0.823180 -0.063017 -0.564273 8.442579 -0.005137 0.992955 -0.118385 109.373726 0.567758 0.100350 0.817056 98.991386 0.000000 0.000000 0.000000 1.000000
0.832956 -0.062537 -0.549795 8.170187 -0.000912 0.993437 -0.114381 109.872696 0.553339 0.095775 0.827432 102.610931 0.000000 0.000000 0.000000 1.000000
0.840259 -0.062375 -0.538586 7.852303 0.001940 0.993700 -0.112056 109.916389 0.542182 0.093111 0.835086 106.277191 0.000000 0.000000 0.000000 1.000000
0.846378 -0.062069 -0.528954 7.474069 0.003221 0.993764 -0.111456 109.465073 0.532573 0.092630 0.841300 110.077820 0.000000 0.000000 0.000000 1.000000
0.852819 -0.062323 -0.518474 6.966637 0.004549 0.993702 -0.111965 108.509644 0.522186 0.093127 0.847732 114.189949 0.000000 0.000000 0.000000 1.000000
0.860495 -0.064494 -0.505360 6.250814 0.008093 0.993560 -0.113017 107.157173 0.509394 0.093161 0.855476 118.876350 0.000000 0.000000 0.000000 1.000000
0.868761 -0.068999 -0.490401 5.344769 0.014269 0.993323 -0.114482 105.487320 0.495026 0.092459 0.863945 124.213844 0.000000 0.000000 0.000000 1.000000
0.874732 -0.071761 -0.479265 4.436093 0.017648 0.993036 -0.116479 103.693291 0.484286 0.093429 0.869907 129.835220 0.000000 0.000000 0.000000 1.000000
0.875802 -0.063590 -0.478463 3.612891 0.007346 0.992925 -0.118517 102.109360 0.482614 0.100283 0.870073 134.730316 0.000000 0.000000 0.000000 1.000000
0.872735 -0.049801 -0.485648 3.096517 -0.009979 0.992756 -0.119735 100.452408 0.488093 0.109344 0.865915 138.717880 0.000000 0.000000 0.000000 1.000000
0.868166 -0.037412 -0.494861 2.436430 -0.024966 0.992599 -0.118842 99.699646 0.495645 0.115530 0.860807 142.348282 0.000000 0.000000 0.000000 1.000000
0.864784 -0.029459 -0.501279 1.740550 -0.033680 0.992627 -0.116439 99.690536 0.501013 0.117578 0.857415 145.811752 0.000000 0.000000 0.000000 1.000000
0.860611 -0.024509 -0.508672 1.262143 -0.040097 0.992479 -0.115660 100.061966 0.507681 0.119934 0.853156 149.189438 0.000000 0.000000 0.000000 1.000000
0.853976 -0.022839 -0.519810 0.939642 -0.045177 0.992008 -0.117806 100.781799 0.518347 0.124087 0.846120 152.668716 0.000000 0.000000 0.000000 1.000000
0.847714 -0.022255 -0.529986 0.757159 -0.049621 0.991411 -0.121001 101.644005 0.528128 0.128873 0.839329 156.179825 0.000000 0.000000 0.000000 1.000000
0.843932 -0.022666 -0.535970 0.554314 -0.050928 0.991209 -0.122109 102.677567 0.534027 0.130348 0.835359 159.751389 0.000000 0.000000 0.000000 1.000000
0.841816 -0.025836 -0.539145 0.384002 -0.046448 0.991681 -0.120046 104.018219 0.537762 0.126099 0.833613 163.614731 0.000000 0.000000 0.000000 1.000000
0.838473 -0.031667 -0.544023 0.320187 -0.037153 0.992665 -0.115044 105.308998 0.543676 0.116673 0.831146 167.452652 0.000000 0.000000 0.000000 1.000000</float_array>
        <technique_common>
          <accessor source="#mixamorig_Hips-Matrix-animation-output-transform-array" count="41" stride="16">
            <param type="float4x4"/>
          </accessor>
        </technique_common>
      </source>
      <source id="mixamorig_Hips-Interpolations">
        <Name_array id="mixamorig_Hips-Interpolations-array" count="41">
 LINEAR LINEAR LINEAR LINEAR LINEAR LINEAR LINEAR LINEAR LINEAR LINEAR LINEAR
LINEAR LINEAR LINEAR LINEAR LINEAR LINEAR LINEAR LINEAR LINEAR LINEAR LINEAR LINEAR
LINEAR LINEAR LINEAR LINEAR LINEAR LINEAR LINEAR LINEAR LINEAR LINEAR LINEAR LINEAR
LINEAR LINEAR LINEAR LINEAR LINEAR LINEAR</Name_array>
        <technique_common>
          <accessor source="#mixamorig_Hips-Interpolations-array" count="41">
            <param type="name"/>
          </accessor>
        </technique_common>
      </source>
      <sampler id="mixamorig_Hips-Matrix-animation-transform">
        <input semantic="INPUT" source="#mixamorig_Hips-Matrix-animation-input"/>
        <input semantic="OUTPUT" source="#mixamorig_Hips-Matrix-animation-output-transform"/>
        <input semantic="INTERPOLATION" source="#mixamorig_Hips-Interpolations"/>
      </sampler>
      <channel source="#mixamorig_Hips-Matrix-animation-transform" target="mixamorig_Hips/matrix"/>
    </animation>
    <animation id="mixamorig_Spine-anim" name="mixamorig_Spine">
      <source id="mixamorig_Spine-Matrix-animation-input">
        <float_array id="mixamorig_Spine-Matrix-animation-input-array" count="41">

0.000000 0.033333 0.066667 0.100000 0.133333 0.166667 0.200000 0.233333 0.266667 0.300000 0.333333 0.366667 0.400000 0.433333 0.466667 0.500000
0.533333 0.566667 0.600000 0.633333 0.666667 0.700000 0.733333 0.766667 0.800000 0.833333 0.866667 0.900000 0.933333 0.966667 1.000000 1.033333
1.066667 1.100000 1.133333 1.166667 1.200000 1.233333 1.266667 1.300000 1.333333</float_array>
        <technique_common>
          <accessor source="#mixamorig_Spine-Matrix-animation-input-array" count="41">
            <param name="TIME" type="float"/>
          </accessor>
        </technique_common>
      </source>
      <source id="mixamorig_Spine-Matrix-animation-output-transform">
        <float_array id="mixamorig_Spine-Matrix-animation-output-transform-array" count="656">

0.998206 -0.035254 -0.048391 0.072000 0.026044 0.983458 -0.179257 7.257300 0.053910 0.177675 0.982612 -0.789700 0.000000 0.000000 0.000000 1.000000
0.998391 -0.031735 -0.046994 0.072000 0.022841 0.983592 -0.178955 7.257300 0.051902 0.177593 0.982734 -0.789700 0.000000 0.000000 0.000000 1.000000
0.998574 -0.025440 -0.046927 0.072000 0.016658 0.983737 -0.178842 7.257300 0.050714 0.177806 0.982758 -0.789700 0.000000 0.000000 0.000000 1.000000
0.998681 -0.017908 -0.048115 0.072000 0.009068 0.983986 -0.178012 7.257300 0.050532 0.177341 0.982851 -0.789700 0.000000 0.000000 0.000000 1.000000
0.998685 -0.010368 -0.050211 0.072000 0.001419 0.984553 -0.175081 7.257300 0.051250 0.174780 0.983273 -0.789700 0.000000 0.000000 0.000000 1.000000
0.998610 -0.003420 -0.052589 0.072000 -0.005596 0.985369 -0.170340 7.257300 0.052403 0.170398 0.983981 -0.789700 0.000000 0.000000 0.000000 1.000000
0.998500 0.002287 -0.054699 0.072000 -0.011346 0.986082 -0.165875 7.257300 0.053559 0.166247 0.984629 -0.789700 0.000000 0.000000 0.000000 1.000000
0.998452 0.005077 -0.055388 0.072000 -0.014112 0.986363 -0.163978 7.257300 0.053800 0.164506 0.984908 -0.789700 0.000000 0.000000 0.000000 1.000000
0.998517 0.004517 -0.054255 0.072000 -0.013469 0.986068 -0.165796 7.257300 0.052751 0.166281 0.984666 -0.789700 0.000000 0.000000 0.000000 1.000000
0.998682 0.000907 -0.051325 0.072000 -0.009680 0.985235 -0.170935 7.257300 0.050412 0.171207 0.983945 -0.789700 0.000000 0.000000 0.000000 1.000000
0.998876 -0.002086 -0.047355 0.072000 -0.006382 0.984015 -0.177972 7.257300 0.046969 0.178074 0.982895 -0.789700 0.000000 0.000000 0.000000 1.000000
0.999120 -0.005914 -0.041514 0.072000 -0.001875 0.982718 -0.185102 7.257300 0.041891 0.185017 0.981842 -0.789700 0.000000 0.000000 0.000000 1.000000
0.999337 -0.004041 -0.036185 0.072000 -0.002891 0.981881 -0.189477 7.257300 0.036295 0.189456 0.981218 -0.789700 0.000000 0.000000 0.000000 1.000000
0.999476 0.000835 -0.032372 0.072000 -0.006973 0.981769 -0.189948 7.257300 0.031623 0.190074 0.981260 -0.789700 0.000000 0.000000 0.000000 1.000000
0.999501 0.003792 -0.031372 0.072000 -0.009638 0.982055 -0.188349 7.257300 0.030095 0.188558 0.981601 -0.789700 0.000000 0.000000 0.000000 1.000000
0.999425 0.004847 -0.033562 0.072000 -0.011062 0.982189 -0.187568 7.257300 0.032055 0.187832 0.981678 -0.789700 0.000000 0.000000 0.000000 1.000000
0.999266 0.005747 -0.037882 0.072000 -0.012784 0.982041 -0.188237 7.257300 0.036120 0.188583 0.981393 -0.789700 0.000000 0.000000 0.000000 1.000000
0.999081 0.006921 -0.042310 0.072000 -0.014789 0.981945 -0.188589 7.257300 0.040241 0.189042 0.981144 -0.789700 0.000000 0.000000 0.000000 1.000000
0.998909 0.009131 -0.045797 0.072000 -0.017569 0.982125 -0.187407 7.257300 0.043267 0.188007 0.981214 -0.789700 0.000000 0.000000 0.000000 1.000000
0.998730 0.011487 -0.049056 0.072000 -0.020404 0.982461 -0.185348 7.257300 0.046067 0.186113 0.981448 -0.789700 0.000000 0.000000 0.000000 1.000000
0.998505 0.012571 -0.053203 0.072000 -0.022155 0.982753 -0.183589 7.257300 0.049978 0.184493 0.981562 -0.789700 0.000000 0.000000 0.000000 1.000000
0.998229 0.011214 -0.058414 0.072000 -0.021735 0.982922 -0.182736 7.257300 0.055367 0.183682 0.981425 -0.789700 0.000000 0.000000 0.000000 1.000000
0.997927 0.007297 -0.063944 0.072000 -0.018894 0.982989 -0.182691 7.257300 0.061523 0.183520 0.981089 -0.789700 0.000000 0.000000 0.000000 1.000000
0.997646 0.001746 -0.068556 0.072000 -0.014282 0.983049 -0.182786 7.257300 0.067075 0.183335 0.980760 -0.789700 0.000000 0.000000 0.000000 1.000000
0.997431 -0.004094 -0.071522 0.072000 -0.009031 0.983214 -0.182235 7.257300 0.071068 0.182413 0.980650 -0.789700 0.000000 0.000000 0.000000 1.000000
0.997278 -0.009929 -0.073057 0.072000 -0.003451 0.983519 -0.180771 7.257300 0.073647 0.180531 0.980808 -0.789700 0.000000 0.000000 0.000000 1.000000
0.997139 -0.016351 -0.073803 0.072000 0.002901 0.983884 -0.178787 7.257300 0.075537 0.178061 0.981116 -0.789700 0.000000 0.000000 0.000000 1.000000
0.996935 -0.022197 -0.075020 0.072000 0.008617 0.984225 -0.176712 7.257300 0.077759 0.175524 0.981400 -0.789700 0.000000 0.000000 0.000000 1.000000
0.996660 -0.025638 -0.077530 0.072000 0.011745 0.984568 -0.174605 7.257300 0.080810 0.173112 0.981581 -0.789700 0.000000 0.000000 0.000000 1.000000
0.996356 -0.026585 -0.081038 0.072000 0.012261 0.984955 -0.172376 7.257300 0.084402 0.170754 0.981692 -0.789700 0.000000 0.000000 0.000000 1.000000
0.996173 -0.026605 -0.083259 0.072000 0.012071 0.985297 -0.170425 7.257300 0.086569 0.168768 0.981847 -0.789700 0.000000 0.000000 0.000000 1.000000
0.996195 -0.032465 -0.080876 0.072000 0.018314 0.985287 -0.169926 7.257300 0.085202 0.167798 0.982133 -0.789700 0.000000 0.000000 0.000000 1.000000
0.996348 -0.038748 -0.076082 0.072000 0.025269 0.984994 -0.170729 7.257300 0.081556 0.168183 0.982376 -0.789700 0.000000 0.000000 0.000000 1.000000
0.996729 -0.041176 -0.069534 0.072000 0.028672 0.984663 -0.172095 7.257300 0.075554 0.169539 0.982623 -0.789700 0.000000 0.000000 0.000000 1.000000
0.997099 -0.041015 -0.064118 0.072000 0.029347 0.984424 -0.173346 7.257300 0.070229 0.170961 0.982772 -0.789700 0.000000 0.000000 0.000000 1.000000
0.997354 -0.042018 -0.059329 0.072000 0.031122 0.984271 -0.173905 7.257300 0.065703 0.171598 0.982974 -0.789700 0.000000 0.000000 0.000000 1.000000
0.997577 -0.043237 -0.054501 0.072000 0.033179 0.984267 -0.173542 7.257300 0.061147 0.171313 0.983317 -0.789700 0.000000 0.000000 0.000000 1.000000
0.997705 -0.044607 -0.050946 0.072000 0.035149 0.984222 -0.173414 7.257300 0.057878 0.171225 0.983530 -0.789700 0.000000 0.000000 0.000000 1.000000
0.997814 -0.044359 -0.048985 0.072000 0.035168 0.983993 -0.174704 7.257300 0.055951 0.172599 0.983402 -0.789700 0.000000 0.000000 0.000000 1.000000
0.997979 -0.040881 -0.048647 0.072000 0.031648 0.983636 -0.177366 7.257300 0.055101 0.175468 0.982942 -0.789700 0.000000 0.000000 0.000000 1.000000
0.998206 -0.035255 -0.048393 0.072000 0.026043 0.983457 -0.179258 7.257300 0.053912 0.177676 0.982611 -0.789700 0.000000 0.000000 0.000000 1.000000</float_array>
        <technique_common>
          <accessor source="#mixamorig_Spine-Matrix-animation-output-transform-array" count="41" stride="16">
            <param type="float4x4"/>
          </accessor>
        </technique_common>
      </source>
      <source id="mixamorig_Spine-Interpolations">
        <Name_array id="mixamorig_Spine-Interpolations-array" count="41">
 LINEAR LINEAR LINEAR LINEAR LINEAR LINEAR LINEAR LINEAR LINEAR LINEAR LINEAR
LINEAR LINEAR LINEAR LINEAR LINEAR LINEAR LINEAR LINEAR LINEAR LINEAR LINEAR LINEAR
LINEAR LINEAR LINEAR LINEAR LINEAR LINEAR LINEAR LINEAR LINEAR LINEAR LINEAR LINEAR
LINEAR LINEAR LINEAR LINEAR LINEAR LINEAR</Name_array>
        <technique_common>
          <accessor source="#mixamorig_Spine-Interpolations-array" count="41">
            <param type="name"/>
          </accessor>
        </technique_common>
      </source>
      <sampler id="mixamorig_Spine-Matrix-animation-transform">
        <input semantic="INPUT" source="#mixamorig_Spine-Matrix-animation-input"/>
        <input semantic="OUTPUT" source="#mixamorig_Spine-Matrix-animation-output-transform"/>
        <input semantic="INTERPOLATION" source="#mixamorig_Spine-Interpolations"/>
      </sampler>
      <channel source="#mixamorig_Spine-Matrix-animation-transform" target="mixamorig_Spine/matrix"/>
    </animation>
    <animation id="mixamorig_Spine1-anim" name="mixamorig_Spine1">
      <source id="mixamorig_Spine1-Matrix-animation-input">
        <float_array id="mixamorig_Spine1-Matrix-animation-input-array" count="41">

0.000000 0.033333 0.066667 0.100000 0.133333 0.166667 0.200000 0.233333 0.266667 0.300000 0.333333 0.366667 0.400000 0.433333 0.466667 0.500000
0.533333 0.566667 0.600000 0.633333 0.666667 0.700000 0.733333 0.766667 0.800000 0.833333 0.866667 0.900000 0.933333 0.966667 1.000000 1.033333
1.066667 1.100000 1.133333 1.166667 1.200000 1.233333 1.266667 1.300000 1.333333</float_array>
        <technique_common>
          <accessor source="#mixamorig_Spine1-Matrix-animation-input-array" count="41">
            <param name="TIME" type="float"/>
          </accessor>
        </technique_common>
      </source>
      <source id="mixamorig_Spine1-Matrix-animation-output-transform">
        <float_array id="mixamorig_Spine1-Matrix-animation-output-transform-array" count="656">

0.995601 -0.010751 -0.093072 0.000000 -0.005029 0.985829 -0.167679 8.558700 0.093556 0.167409 0.981438 0.000000 0.000000 0.000000 0.000000 1.000000
0.995688 -0.007772 -0.092444 -0.000000 -0.007855 0.985843 -0.167485 8.558700 0.092437 0.167489 0.981531 -0.000000 0.000000 0.000000 0.000000 1.000000
0.995747 -0.004314 -0.092030 0.000000 -0.011207 0.985814 -0.167466 8.558700 0.091447 0.167785 0.981573 -0.000000 0.000000 0.000000 0.000000 1.000000
0.995743 -0.001100 -0.092166 0.000000 -0.014315 0.985951 -0.166420 8.558700 0.091055 0.167030 0.981738 -0.000000 0.000000 0.000000 0.000000 1.000000
0.995674 0.001596 -0.092897 -0.000000 -0.016763 0.986531 -0.162715 8.558700 0.091386 0.163569 0.982290 0.000000 0.000000 0.000000 0.000000 1.000000
0.995576 0.003738 -0.093882 -0.000000 -0.018482 0.987477 -0.156677 8.558700 0.092121 0.157719 0.983178 0.000000 0.000000 0.000000 0.000000 1.000000
0.995511 0.005303 -0.094493 0.000000 -0.019596 0.988342 -0.150981 8.558700 0.092591 0.152155 0.984010 0.000000 0.000000 0.000000 0.000000 1.000000
0.995539 0.005911 -0.094162 0.000000 -0.019933 0.988686 -0.148672 8.558700 0.092218 0.149886 0.984393 -0.000000 0.000000 0.000000 0.000000 1.000000
0.995694 0.004805 -0.092577 -0.000000 -0.018839 0.988304 -0.151327 8.558700 0.090768 0.152419 0.984139 -0.000000 0.000000 0.000000 0.000000 1.000000
0.995977 0.001866 -0.089590 0.000000 -0.016068 0.987298 -0.158066 8.558700 0.088157 0.158869 0.983356 0.000000 0.000000 0.000000 0.000000 1.000000
0.996372 -0.001307 -0.085097 0.000000 -0.012953 0.985904 -0.166810 8.558700 0.084116 0.167307 0.982310 -0.000000 0.000000 0.000000 0.000000 1.000000
0.996868 -0.002205 -0.079055 0.000000 -0.011715 0.984466 -0.175182 8.558700 0.078213 0.175560 0.981357 0.000000 0.000000 0.000000 0.000000 1.000000
0.997416 -0.000333 -0.071842 0.000000 -0.012686 0.983459 -0.180686 8.558700 0.070714 0.181131 0.980913 0.000000 0.000000 0.000000 0.000000 1.000000
0.997880 0.001444 -0.065062 0.000000 -0.013296 0.983188 -0.182111 8.558700 0.063705 0.182590 0.981123 0.000000 0.000000 0.000000 0.000000 1.000000
0.998117 -0.000440 -0.061338 -0.000000 -0.010713 0.983353 -0.181391 8.558700 0.060396 0.181706 0.981496 0.000000 0.000000 0.000000 0.000000 1.000000
0.998042 -0.006443 -0.062215 0.000000 -0.004981 0.983337 -0.181725 8.558700 0.062349 0.181679 0.981379 0.000000 0.000000 0.000000 0.000000 1.000000
0.997721 -0.014099 -0.065991 0.000000 0.001731 0.982954 -0.183845 8.558700 0.067458 0.183312 0.980738 0.000000 0.000000 0.000000 0.000000 1.000000
0.997368 -0.020446 -0.069563 -0.000000 0.007205 0.982617 -0.185504 8.558700 0.072146 0.184515 0.980178 0.000000 0.000000 0.000000 0.000000 1.000000
0.997144 -0.023868 -0.071653 0.000000 0.010240 0.982715 -0.184842 8.558700 0.074826 0.183581 0.980153 0.000000 0.000000 0.000000 0.000000 1.000000
0.996993 -0.024904 -0.073381 -0.000000 0.011120 0.983128 -0.182581 8.558700 0.076690 0.181216 0.980448 -0.000000 0.000000 0.000000 0.000000 1.000000
0.996746 -0.025614 -0.076432 0.000000 0.011436 0.983517 -0.180451 8.558700 0.079795 0.178990 0.980610 0.000000 0.000000 0.000000 0.000000 1.000000
0.996290 -0.027714 -0.081479 0.000000 0.012683 0.983676 -0.179504 8.558700 0.085124 0.177804 0.980377 -0.000000 0.000000 0.000000 0.000000 1.000000
0.995655 -0.031130 -0.087756 -0.000000 0.014928 0.983634 -0.179558 8.558700 0.091909 0.177468 0.979825 -0.000000 0.000000 0.000000 0.000000 1.000000
0.995007 -0.034569 -0.093626 0.000000 0.017280 0.983600 -0.179532 8.558700 0.098297 0.177018 0.979287 0.000000 0.000000 0.000000 0.000000 1.000000
0.994508 -0.037034 -0.097893 -0.000000 0.019087 0.983795 -0.178276 8.558700 0.102909 0.175428 0.979099 0.000000 0.000000 0.000000 0.000000 1.000000
0.994174 -0.038313 -0.100752 0.000000 0.020142 0.984267 -0.175537 8.558700 0.105893 0.172484 0.979304 -0.000000 0.000000 0.000000 0.000000 1.000000
0.993890 -0.038540 -0.103428 0.000000 0.020284 0.984875 -0.172073 8.558700 0.108496 0.168923 0.979640 0.000000 0.000000 0.000000 0.000000 1.000000
0.993522 -0.037893 -0.107140 -0.000000 0.019411 0.985503 -0.168546 8.558700 0.111973 0.165375 0.979854 0.000000 0.000000 0.000000 0.000000 1.000000
0.993000 -0.036735 -0.112254 0.000000 0.017801 0.986093 -0.165235 8.558700 0.116763 0.162081 0.979845 0.000000 0.000000 0.000000 0.000000 1.000000
0.992438 -0.035995 -0.117347 0.000000 0.016630 0.986651 -0.161999 8.558700 0.121612 0.158822 0.979789 0.000000 0.000000 0.000000 0.000000 1.000000
0.992210 -0.036679 -0.119051 -0.000000 0.017381 0.987085 -0.159253 8.558700 0.123354 0.155944 0.980033 -0.000000 0.000000 0.000000 0.000000 1.000000
0.992622 -0.038539 -0.114960 0.000000 0.020026 0.987228 -0.158049 8.558700 0.119583 0.154581 0.980716 0.000000 0.000000 0.000000 0.000000 1.000000
0.993435 -0.039964 -0.107192 0.000000 0.022546 0.987015 -0.159035 8.558700 0.112156 0.155574 0.981437 0.000000 0.000000 0.000000 0.000000 1.000000
0.994163 -0.039750 -0.100300 0.000000 0.023142 0.986582 -0.161619 8.558700 0.105378 0.158354 0.981743 0.000000 0.000000 0.000000 0.000000 1.000000
0.994683 -0.037769 -0.095806 0.000000 0.021664 0.986243 -0.163878 8.558700 0.100677 0.160931 0.981817 0.000000 0.000000 0.000000 0.000000 1.000000
0.995161 -0.034548 -0.091982 0.000000 0.019046 0.986217 -0.164359 8.558700 0.096393 0.161811 0.982103 -0.000000 0.000000 0.000000 0.000000 1.000000
0.995608 -0.030585 -0.088478 0.000000 0.015793 0.986453 -0.163283 8.558700 0.092273 0.161169 0.982604 0.000000 0.000000 0.000000 0.000000 1.000000
0.995854 -0.026160 -0.087122 -0.000000 0.011715 0.986661 -0.162364 8.558700 0.090207 0.160670 0.982877 -0.000000 0.000000 0.000000 0.000000 1.000000
0.995845 -0.021433 -0.088503 -0.000000 0.006731 0.986574 -0.163178 8.558700 0.090812 0.161905 0.982619 0.000000 0.000000 0.000000 0.000000 1.000000
0.995695 -0.016160 -0.091268 0.000000 0.000820 0.986182 -0.165664 8.558700 0.092684 0.164876 0.981950 -0.000000 0.000000 0.000000 0.000000 1.000000
0.995601 -0.010751 -0.093073 -0.000000 -0.005029 0.985829 -0.167679 8.558700 0.093556 0.167409 0.981438 0.000000 0.000000 0.000000 0.000000 1.000000</float_array>
        <technique_common>
          <accessor source="#mixamorig_Spine1-Matrix-animation-output-transform-array" count="41" stride="16">
            <param type="float4x4"/>
          </accessor>
        </technique_common>
      </source>
      <source id="mixamorig_Spine1-Interpolations">
        <Name_array id="mixamorig_Spine1-Interpolations-array" count="41">
 LINEAR LINEAR LINEAR LINEAR LINEAR LINEAR LINEAR LINEAR LINEAR LINEAR LINEAR
LINEAR LINEAR LINEAR LINEAR LINEAR LINEAR LINEAR LINEAR LINEAR LINEAR LINEAR LINEAR
LINEAR LINEAR LINEAR LINEAR LINEAR LINEAR LINEAR LINEAR LINEAR LINEAR LINEAR LINEAR
LINEAR LINEAR LINEAR LINEAR LINEAR LINEAR</Name_array>
        <technique_common>
          <accessor source="#mixamorig_Spine1-Interpolations-array" count="41">
            <param type="name"/>
          </accessor>
        </technique_common>
      </source>
      <sampler id="mixamorig_Spine1-Matrix-animation-transform">
        <input semantic="INPUT" source="#mixamorig_Spine1-Matrix-animation-input"/>
        <input semantic="OUTPUT" source="#mixamorig_Spine1-Matrix-animation-output-transform"/>
        <input semantic="INTERPOLATION" source="#mixamorig_Spine1-Interpolations"/>
      </sampler>
      <channel source="#mixamorig_Spine1-Matrix-animation-transform" target="mixamorig_Spine1/matrix"/>
    </animation>
    <animation id="mixamorig_Spine2-anim" name="mixamorig_Spine2">
      <source id="mixamorig_Spine2-Matrix-animation-input">
        <float_array id="mixamorig_Spine2-Matrix-animation-input-array" count="41">

0.000000 0.033333 0.066667 0.100000 0.133333 0.166667 0.200000 0.233333 0.266667 0.300000 0.333333 0.366667 0.400000 0.433333 0.466667 0.500000
0.533333 0.566667 0.600000 0.633333 0.666667 0.700000 0.733333 0.766667 0.800000 0.833333 0.866667 0.900000 0.933333 0.966667 1.000000 1.033333
1.066667 1.100000 1.133333 1.166667 1.200000 1.233333 1.266667 1.300000 1.333333</float_array>
        <technique_common>
          <accessor source="#mixamorig_Spine2-Matrix-animation-input-array" count="41">
            <param name="TIME" type="float"/>
          </accessor>
        </technique_common>
      </source>
      <source id="mixamorig_Spine2-Matrix-animation-output-transform">
        <float_array id="mixamorig_Spine2-Matrix-animation-output-transform-array" count="656">

0.995558 -0.003542 -0.094082 -0.000000 -0.001814 0.998384 -0.056790 29.149500 0.094131 0.056709 0.993943 1.721100 0.000000 0.000000 0.000000 1.000000
0.995662 -0.000665 -0.093046 -0.000000 -0.004624 0.998385 -0.056615 29.149500 0.092934 0.056800 0.994051 1.721100 0.000000 0.000000 0.000000 1.000000
0.995739 0.002718 -0.092175 0.000000 -0.007965 0.998365 -0.056612 29.149500 0.091870 0.057105 0.994132 1.721100 0.000000 0.000000 0.000000 1.000000
0.995751 0.005923 -0.091901 0.000000 -0.011067 0.998394 -0.055557 29.149500 0.091424 0.056338 0.994217 1.721100 0.000000 0.000000 0.000000 1.000000
0.995696 0.008674 -0.092275 -0.000000 -0.013501 0.998566 -0.051810 29.149500 0.091694 0.052832 0.994385 1.721100 0.000000 0.000000 0.000000 1.000000
0.995611 0.010898 -0.092950 0.000000 -0.015201 0.998839 -0.045707 29.149500 0.092344 0.046919 0.994621 1.721100 0.000000 0.000000 0.000000 1.000000
0.995559 0.012506 -0.093308 0.000000 -0.016296 0.999068 -0.039966 29.149500 0.092721 0.041309 0.994835 1.721100 0.000000 0.000000 0.000000 1.000000
0.995595 0.013063 -0.092846 0.000000 -0.016622 0.999153 -0.037655 29.149500 0.092276 0.039032 0.994968 1.721100 0.000000 0.000000 0.000000 1.000000
0.995748 0.011784 -0.091360 -0.000000 -0.015526 0.999064 -0.040364 29.149500 0.090799 0.041611 0.995000 1.721100 0.000000 0.000000 0.000000 1.000000
0.996018 0.008529 -0.088745 0.000000 -0.012758 0.998804 -0.047199 29.149500 0.088236 0.048143 0.994935 1.721100 0.000000 0.000000 0.000000 1.000000
0.996391 0.004858 -0.084739 -0.000000 -0.009635 0.998381 -0.056053 29.149500 0.084329 0.056667 0.994825 1.721100 0.000000 0.000000 0.000000 1.000000
0.996869 0.003222 -0.079000 0.000000 -0.008339 0.997881 -0.064527 29.149500 0.078625 0.064984 0.994784 1.721100 0.000000 0.000000 0.000000 1.000000
0.997412 0.004156 -0.071782 0.000000 -0.009201 0.997497 -0.070104 29.149500 0.071311 0.070583 0.994954 1.721100 0.000000 0.000000 0.000000 1.000000
0.997876 0.005028 -0.064942 0.000000 -0.009683 0.997389 -0.071560 29.149500 0.064413 0.072037 0.995320 1.721100 0.000000 0.000000 0.000000 1.000000
0.998104 0.002659 -0.061490 0.000000 -0.007022 0.997463 -0.070845 29.149500 0.061145 0.071143 0.995590 1.721100 0.000000 0.000000 0.000000 1.000000
0.998005 -0.003188 -0.063052 0.000000 -0.001311 0.997462 -0.071193 29.149500 0.063119 0.071133 0.995468 1.721100 0.000000 0.000000 0.000000 1.000000
0.997654 -0.010294 -0.067678 0.000000 0.005315 0.997292 -0.073346 29.149500 0.068249 0.072815 0.995008 1.721100 0.000000 0.000000 0.000000 1.000000
0.997278 -0.016128 -0.071945 0.000000 0.010712 0.997123 -0.075035 29.149500 0.072948 0.074060 0.994582 1.721100 0.000000 0.000000 0.000000 1.000000
0.997043 -0.019259 -0.074399 0.000000 0.013712 0.997136 -0.074369 29.149500 0.075618 0.073129 0.994452 1.721100 0.000000 0.000000 0.000000 1.000000
0.996890 -0.020073 -0.076211 0.000000 0.014571 0.997293 -0.072077 29.149500 0.077451 0.070743 0.994483 1.721100 0.000000 0.000000 0.000000 1.000000
0.996644 -0.020387 -0.079282 0.000000 0.014841 0.997442 -0.069916 29.149500 0.080505 0.068505 0.994397 1.721100 0.000000 0.000000 0.000000 1.000000
0.996186 -0.021813 -0.084490 0.000000 0.015993 0.997492 -0.068956 29.149500 0.085782 0.067341 0.994035 1.721100 0.000000 0.000000 0.000000 1.000000
0.995545 -0.024379 -0.091086 -0.000000 0.018112 0.997452 -0.069009 29.149500 0.092536 0.067052 0.993449 1.721100 0.000000 0.000000 0.000000 1.000000
0.994889 -0.027019 -0.097295 0.000000 0.020341 0.997411 -0.068981 29.149500 0.098907 0.066650 0.992862 1.721100 0.000000 0.000000 0.000000 1.000000
0.994385 -0.028900 -0.101802 0.000000 0.022057 0.997461 -0.067710 29.149500 0.103500 0.065085 0.992498 1.721100 0.000000 0.000000 0.000000 1.000000
0.994050 -0.029796 -0.104766 0.000000 0.023059 0.997623 -0.064938 29.149500 0.106452 0.062136 0.992374 1.721100 0.000000 0.000000 0.000000 1.000000
0.993770 -0.029685 -0.107429 -0.000000 0.023167 0.997843 -0.061424 29.149500 0.109020 0.058553 0.992314 1.721100 0.000000 0.000000 0.000000 1.000000
0.993406 -0.028608 -0.111021 0.000000 0.022288 0.998082 -0.057756 29.149500 0.112460 0.054901 0.992138 1.721100 0.000000 0.000000 0.000000 1.000000
0.992884 -0.027168 -0.115949 -0.000000 0.020977 0.998305 -0.054286 29.149500 0.117227 0.051467 0.991771 1.721100 0.000000 0.000000 0.000000 1.000000
0.992317 -0.026321 -0.120893 0.000000 0.020286 0.998499 -0.050882 29.149500 0.122051 0.048039 0.991361 1.721100 0.000000 0.000000 0.000000 1.000000
0.992093 -0.026750 -0.122623 0.000000 0.020987 0.998624 -0.048049 29.149500 0.123739 0.045096 0.991290 1.721100 0.000000 0.000000 0.000000 1.000000
0.992525 -0.028149 -0.118752 0.000000 0.022734 0.998650 -0.046707 29.149500 0.119906 0.043658 0.991825 1.721100 0.000000 0.000000 0.000000 1.000000
0.993351 -0.029553 -0.111266 0.000000 0.024374 0.998568 -0.047623 29.149500 0.112514 0.044594 0.992649 1.721100 0.000000 0.000000 0.000000 1.000000
0.994078 -0.029735 -0.104517 0.000000 0.024583 0.998435 -0.050237 29.149500 0.105848 0.047370 0.993253 1.721100 0.000000 0.000000 0.000000 1.000000
0.994598 -0.028218 -0.099893 0.000000 0.023040 0.998349 -0.052622 29.149500 0.101213 0.050036 0.993606 1.721100 0.000000 0.000000 0.000000 1.000000
0.995085 -0.025475 -0.095692 0.000000 0.020440 0.998373 -0.053239 29.149500 0.096892 0.051021 0.993986 1.721100 0.000000 0.000000 0.000000 1.000000
0.995541 -0.022175 -0.091688 0.000000 0.017421 0.998478 -0.052330 29.149500 0.092708 0.050499 0.994412 1.721100 0.000000 0.000000 0.000000 1.000000
0.995790 -0.018352 -0.089812 -0.000000 0.013764 0.998581 -0.051436 29.149500 0.090628 0.049983 0.994630 1.721100 0.000000 0.000000 0.000000 1.000000
0.995782 -0.013970 -0.090684 0.000000 0.009249 0.998590 -0.052268 29.149500 0.091286 0.051209 0.994507 1.721100 0.000000 0.000000 0.000000 1.000000
0.995637 -0.008865 -0.092894 0.000000 0.003780 0.998492 -0.054775 29.149500 0.093239 0.054185 0.994168 1.721100 0.000000 0.000000 0.000000 1.000000
0.995558 -0.003542 -0.094082 0.000000 -0.001814 0.998384 -0.056790 29.149500 0.094131 0.056709 0.993943 1.721100 0.000000 0.000000 0.000000 1.000000</float_array>
        <technique_common>
          <accessor source="#mixamorig_Spine2-Matrix-animation-output-transform-array" count="41" stride="16">
            <param type="float4x4"/>
          </accessor>
        </technique_common>
      </source>
      <source id="mixamorig_Spine2-Interpolations">
        <Name_array id="mixamorig_Spine2-Interpolations-array" count="41">
 LINEAR LINEAR LINEAR LINEAR LINEAR LINEAR LINEAR LINEAR LINEAR LINEAR LINEAR
LINEAR LINEAR LINEAR LINEAR LINEAR LINEAR LINEAR LINEAR LINEAR LINEAR LINEAR LINEAR
LINEAR LINEAR LINEAR LINEAR LINEAR LINEAR LINEAR LINEAR LINEAR LINEAR LINEAR LINEAR
LINEAR LINEAR LINEAR LINEAR LINEAR LINEAR</Name_array>
        <technique_common>
          <accessor source="#mixamorig_Spine2-Interpolations-array" count="41">
            <param type="name"/>
          </accessor>
        </technique_common>
      </source>
      <sampler id="mixamorig_Spine2-Matrix-animation-transform">
        <input semantic="INPUT" source="#mixamorig_Spine2-Matrix-animation-input"/>
        <input semantic="OUTPUT" source="#mixamorig_Spine2-Matrix-animation-output-transform"/>
        <input semantic="INTERPOLATION" source="#mixamorig_Spine2-Interpolations"/>
      </sampler>
      <channel source="#mixamorig_Spine2-Matrix-animation-transform" target="mixamorig_Spine2/matrix"/>
    </animation>
    <animation id="mixamorig_Neck-anim" name="mixamorig_Neck">
      <source id="mixamorig_Neck-Matrix-animation-input">
        <float_array id="mixamorig_Neck-Matrix-animation-input-array" count="41">

0.000000 0.033333 0.066667 0.100000 0.133333 0.166667 0.200000 0.233333 0.266667 0.300000 0.333333 0.366667 0.400000 0.433333 0.466667 0.500000
0.533333 0.566667 0.600000 0.633333 0.666667 0.700000 0.733333 0.766667 0.800000 0.833333 0.866667 0.900000 0.933333 0.966667 1.000000 1.033333
1.066667 1.100000 1.133333 1.166667 1.200000 1.233333 1.266667 1.300000 1.333333</float_array>
        <technique_common>
          <accessor source="#mixamorig_Neck-Matrix-animation-input-array" count="41">
            <param name="TIME" type="float"/>
          </accessor>
        </technique_common>
      </source>
      <source id="mixamorig_Neck-Matrix-animation-output-transform">
        <float_array id="mixamorig_Neck-Matrix-animation-output-transform-array" count="656">

0.879162 0.037027 0.475083 0.000000 -0.151545 0.966942 0.205078 13.857900 -0.451784 -0.252293 0.855710 7.405300 0.000000 0.000000 0.000000 1.000000
0.878149 0.037650 0.476904 0.000000 -0.151361 0.967551 0.202323 13.857900 -0.453811 -0.249854 0.855353 7.405300 0.000000 0.000000 0.000000 1.000000
0.876283 0.039229 0.480198 -0.000000 -0.151589 0.968510 0.197505 13.857900 -0.457329 -0.245863 0.854636 7.405300 0.000000 0.000000 0.000000 1.000000
0.873637 0.040887 0.484858 0.000000 -0.151504 0.969787 0.191206 13.857900 -0.462391 -0.240502 0.853436 7.405300 0.000000 0.000000 0.000000 1.000000
0.870762 0.040556 0.490030 0.000000 -0.149329 0.971334 0.184962 13.857900 -0.468481 -0.234233 0.851857 7.405300 0.000000 0.000000 0.000000 1.000000
0.868211 0.037171 0.494801 0.000000 -0.144043 0.973129 0.179644 13.857900 -0.474827 -0.227242 0.850235 7.405300 0.000000 0.000000 0.000000 1.000000
0.866186 0.031580 0.498723 0.000000 -0.137082 0.974733 0.176363 13.857900 -0.480552 -0.221130 0.848629 7.405300 0.000000 0.000000 0.000000 1.000000
0.864501 0.025890 0.501965 0.000000 -0.131664 0.975465 0.176443 13.857900 -0.485081 -0.218626 0.846699 7.405300 0.000000 0.000000 0.000000 1.000000
0.863050 0.021992 0.504639 0.000000 -0.129843 0.975139 0.179566 13.857900 -0.488144 -0.220498 0.844450 7.405300 0.000000 0.000000 0.000000 1.000000
0.862230 0.020984 0.506082 0.000000 -0.131213 0.974288 0.183155 13.857900 -0.489227 -0.224327 0.842814 7.405300 0.000000 0.000000 0.000000 1.000000
0.862914 0.023020 0.504827 0.000000 -0.134096 0.973581 0.184819 13.857900 -0.487235 -0.227178 0.843203 7.405300 0.000000 0.000000 0.000000 1.000000
0.865447 0.026905 0.500278 0.000000 -0.136391 0.973494 0.183593 13.857900 -0.482078 -0.227124 0.846177 7.405300 0.000000 0.000000 0.000000 1.000000
0.868920 0.030580 0.494007 0.000000 -0.136043 0.974403 0.178972 13.857900 -0.475889 -0.222718 0.850839 7.405300 0.000000 0.000000 0.000000 1.000000
0.871837 0.032963 0.488686 -0.000000 -0.133149 0.976109 0.171703 13.857900 -0.471351 -0.214765 0.855397 7.405300 0.000000 0.000000 0.000000 1.000000
0.873698 0.034187 0.485267 -0.000000 -0.130562 0.977409 0.166212 13.857900 -0.468621 -0.208576 0.858423 7.405300 0.000000 0.000000 0.000000 1.000000
0.875279 0.034274 0.482403 0.000000 -0.130511 0.977217 0.167371 13.857900 -0.465676 -0.209455 0.859811 7.405300 0.000000 0.000000 0.000000 1.000000
0.877193 0.033057 0.478998 -0.000000 -0.132111 0.975737 0.174598 13.857900 -0.461604 -0.216437 0.860277 7.405300 0.000000 0.000000 0.000000 1.000000
0.879124 0.031127 0.475576 -0.000000 -0.132994 0.974248 0.182079 13.857900 -0.457662 -0.223319 0.860625 7.405300 0.000000 0.000000 0.000000 1.000000
0.880559 0.029604 0.473012 0.000000 -0.132592 0.973581 0.185902 13.857900 -0.455012 -0.226415 0.861220 7.405300 0.000000 0.000000 0.000000 1.000000
0.881388 0.029122 0.471495 -0.000000 -0.132561 0.973242 0.187689 13.857900 -0.453413 -0.227928 0.861664 7.405300 0.000000 0.000000 0.000000 1.000000
0.881690 0.029412 0.470912 0.000000 -0.134360 0.972384 0.190830 13.857900 -0.452295 -0.231525 0.861293 7.405300 0.000000 0.000000 0.000000 1.000000
0.881826 0.029005 0.470682 0.000000 -0.136662 0.970994 0.196201 13.857900 -0.451338 -0.237339 0.860211 7.405300 0.000000 0.000000 0.000000 1.000000
0.882582 0.026107 0.469433 0.000000 -0.136184 0.969849 0.202104 13.857900 -0.450003 -0.242303 0.859527 7.405300 0.000000 0.000000 0.000000 1.000000
0.884407 0.020976 0.466245 0.000000 -0.131745 0.969583 0.206282 13.857900 -0.447736 -0.243863 0.860269 7.405300 0.000000 0.000000 0.000000 1.000000
0.886745 0.016253 0.461972 0.000000 -0.125987 0.970045 0.207703 13.857900 -0.444758 -0.242382 0.862230 7.405300 0.000000 0.000000 0.000000 1.000000
0.888573 0.014239 0.458513 0.000000 -0.122731 0.970461 0.207708 13.857900 -0.442012 -0.240837 0.864074 7.405300 0.000000 0.000000 0.000000 1.000000
0.889438 0.014670 0.456820 -0.000000 -0.123473 0.970035 0.209254 13.857900 -0.440061 -0.242524 0.864597 7.405300 0.000000 0.000000 0.000000 1.000000
0.889708 0.016161 0.456245 0.000000 -0.126886 0.968751 0.213121 13.857900 -0.438544 -0.247507 0.863956 7.405300 0.000000 0.000000 0.000000 1.000000
0.889962 0.018414 0.455663 0.000000 -0.130466 0.967703 0.215707 13.857900 -0.436975 -0.251420 0.863621 7.405300 0.000000 0.000000 0.000000 1.000000
0.890516 0.021212 0.454457 0.000000 -0.131836 0.968084 0.213149 13.857900 -0.435431 -0.249727 0.864891 7.405300 0.000000 0.000000 0.000000 1.000000
0.891445 0.022688 0.452560 0.000000 -0.130497 0.969286 0.208458 13.857900 -0.433931 -0.244887 0.867026 7.405300 0.000000 0.000000 0.000000 1.000000
0.892532 0.021583 0.450467 0.000000 -0.128935 0.969374 0.209020 13.857900 -0.432160 -0.244638 0.867980 7.405300 0.000000 0.000000 0.000000 1.000000
