<?xml version="1.0" encoding="utf-8"?>
<COLLADA xmlns="http://www.collada.org/2005/11/COLLADASchema" version="1.4.1">
  <asset>
    <contributor>
      <author>Mixamo</author>
      <authoring_tool>COLLADA Mixamo exporter</authoring_tool>
      <comments/>
    </contributor>
    <created>2024-12-02T03:06:05Z</created>
    <modified>2024-12-02T03:06:05Z</modified>
    <revision/>
    <title/>
    <unit meter="0.010000"/>
    <up_axis>Y_UP</up_axis>
  </asset>
  <library_animations>
    <animation id="mixamorig_Hips-anim" name="mixamorig_Hips">
      <source id="mixamorig_Hips-Matrix-animation-input">
        <float_array id="mixamorig_Hips-Matrix-animation-input-array" count="38">

0.000000 0.033333 0.066667 0.100000 0.133333 0.166667 0.200000 0.233333 0.266667 0.300000 0.333333 0.366667 0.400000 0.433333 0.466667 0.500000
0.533333 0.566667 0.600000 0.633333 0.666667 0.700000 0.733333 0.766667 0.800000 0.833333 0.866667 0.900000 0.933333 0.966667 1.000000 1.033333
1.066667 1.100000 1.133333 1.166667 1.200000 1.233333</float_array>
        <technique_common>
          <accessor source="#mixamorig_Hips-Matrix-animation-input-array" count="38">
            <param name="TIME" type="float"/>
          </accessor>
        </technique_common>
      </source>
      <source id="mixamorig_Hips-Matrix-animation-output-transform">
        <float_array id="mixamorig_Hips-Matrix-animation-output-transform-array" count="608">

0.111268 -0.027878 -0.993399 -1.202892 0.025349 0.999361 -0.025206 109.868225 0.993467 -0.022377 0.111904 0.949557 0.000000 0.000000 0.000000 1.000000
0.138215 -0.034592 -0.989798 1.132721 0.025341 0.999186 -0.031382 109.702492 0.990078 -0.020745 0.138979 0.783874 0.000000 0.000000 0.000000 1.000000
0.169183 -0.035298 -0.984952 4.094559 0.025722 0.999176 -0.031389 109.442993 0.985249 -0.020025 0.169952 0.633627 0.000000 0.000000 0.000000 1.000000
0.201363 -0.031520 -0.979009 7.509627 0.026191 0.999298 -0.026786 108.874527 0.979166 -0.020247 0.202048 0.557751 0.000000 0.000000 0.000000 1.000000
0.233621 -0.023679 -0.972039 11.284415 0.026365 0.999490 -0.018011 107.804131 0.971970 -0.021420 0.234126 0.612670 0.000000 0.000000 0.000000 1.000000
0.262316 -0.013367 -0.964889 15.206522 0.026291 0.999632 -0.006701 106.453957 0.964624 -0.023610 0.262571 0.820345 0.000000 0.000000 0.000000 1.000000
0.283247 -0.003597 -0.959040 19.045259 0.027436 0.999614 0.004354 105.177940 0.958654 -0.027546 0.283237 1.161184 0.000000 0.000000 0.000000 1.000000
0.294150 0.002112 -0.955757 22.743126 0.030486 0.999468 0.011592 104.269333 0.955273 -0.032547 0.293929 1.722194 0.000000 0.000000 0.000000 1.000000
0.294756 0.002204 -0.955570 26.552748 0.031097 0.999446 0.011897 103.771973 0.955066 -0.033223 0.294524 2.625057 0.000000 0.000000 0.000000 1.000000
0.284103 -0.005617 -0.958777 30.637232 0.032738 0.999457 0.003845 104.039688 0.958235 -0.032481 0.284133 3.721045 0.000000 0.000000 0.000000 1.000000
0.263580 -0.019774 -0.964435 35.024181 0.033721 0.999368 -0.011275 104.750961 0.964048 -0.029550 0.264080 4.803978 0.000000 0.000000 0.000000 1.000000
0.236362 -0.037081 -0.970957 39.560619 0.034723 0.998956 -0.029697 105.887604 0.971045 -0.026695 0.237402 5.805405 0.000000 0.000000 0.000000 1.000000
0.206850 -0.052202 -0.976979 44.250175 0.029266 0.998459 -0.047153 107.094139 0.977935 -0.018839 0.208059 6.824537 0.000000 0.000000 0.000000 1.000000
0.178933 -0.063222 -0.981828 48.704063 0.023536 0.997923 -0.059969 108.385780 0.983580 -0.012377 0.180049 7.847512 0.000000 0.000000 0.000000 1.000000
0.154210 -0.069156 -0.985615 52.683002 0.021085 0.997551 -0.066695 109.478104 0.987813 -0.010497 0.155290 8.713297 0.000000 0.000000 0.000000 1.000000
0.132027 -0.070998 -0.988700 56.210705 0.018063 0.997438 -0.069214 110.408684 0.991082 -0.008721 0.132971 9.307685 0.000000 0.000000 0.000000 1.000000
0.113132 -0.072410 -0.990938 59.482292 0.014193 0.997357 -0.071259 111.215347 0.993479 -0.006003 0.113861 9.623889 0.000000 0.000000 0.000000 1.000000
0.097312 -0.076672 -0.992296 62.599693 0.012596 0.997043 -0.075804 111.802887 0.995174 -0.005122 0.097990 9.725432 0.000000 0.000000 0.000000 1.000000
0.081721 -0.081544 -0.993314 65.635269 0.012096 0.996655 -0.080823 112.055748 0.996582 -0.005410 0.082434 9.703850 0.000000 0.000000 0.000000 1.000000
0.066623 -0.084858 -0.994163 68.709145 0.011413 0.996377 -0.084282 112.137466 0.997713 -0.005731 0.067350 9.646337 0.000000 0.000000 0.000000 1.000000
0.052638 -0.084947 -0.994994 71.876457 0.009866 0.996371 -0.084543 112.108780 0.998565 -0.005366 0.053285 9.572443 0.000000 0.000000 0.000000 1.000000
0.040131 -0.083164 -0.995728 75.207001 0.008344 0.996523 -0.082894 112.026299 0.999160 -0.004982 0.040685 9.431621 0.000000 0.000000 0.000000 1.000000
0.029189 -0.080373 -0.996337 78.522781 0.007965 0.996749 -0.080173 112.069038 0.999542 -0.005596 0.029734 9.156859 0.000000 0.000000 0.000000 1.000000
0.020258 -0.075207 -0.996962 81.648834 0.005515 0.997160 -0.075110 111.955101 0.999780 -0.003977 0.020615 8.853868 0.000000 0.000000 0.000000 1.000000
0.013862 -0.064350 -0.997831 84.499512 -0.001726 0.997924 -0.064380 111.756516 0.999902 0.002615 0.013722 8.575543 0.000000 0.000000 0.000000 1.000000
0.008913 -0.050285 -0.998695 87.213600 -0.014347 0.998626 -0.050409 111.542740 0.999857 0.014778 0.008179 8.277536 0.000000 0.000000 0.000000 1.000000
0.001926 -0.033999 -0.999420 90.644958 -0.014190 0.999320 -0.034023 110.272186 0.999897 0.014248 0.001442 7.726420 0.000000 0.000000 0.000000 1.000000
-0.004837 -0.018586 -0.999816 94.630028 -0.003697 0.999821 -0.018568 108.255219 0.999981 0.003606 -0.004905 6.995293 0.000000 0.000000 0.000000 1.000000
-0.008561 -0.008660 -0.999926 98.756805 0.006732 0.999939 -0.008717 106.894478 0.999941 -0.006806 -0.008502 6.223701 0.000000 0.000000 0.000000 1.000000
-0.007887 -0.002444 -0.999966 103.043877 0.016075 0.999867 -0.002570 106.681122 0.999840 -0.016095 -0.007847 5.396223 0.000000 0.000000 0.000000 1.000000
-0.002274 -0.000545 -0.999997 107.525108 0.026054 0.999660 -0.000604 107.233772 0.999658 -0.026055 -0.002259 4.489530 0.000000 0.000000 0.000000 1.000000
0.006957 0.000371 -0.999976 112.135193 0.035203 0.999380 0.000615 107.957031 0.999356 -0.035206 0.006940 3.591044 0.000000 0.000000 0.000000 1.000000
0.018837 0.000251 -0.999823 116.861366 0.042466 0.999097 0.001050 108.582710 0.998920 -0.042478 0.018810 2.832176 0.000000 0.000000 0.000000 1.000000
0.033323 -0.001500 -0.999444 121.701248 0.045635 0.998958 0.000022 109.239258 0.998402 -0.045611 0.033357 2.255957 0.000000 0.000000 0.000000 1.000000
0.050683 -0.005145 -0.998702 126.541542 0.039470 0.999216 -0.003144 109.655777 0.997935 -0.039260 0.050846 1.829305 0.000000 0.000000 0.000000 1.000000
0.070837 -0.010654 -0.997431 131.693329 0.032168 0.999447 -0.008391 110.002678 0.996969 -0.031491 0.071140 1.481281 0.000000 0.000000 0.000000 1.000000
0.090777 -0.018415 -0.995701 137.206909 0.027287 0.999500 -0.015997 109.905495 0.995497 -0.025718 0.091234 1.223209 0.000000 0.000000 0.000000 1.000000
0.111268 -0.027877 -0.993399 141.313232 0.025349 0.999361 -0.025205 109.868240 0.993467 -0.022377 0.111903 0.949562 0.000000 0.000000 0.000000 1.000000</float_array>
        <technique_common>
          <accessor source="#mixamorig_Hips-Matrix-animation-output-transform-array" count="38" stride="16">
            <param type="float4x4"/>
          </accessor>
        </technique_common>
      </source>
      <source id="mixamorig_Hips-Interpolations">
        <Name_array id="mixamorig_Hips-Interpolations-array" count="38">
 LINEAR LINEAR LINEAR LINEAR LINEAR LINEAR LINEAR LINEAR LINEAR LINEAR LINEAR
LINEAR LINEAR LINEAR LINEAR LINEAR LINEAR LINEAR LINEAR LINEAR LINEAR LINEAR LINEAR
LINEAR LINEAR LINEAR LINEAR LINEAR LINEAR LINEAR LINEAR LINEAR LINEAR LINEAR LINEAR
LINEAR LINEAR LINEAR</Name_array>
        <technique_common>
          <accessor source="#mixamorig_Hips-Interpolations-array" count="38">
            <param type="name"/>
          </accessor>
        </technique_common>
      </source>
      <sampler id="mixamorig_Hips-Matrix-animation-transform">
        <input semantic="INPUT" source="#mixamorig_Hips-Matrix-animation-input"/>
        <input semantic="OUTPUT" source="#mixamorig_Hips-Matrix-animation-output-transform"/>
        <input semantic="INTERPOLATION" source="#mixamorig_Hips-Interpolations"/>
      </sampler>
      <channel source="#mixamorig_Hips-Matrix-animation-transform" target="mixamorig_Hips/matrix"/>
    </animation>
    <animation id="mixamorig_Spine-anim" name="mixamorig_Spine">
      <source id="mixamorig_Spine-Matrix-animation-input">
        <float_array id="mixamorig_Spine-Matrix-animation-input-array" count="38">

0.000000 0.033333 0.066667 0.100000 0.133333 0.166667 0.200000 0.233333 0.266667 0.300000 0.333333 0.366667 0.400000 0.433333 0.466667 0.500000
0.533333 0.566667 0.600000 0.633333 0.666667 0.700000 0.733333 0.766667 0.800000 0.833333 0.866667 0.900000 0.933333 0.966667 1.000000 1.033333
1.066667 1.100000 1.133333 1.166667 1.200000 1.233333</float_array>
        <technique_common>
          <accessor source="#mixamorig_Spine-Matrix-animation-input-array" count="38">
            <param name="TIME" type="float"/>
          </accessor>
        </technique_common>
      </source>
      <source id="mixamorig_Spine-Matrix-animation-output-transform">
        <float_array id="mixamorig_Spine-Matrix-animation-output-transform-array" count="608">

0.999920 0.012610 0.001076 0.072000 -0.012379 0.992213 -0.123938 7.257300 -0.002631 0.123915 0.992289 -0.789700 0.000000 0.000000 0.000000 1.000000
0.999941 0.008775 -0.006406 0.072000 -0.009497 0.992340 -0.123173 7.257300 0.005276 0.123227 0.992364 -0.789700 0.000000 0.000000 0.000000 1.000000
0.999877 0.005803 -0.014580 0.072000 -0.007557 0.992344 -0.123276 7.257300 0.013753 0.123371 0.992265 -0.789700 0.000000 0.000000 0.000000 1.000000
0.999734 0.003015 -0.022860 0.072000 -0.005835 0.992228 -0.124299 7.257300 0.022307 0.124399 0.991981 -0.789700 0.000000 0.000000 0.000000 1.000000
0.999515 0.000803 -0.031136 0.072000 -0.004717 0.992039 -0.125843 7.257300 0.030787 0.125928 0.991561 -0.789700 0.000000 0.000000 0.000000 1.000000
0.999250 -0.000224 -0.038730 0.072000 -0.004719 0.991828 -0.127497 7.257300 0.038443 0.127584 0.991082 -0.789700 0.000000 0.000000 0.000000 1.000000
0.999108 0.001489 -0.042202 0.072000 -0.006923 0.991631 -0.128915 7.257300 0.041657 0.129093 0.990757 -0.789700 0.000000 0.000000 0.000000 1.000000
0.999027 0.005599 -0.043753 0.072000 -0.011243 0.991471 -0.129842 7.257300 0.042653 0.130208 0.990569 -0.789700 0.000000 0.000000 0.000000 1.000000
0.998995 0.006482 -0.044354 0.072000 -0.012227 0.991370 -0.130526 7.257300 0.043125 0.130937 0.990452 -0.789700 0.000000 0.000000 0.000000 1.000000
0.999023 0.007869 -0.043494 0.072000 -0.013508 0.991304 -0.130897 7.257300 0.042086 0.131357 0.990441 -0.789700 0.000000 0.000000 0.000000 1.000000
0.999107 0.009351 -0.041201 0.072000 -0.014676 0.991287 -0.130897 7.257300 0.039618 0.131385 0.990539 -0.789700 0.000000 0.000000 0.000000 1.000000
0.999217 0.012020 -0.037702 0.072000 -0.016857 0.991275 -0.130730 7.257300 0.035801 0.131263 0.990701 -0.789700 0.000000 0.000000 0.000000 1.000000
0.999431 0.010360 -0.032100 0.072000 -0.014471 0.991327 -0.130621 7.257300 0.030468 0.131012 0.990913 -0.789700 0.000000 0.000000 0.000000 1.000000
0.999604 0.010335 -0.026155 0.072000 -0.013660 0.991377 -0.130325 7.257300 0.024582 0.130631 0.991126 -0.789700 0.000000 0.000000 0.000000 1.000000
0.999657 0.014833 -0.021585 0.072000 -0.017512 0.991387 -0.129787 7.257300 0.019474 0.130120 0.991307 -0.789700 0.000000 0.000000 0.000000 1.000000
0.999606 0.021710 -0.017803 0.072000 -0.023830 0.991347 -0.129086 7.257300 0.014847 0.129460 0.991474 -0.789700 0.000000 0.000000 0.000000 1.000000
0.999472 0.029291 -0.014049 0.072000 -0.030853 0.991260 -0.128266 7.257300 0.010170 0.128631 0.991640 -0.789700 0.000000 0.000000 0.000000 1.000000
0.999287 0.036448 -0.009820 0.072000 -0.037401 0.991176 -0.127164 7.257300 0.005098 0.127440 0.991833 -0.789700 0.000000 0.000000 0.000000 1.000000
0.999055 0.043195 -0.004875 0.072000 -0.043465 0.991085 -0.125942 7.257300 -0.000608 0.126035 0.992026 -0.789700 0.000000 0.000000 0.000000 1.000000
0.998823 0.048487 0.000943 0.072000 -0.047984 0.990919 -0.125606 7.257300 -0.007025 0.125413 0.992080 -0.789700 0.000000 0.000000 0.000000 1.000000
0.998620 0.052014 0.007237 0.072000 -0.050690 0.990727 -0.126059 7.257300 -0.013726 0.125518 0.991996 -0.789700 0.000000 0.000000 0.000000 1.000000
0.998415 0.054612 0.013636 0.072000 -0.052454 0.990566 -0.126602 7.257300 -0.020421 0.125686 0.991860 -0.789700 0.000000 0.000000 0.000000 1.000000
0.998189 0.056729 0.019993 0.072000 -0.053739 0.990416 -0.127231 7.257300 -0.027019 0.125926 0.991672 -0.789700 0.000000 0.000000 0.000000 1.000000
0.998105 0.055815 0.025887 0.072000 -0.052070 0.990425 -0.127857 7.257300 -0.032776 0.126267 0.991455 -0.789700 0.000000 0.000000 0.000000 1.000000
0.998337 0.048797 0.030705 0.072000 -0.044479 0.990734 -0.128324 7.257300 -0.036683 0.126745 0.991257 -0.789700 0.000000 0.000000 0.000000 1.000000
0.998805 0.034099 0.035026 0.072000 -0.029335 0.991274 -0.128513 7.257300 -0.039102 0.127332 0.991089 -0.789700 0.000000 0.000000 0.000000 1.000000
0.998800 0.029735 0.038919 0.072000 -0.024486 0.991342 -0.129000 7.257300 -0.042417 0.127892 0.990881 -0.789700 0.000000 0.000000 0.000000 1.000000
0.998548 0.034205 0.041608 0.072000 -0.028539 0.991121 -0.129865 7.257300 -0.045681 0.128489 0.990658 -0.789700 0.000000 0.000000 0.000000 1.000000
0.998352 0.038380 0.042657 0.072000 -0.032505 0.990878 -0.130779 7.257300 -0.047287 0.129177 0.990493 -0.789700 0.000000 0.000000 0.000000 1.000000
0.998248 0.042625 0.041045 0.072000 -0.036894 0.990632 -0.131478 7.257300 -0.046264 0.129733 0.990469 -0.789700 0.000000 0.000000 0.000000 1.000000
0.998178 0.047358 0.037385 0.072000 -0.042055 0.990391 -0.131745 7.257300 -0.043265 0.129933 0.990578 -0.789700 0.000000 0.000000 0.000000 1.000000
0.998160 0.050900 0.032938 0.072000 -0.046156 0.990237 -0.131529 7.257300 -0.039311 0.129767 0.990765 -0.789700 0.000000 0.000000 0.000000 1.000000
0.998228 0.052474 0.028048 0.072000 -0.048372 0.990208 -0.130954 7.257300 -0.034645 0.129365 0.990992 -0.789700 0.000000 0.000000 0.000000 1.000000
0.998479 0.050089 0.023056 0.072000 -0.046682 0.990414 -0.130002 7.257300 -0.029347 0.128728 0.991246 -0.789700 0.000000 0.000000 0.000000 1.000000
0.999072 0.038586 0.019142 0.072000 -0.035812 0.991046 -0.128629 7.257300 -0.023934 0.127824 0.991508 -0.789700 0.000000 0.000000 0.000000 1.000000
0.999524 0.027409 0.014168 0.072000 -0.025388 0.991560 -0.127136 7.257300 -0.017533 0.126715 0.991784 -0.789700 0.000000 0.000000 0.000000 1.000000
0.999798 0.018378 0.008194 0.072000 -0.017204 0.991935 -0.125574 7.257300 -0.010436 0.125407 0.992050 -0.789700 0.000000 0.000000 0.000000 1.000000
0.999920 0.012610 0.001076 0.072000 -0.012379 0.992213 -0.123938 7.257300 -0.002631 0.123915 0.992289 -0.789700 0.000000 0.000000 0.000000 1.000000</float_array>
        <technique_common>
          <accessor source="#mixamorig_Spine-Matrix-animation-output-transform-array" count="38" stride="16">
            <param type="float4x4"/>
          </accessor>
        </technique_common>
      </source>
      <source id="mixamorig_Spine-Interpolations">
        <Name_array id="mixamorig_Spine-Interpolations-array" count="38">
 LINEAR LINEAR LINEAR LINEAR LINEAR LINEAR LINEAR LINEAR LINEAR LINEAR LINEAR
LINEAR LINEAR LINEAR LINEAR LINEAR LINEAR LINEAR LINEAR LINEAR LINEAR LINEAR LINEAR
LINEAR LINEAR LINEAR LINEAR LINEAR LINEAR LINEAR LINEAR LINEAR LINEAR LINEAR LINEAR
LINEAR LINEAR LINEAR</Name_array>
        <technique_common>
          <accessor source="#mixamorig_Spine-Interpolations-array" count="38">
            <param type="name"/>
          </accessor>
        </technique_common>
      </source>
      <sampler id="mixamorig_Spine-Matrix-animation-transform">
        <input semantic="INPUT" source="#mixamorig_Spine-Matrix-animation-input"/>
        <input semantic="OUTPUT" source="#mixamorig_Spine-Matrix-animation-output-transform"/>
        <input semantic="INTERPOLATION" source="#mixamorig_Spine-Interpolations"/>
      </sampler>
      <channel source="#mixamorig_Spine-Matrix-animation-transform" target="mixamorig_Spine/matrix"/>
    </animation>
    <animation id="mixamorig_Spine1-anim" name="mixamorig_Spine1">
      <source id="mixamorig_Spine1-Matrix-animation-input">
        <float_array id="mixamorig_Spine1-Matrix-animation-input-array" count="38">

0.000000 0.033333 0.066667 0.100000 0.133333 0.166667 0.200000 0.233333 0.266667 0.300000 0.333333 0.366667 0.400000 0.433333 0.466667 0.500000
0.533333 0.566667 0.600000 0.633333 0.666667 0.700000 0.733333 0.766667 0.800000 0.833333 0.866667 0.900000 0.933333 0.966667 1.000000 1.033333
1.066667 1.100000 1.133333 1.166667 1.200000 1.233333</float_array>
        <technique_common>
          <accessor source="#mixamorig_Spine1-Matrix-animation-input-array" count="38">
            <param name="TIME" type="float"/>
          </accessor>
        </technique_common>
      </source>
      <source id="mixamorig_Spine1-Matrix-animation-output-transform">
        <float_array id="mixamorig_Spine1-Matrix-animation-output-transform-array" count="608">

0.997578 0.069233 -0.006658 0.000000 -0.069411 0.984848 -0.158926 8.558700 -0.004446 0.159003 0.987268 -0.000000 0.000000 0.000000 0.000000 1.000000
0.997579 0.068145 -0.013894 -0.000000 -0.069484 0.985071 -0.157505 8.558700 0.002954 0.158089 0.987420 0.000000 0.000000 0.000000 0.000000 1.000000
0.997595 0.065461 -0.022789 0.000000 -0.068243 0.985156 -0.157516 8.558700 0.012140 0.158693 0.987253 0.000000 0.000000 0.000000 0.000000 1.000000
0.997653 0.060368 -0.032328 0.000000 -0.064775 0.985067 -0.159522 8.558700 0.022215 0.161242 0.986665 0.000000 0.000000 0.000000 0.000000 1.000000
0.997690 0.053729 -0.041566 -0.000000 -0.059813 0.984878 -0.162594 8.558700 0.032201 0.164704 0.985817 0.000000 0.000000 0.000000 0.000000 1.000000
0.997646 0.046535 -0.050367 -0.000000 -0.054309 0.984627 -0.166015 8.558700 0.041867 0.168360 0.984836 -0.000000 0.000000 0.000000 0.000000 1.000000
0.997689 0.040223 -0.054770 0.000000 -0.048971 0.984378 -0.169121 8.558700 0.047112 0.171412 0.984072 0.000000 0.000000 0.000000 0.000000 1.000000
0.997709 0.035722 -0.057449 0.000000 -0.045104 0.984177 -0.171354 8.558700 0.050419 0.173552 0.983533 -0.000000 0.000000 0.000000 0.000000 1.000000
0.997682 0.033368 -0.059308 0.000000 -0.043179 0.984024 -0.172722 8.558700 0.052597 0.174883 0.983183 0.000000 0.000000 0.000000 0.000000 1.000000
0.997639 0.033141 -0.060152 0.000000 -0.043139 0.983909 -0.173383 8.558700 0.053438 0.175569 0.983016 0.000000 0.000000 0.000000 0.000000 1.000000
0.997640 0.034917 -0.059115 0.000000 -0.044697 0.983876 -0.173178 8.558700 0.052115 0.175412 0.983115 -0.000000 0.000000 0.000000 0.000000 1.000000
0.997730 0.038264 -0.055419 0.000000 -0.047316 0.983866 -0.172537 8.558700 0.047923 0.174768 0.983443 0.000000 0.000000 0.000000 0.000000 1.000000
0.997891 0.042133 -0.049383 0.000000 -0.050037 0.983882 -0.171677 8.558700 0.041354 0.173786 0.983915 0.000000 0.000000 0.000000 0.000000 1.000000
0.998109 0.045100 -0.041757 0.000000 -0.051604 0.983961 -0.170759 8.558700 0.033386 0.172591 0.984428 0.000000 0.000000 0.000000 0.000000 1.000000
0.998384 0.046117 -0.033200 0.000000 -0.051109 0.984138 -0.169885 8.558700 0.024839 0.171308 0.984904 -0.000000 0.000000 0.000000 0.000000 1.000000
0.998674 0.045380 -0.024321 0.000000 -0.048849 0.984390 -0.169085 8.558700 0.016268 0.170049 0.985301 -0.000000 0.000000 0.000000 0.000000 1.000000
0.998892 0.044286 -0.015938 0.000000 -0.046338 0.984684 -0.168078 8.558700 0.008250 0.168631 0.985645 0.000000 0.000000 0.000000 0.000000 1.000000
0.998991 0.044141 -0.008237 -0.000000 -0.044896 0.985140 -0.165780 8.558700 0.000797 0.165983 0.986128 0.000000 0.000000 0.000000 0.000000 1.000000
0.999003 0.044635 -0.000616 0.000000 -0.044138 0.985639 -0.162996 8.558700 -0.006668 0.162860 0.986627 0.000000 0.000000 0.000000 0.000000 1.000000
0.998943 0.045354 0.007462 0.000000 -0.043566 0.986019 -0.160840 8.558700 -0.014652 0.160345 0.986952 0.000000 0.000000 0.000000 0.000000 1.000000
0.998801 0.046307 0.015914 0.000000 -0.043193 0.986318 -0.159098 8.558700 -0.023063 0.158220 0.987135 0.000000 0.000000 0.000000 0.000000 1.000000
0.998572 0.047483 0.024484 0.000000 -0.043044 0.986541 -0.157744 8.558700 -0.031645 0.156465 0.987176 0.000000 0.000000 0.000000 0.000000 1.000000
0.998252 0.048881 0.033220 -0.000000 -0.043100 0.986703 -0.156717 8.558700 -0.040439 0.155012 0.987085 -0.000000 0.000000 0.000000 0.000000 1.000000
0.997853 0.050468 0.041748 0.000000 -0.043384 0.986811 -0.155952 8.558700 -0.049068 0.153806 0.986882 0.000000 0.000000 0.000000 0.000000 1.000000
0.997403 0.052179 0.049655 -0.000000 -0.043893 0.986880 -0.155376 8.558700 -0.057111 0.152793 0.986607 0.000000 0.000000 0.000000 0.000000 1.000000
0.996941 0.053986 0.056523 -0.000000 -0.044649 0.986891 -0.155089 8.558700 -0.064155 0.152091 0.986282 -0.000000 0.000000 0.000000 0.000000 1.000000
0.996516 0.055848 0.061939 -0.000000 -0.045662 0.986834 -0.155154 8.558700 -0.069788 0.151786 0.985947 0.000000 0.000000 0.000000 0.000000 1.000000
0.996186 0.057656 0.065494 0.000000 -0.046741 0.986425 -0.157417 8.558700 -0.073681 0.153755 0.985358 0.000000 0.000000 0.000000 0.000000 1.000000
0.996006 0.059336 0.066724 0.000000 -0.047734 0.985353 -0.163712 8.558700 -0.075460 0.159873 0.984249 0.000000 0.000000 0.000000 0.000000 1.000000
0.996060 0.060826 0.064536 -0.000000 -0.049106 0.984262 -0.169758 8.558700 -0.073846 0.165920 0.983370 0.000000 0.000000 0.000000 0.000000 1.000000
0.996278 0.062303 0.059567 0.000000 -0.051221 0.983727 -0.172215 8.558700 -0.069328 0.168523 0.983257 0.000000 0.000000 0.000000 0.000000 1.000000
0.996576 0.063835 0.052542 0.000000 -0.053950 0.983655 -0.171791 8.558700 -0.062649 0.168368 0.983731 0.000000 0.000000 0.000000 0.000000 1.000000
0.996898 0.065308 0.043917 0.000000 -0.056920 0.983672 -0.170734 8.558700 -0.054350 0.167705 0.984338 0.000000 0.000000 0.000000 0.000000 1.000000
0.997195 0.066611 0.034132 0.000000 -0.059926 0.983773 -0.169116 8.558700 -0.044843 0.166596 0.985005 0.000000 0.000000 0.000000 0.000000 1.000000
0.997450 0.067495 0.023176 0.000000 -0.062702 0.983960 -0.167004 8.558700 -0.034076 0.165125 0.985684 0.000000 0.000000 0.000000 0.000000 1.000000
0.997586 0.068435 0.011774 0.000000 -0.065575 0.984193 -0.164511 8.558700 -0.022847 0.163342 0.986305 -0.000000 0.000000 0.000000 0.000000 1.000000
0.997608 0.069119 0.001353 0.000000 -0.067990 0.984484 -0.161766 8.558700 -0.012514 0.161287 0.986828 0.000000 0.000000 0.000000 0.000000 1.000000
0.997578 0.069234 -0.006657 0.000000 -0.069411 0.984848 -0.158926 8.558700 -0.004447 0.159003 0.987268 -0.000000 0.000000 0.000000 0.000000 1.000000</float_array>
        <technique_common>
          <accessor source="#mixamorig_Spine1-Matrix-animation-output-transform-array" count="38" stride="16">
            <param type="float4x4"/>
          </accessor>
        </technique_common>
      </source>
      <source id="mixamorig_Spine1-Interpolations">
        <Name_array id="mixamorig_Spine1-Interpolations-array" count="38">
 LINEAR LINEAR LINEAR LINEAR LINEAR LINEAR LINEAR LINEAR LINEAR LINEAR LINEAR
LINEAR LINEAR LINEAR LINEAR LINEAR LINEAR LINEAR LINEAR LINEAR LINEAR LINEAR LINEAR
LINEAR LINEAR LINEAR LINEAR LINEAR LINEAR LINEAR LINEAR LINEAR LINEAR LINEAR LINEAR
LINEAR LINEAR LINEAR</Name_array>
        <technique_common>
          <accessor source="#mixamorig_Spine1-Interpolations-array" count="38">
            <param type="name"/>
          </accessor>
        </technique_common>
      </source>
      <sampler id="mixamorig_Spine1-Matrix-animation-transform">
        <input semantic="INPUT" source="#mixamorig_Spine1-Matrix-animation-input"/>
        <input semantic="OUTPUT" source="#mixamorig_Spine1-Matrix-animation-output-transform"/>
        <input semantic="INTERPOLATION" source="#mixamorig_Spine1-Interpolations"/>
      </sampler>
      <channel source="#mixamorig_Spine1-Matrix-animation-transform" target="mixamorig_Spine1/matrix"/>
    </animation>
    <animation id="mixamorig_Spine2-anim" name="mixamorig_Spine2">
      <source id="mixamorig_Spine2-Matrix-animation-input">
        <float_array id="mixamorig_Spine2-Matrix-animation-input-array" count="38">

0.000000 0.033333 0.066667 0.100000 0.133333 0.166667 0.200000 0.233333 0.266667 0.300000 0.333333 0.366667 0.400000 0.433333 0.466667 0.500000
0.533333 0.566667 0.600000 0.633333 0.666667 0.700000 0.733333 0.766667 0.800000 0.833333 0.866667 0.900000 0.933333 0.966667 1.000000 1.033333
1.066667 1.100000 1.133333 1.166667 1.200000 1.233333</float_array>
        <technique_common>
          <accessor source="#mixamorig_Spine2-Matrix-animation-input-array" count="38">
            <param name="TIME" type="float"/>
          </accessor>
        </technique_common>
      </source>
      <source id="mixamorig_Spine2-Matrix-animation-output-transform">
        <float_array id="mixamorig_Spine2-Matrix-animation-output-transform-array" count="608">

0.997578 0.069543 0.001142 0.000000 -0.069409 0.996435 -0.047960 29.149500 -0.004473 0.047765 0.998849 1.721100 0.000000 0.000000 0.000000 1.000000
0.997546 0.069456 -0.008806 0.000000 -0.069789 0.996500 -0.046017 29.149500 0.005579 0.046519 0.998902 1.721100 0.000000 0.000000 0.000000 1.000000
0.997522 0.067838 -0.018631 0.000000 -0.068629 0.996593 -0.045742 29.149500 0.015465 0.046907 0.998780 1.721100 0.000000 0.000000 0.000000 1.000000
0.997565 0.063816 -0.028133 -0.000000 -0.065104 0.996747 -0.047513 29.149500 0.025009 0.049229 0.998474 1.721100 0.000000 0.000000 0.000000 1.000000
0.997620 0.058193 -0.036983 0.000000 -0.060022 0.996923 -0.050424 29.149500 0.033935 0.052524 0.998043 1.721100 0.000000 0.000000 0.000000 1.000000
0.997643 0.051927 -0.044850 -0.000000 -0.054314 0.997076 -0.053755 29.149500 0.041928 0.056065 0.997546 1.721100 0.000000 0.000000 0.000000 1.000000
0.997689 0.046150 -0.049873 0.000000 -0.048967 0.997182 -0.056827 29.149500 0.047110 0.059138 0.997138 1.721100 0.000000 0.000000 0.000000 1.000000
0.997709 0.041981 -0.053045 0.000000 -0.045102 0.997234 -0.059073 29.149500 0.050418 0.061330 0.996843 1.721100 0.000000 0.000000 0.000000 1.000000
0.997682 0.039854 -0.055158 0.000000 -0.043179 0.997235 -0.060473 29.149500 0.052595 0.062714 0.996645 1.721100 0.000000 0.000000 0.000000 1.000000
0.997639 0.039722 -0.056025 -0.000000 -0.043140 0.997193 -0.061195 29.149500 0.053437 0.063467 0.996552 1.721100 0.000000 0.000000 0.000000 1.000000
0.997640 0.041367 -0.054794 0.000000 -0.044698 0.997135 -0.061026 29.149500 0.052113 0.063331 0.996631 1.721100 0.000000 0.000000 0.000000 1.000000
0.997730 0.044271 -0.050747 0.000000 -0.047317 0.997048 -0.060474 29.149500 0.047920 0.062738 0.996879 1.721100 0.000000 0.000000 0.000000 1.000000
0.997891 0.047430 -0.044318 0.000000 -0.050039 0.996958 -0.059759 29.149500 0.041349 0.061850 0.997229 1.721100 0.000000 0.000000 0.000000 1.000000
0.998110 0.049514 -0.036412 0.000000 -0.051608 0.996922 -0.059020 29.149500 0.033377 0.060788 0.997593 1.721100 0.000000 0.000000 0.000000 1.000000
0.998384 0.049558 -0.027802 0.000000 -0.051113 0.996987 -0.058339 29.149500 0.024827 0.059666 0.997910 1.721100 0.000000 0.000000 0.000000 1.000000
0.998674 0.047824 -0.019069 0.000000 -0.048853 0.997136 -0.057738 29.149500 0.016253 0.058593 0.998150 1.721100 0.000000 0.000000 0.000000 1.000000
0.998892 0.045794 -0.010868 -0.000000 -0.046341 0.997303 -0.056918 29.149500 0.008232 0.057358 0.998320 1.721100 0.000000 0.000000 0.000000 1.000000
0.998991 0.044783 -0.003238 -0.000000 -0.044894 0.997489 -0.054768 29.149500 0.000777 0.054858 0.998494 1.721100 0.000000 0.000000 0.000000 1.000000
0.999004 0.044402 0.004380 0.000000 -0.044114 0.997666 -0.052129 29.149500 -0.006684 0.051884 0.998631 1.721100 0.000000 0.000000 0.000000 1.000000
0.998946 0.044176 0.012447 0.000000 -0.043498 0.997789 -0.050256 29.149500 -0.014639 0.049661 0.998659 1.721100 0.000000 0.000000 0.000000 1.000000
0.998808 0.044121 0.020877 0.000000 -0.043055 0.997869 -0.049036 29.149500 -0.022996 0.048078 0.998579 1.721100 0.000000 0.000000 0.000000 1.000000
0.998586 0.044261 0.029428 -0.000000 -0.042816 0.997928 -0.048017 29.149500 -0.031492 0.046689 0.998413 1.721100 0.000000 0.000000 0.000000 1.000000
0.998277 0.044585 0.038158 0.000000 -0.042768 0.997970 -0.047185 29.149500 -0.040184 0.045471 0.998157 1.721100 0.000000 0.000000 0.000000 1.000000
0.997890 0.045104 0.046706 0.000000 -0.042932 0.997995 -0.046502 29.149500 -0.048710 0.044398 0.997826 1.721100 0.000000 0.000000 0.000000 1.000000
0.997454 0.045802 0.054662 -0.000000 -0.043311 0.998005 -0.045927 29.149500 -0.056656 0.043442 0.997448 1.721100 0.000000 0.000000 0.000000 1.000000
0.997008 0.046658 0.061620 0.000000 -0.043883 0.997993 -0.045644 29.149500 -0.063626 0.042803 0.997055 1.721100 0.000000 0.000000 0.000000 1.000000
0.996605 0.047614 0.067172 0.000000 -0.044590 0.997953 -0.045834 29.149500 -0.069217 0.042683 0.996688 1.721100 0.000000 0.000000 0.000000 1.000000
0.996295 0.048663 0.070916 0.000000 -0.045313 0.997814 -0.048106 29.149500 -0.073102 0.044715 0.996322 1.721100 0.000000 0.000000 0.000000 1.000000
0.996131 0.049855 0.072376 0.000000 -0.045982 0.997469 -0.054229 29.149500 -0.074896 0.050691 0.995902 1.721100 0.000000 0.000000 0.000000 1.000000
0.996187 0.051306 0.070567 0.000000 -0.047061 0.997055 -0.060545 29.149500 -0.073466 0.056993 0.995668 1.721100 0.000000 0.000000 0.000000 1.000000
0.996378 0.053090 0.066423 0.000000 -0.048907 0.996809 -0.063091 29.149500 -0.069560 0.059614 0.995795 1.721100 0.000000 0.000000 0.000000 1.000000
0.996640 0.055202 0.060504 0.000000 -0.051414 0.996722 -0.062458 29.149500 -0.063753 0.059137 0.996212 1.721100 0.000000 0.000000 0.000000 1.000000
0.996933 0.057558 0.053029 -0.000000 -0.054290 0.996652 -0.061132 29.149500 -0.056370 0.058065 0.996720 1.721100 0.000000 0.000000 0.000000 1.000000
0.997214 0.060124 0.044140 0.000000 -0.057465 0.996590 -0.059213 29.149500 -0.047550 0.056512 0.997269 1.721100 0.000000 0.000000 0.000000 1.000000
0.997486 0.062873 0.032686 -0.000000 -0.060954 0.996528 -0.056709 29.149500 -0.036138 0.054574 0.997856 1.721100 0.000000 0.000000 0.000000 1.000000
0.997618 0.065812 0.020671 0.000000 -0.064620 0.996456 -0.053849 29.149500 -0.024141 0.052385 0.998335 1.721100 0.000000 0.000000 0.000000 1.000000
0.997621 0.068263 0.009641 0.000000 -0.067689 0.996410 -0.050848 29.149500 -0.013077 0.050074 0.998660 1.721100 0.000000 0.000000 0.000000 1.000000
0.997578 0.069543 0.001142 0.000000 -0.069409 0.996435 -0.047960 29.149500 -0.004473 0.047765 0.998849 1.721100 0.000000 0.000000 0.000000 1.000000</float_array>
        <technique_common>
          <accessor source="#mixamorig_Spine2-Matrix-animation-output-transform-array" count="38" stride="16">
            <param type="float4x4"/>
          </accessor>
        </technique_common>
      </source>
      <source id="mixamorig_Spine2-Interpolations">
        <Name_array id="mixamorig_Spine2-Interpolations-array" count="38">
 LINEAR LINEAR LINEAR LINEAR LINEAR LINEAR LINEAR LINEAR LINEAR LINEAR LINEAR
LINEAR LINEAR LINEAR LINEAR LINEAR LINEAR LINEAR LINEAR LINEAR LINEAR LINEAR LINEAR
LINEAR LINEAR LINEAR LINEAR LINEAR LINEAR LINEAR LINEAR LINEAR LINEAR LINEAR LINEAR
LINEAR LINEAR LINEAR</Name_array>
        <technique_common>
          <accessor source="#mixamorig_Spine2-Interpolations-array" count="38">
            <param type="name"/>
          </accessor>
        </technique_common>
      </source>
      <sampler id="mixamorig_Spine2-Matrix-animation-transform">
        <input semantic="INPUT" source="#mixamorig_Spine2-Matrix-animation-input"/>
        <input semantic="OUTPUT" source="#mixamorig_Spine2-Matrix-animation-output-transform"/>
        <input semantic="INTERPOLATION" source="#mixamorig_Spine2-Interpolations"/>
      </sampler>
      <channel source="#mixamorig_Spine2-Matrix-animation-transform" target="mixamorig_Spine2/matrix"/>
    </animation>
    <animation id="mixamorig_Neck-anim" name="mixamorig_Neck">
      <source id="mixamorig_Neck-Matrix-animation-input">
        <float_array id="mixamorig_Neck-Matrix-animation-input-array" count="38">

0.000000 0.033333 0.066667 0.100000 0.133333 0.166667 0.200000 0.233333 0.266667 0.300000 0.333333 0.366667 0.400000 0.433333 0.466667 0.500000
0.533333 0.566667 0.600000 0.633333 0.666667 0.700000 0.733333 0.766667 0.800000 0.833333 0.866667 0.900000 0.933333 0.966667 1.000000 1.033333
1.066667 1.100000 1.133333 1.166667 1.200000 1.233333</float_array>
        <technique_common>
          <accessor source="#mixamorig_Neck-Matrix-animation-input-array" count="38">
            <param name="TIME" type="float"/>
          </accessor>
        </technique_common>
      </source>
      <source id="mixamorig_Neck-Matrix-animation-output-transform">
        <float_array id="mixamorig_Neck-Matrix-animation-output-transform-array" count="608">

0.715937 -0.078731 0.693712 0.000000 0.002373 0.993890 0.110349 13.857900 -0.698161 -0.077357 0.711749 7.405300 0.000000 0.000000 0.000000 1.000000
0.719492 -0.078336 0.690068 0.000000 0.008424 0.994530 0.104115 13.857900 -0.694449 -0.069096 0.716216 7.405300 0.000000 0.000000 0.000000 1.000000
0.723407 -0.080142 0.685755 -0.000000 0.014955 0.994826 0.100487 13.857900 -0.690260 -0.062437 0.720862 7.405300 0.000000 0.000000 0.000000 1.000000
0.727119 -0.083530 0.681410 -0.000000 0.021487 0.994853 0.099026 13.857900 -0.686175 -0.057362 0.725172 7.405300 0.000000 0.000000 0.000000 1.000000
0.729839 -0.088053 0.677924 0.000000 0.027653 0.994661 0.099423 13.857900 -0.683059 -0.053816 0.728377 7.405300 0.000000 0.000000 0.000000 1.000000
0.731367 -0.092990 0.675615 -0.000000 0.032836 0.994313 0.101309 13.857900 -0.681193 -0.051910 0.730261 7.405300 0.000000 0.000000 0.000000 1.000000
0.732023 -0.098289 0.674153 0.000000 0.036800 0.993798 0.104933 13.857900 -0.680285 -0.052004 0.731100 7.405300 0.000000 0.000000 0.000000 1.000000
0.731889 -0.103690 0.673488 0.000000 0.038409 0.993061 0.111152 13.857900 -0.680340 -0.055483 0.730793 7.405300 0.000000 0.000000 0.000000 1.000000
0.730664 -0.108979 0.673983 0.000000 0.038153 0.992153 0.119063 13.857900 -0.681670 -0.061280 0.729089 7.405300 0.000000 0.000000 0.000000 1.000000
0.728358 -0.113790 0.675682 0.000000 0.036116 0.991119 0.127980 13.857900 -0.684244 -0.068812 0.726000 7.405300 0.000000 0.000000 0.000000 1.000000
0.725588 -0.117382 0.678044 -0.000000 0.032017 0.990035 0.137132 13.857900 -0.687385 -0.077792 0.722116 7.405300 0.000000 0.000000 0.000000 1.000000
0.722421 -0.119504 0.681048 -0.000000 0.025978 0.988947 0.145975 13.857900 -0.690965 -0.087763 0.717541 7.405300 0.000000 0.000000 0.000000 1.000000
0.718799 -0.117547 0.685209 -0.000000 0.016405 0.988196 0.152315 13.857900 -0.695025 -0.098243 0.712242 7.405300 0.000000 0.000000 0.000000 1.000000
0.714642 -0.110879 0.690646 -0.000000 0.003200 0.987865 0.155285 13.857900 -0.699483 -0.108763 0.706324 7.405300 0.000000 0.000000 0.000000 1.000000
0.710646 -0.103046 0.695962 0.000000 -0.010766 0.987507 0.157206 13.857900 -0.703467 -0.119210 0.700659 7.405300 0.000000 0.000000 0.000000 1.000000
0.707534 -0.097402 0.699935 -0.000000 -0.022900 0.986775 0.160467 13.857900 -0.706308 -0.129565 0.695947 7.405300 0.000000 0.000000 0.000000 1.000000
0.705474 -0.094326 0.702431 0.000000 -0.032762 0.985704 0.165269 13.857900 -0.707979 -0.139606 0.692298 7.405300 0.000000 0.000000 0.000000 1.000000
0.704221 -0.092297 0.703956 0.000000 -0.041203 0.984530 0.170302 13.857900 -0.708784 -0.148935 0.689524 7.405300 0.000000 0.000000 0.000000 1.000000
0.703684 -0.090578 0.704715 -0.000000 -0.048526 0.983398 0.174852 13.857900 -0.708854 -0.157238 0.687607 7.405300 0.000000 0.000000 0.000000 1.000000
0.704071 -0.089807 0.704428 -0.000000 -0.054023 0.982323 0.179231 13.857900 -0.708072 -0.164247 0.686773 7.405300 0.000000 0.000000 0.000000 1.000000
0.705493 -0.090745 0.702884 0.000000 -0.056493 0.981412 0.183407 13.857900 -0.706462 -0.169100 0.687253 7.405300 0.000000 0.000000 0.000000 1.000000
0.707635 -0.093496 0.700365 0.000000 -0.054454 0.981043 0.185985 13.857900 -0.704477 -0.169747 0.689129 7.405300 0.000000 0.000000 0.000000 1.000000
0.709827 -0.097964 0.697530 0.000000 -0.050065 0.980760 0.188689 13.857900 -0.702594 -0.168859 0.691265 7.405300 0.000000 0.000000 0.000000 1.000000
0.712086 -0.104587 0.694259 0.000000 -0.043312 0.980415 0.192120 13.857900 -0.700755 -0.166876 0.693610 7.405300 0.000000 0.000000 0.000000 1.000000
0.714271 -0.112794 0.690720 -0.000000 -0.034684 0.980010 0.195902 13.857900 -0.699009 -0.163884 0.696081 7.405300 0.000000 0.000000 0.000000 1.000000
0.716176 -0.121298 0.687299 0.000000 -0.025215 0.979641 0.199167 13.857900 -0.697465 -0.159969 0.698536 7.405300 0.000000 0.000000 0.000000 1.000000
0.717542 -0.128839 0.684496 -0.000000 -0.015939 0.979448 0.201065 13.857900 -0.696333 -0.155183 0.700741 7.405300 0.000000 0.000000 0.000000 1.000000
0.718101 -0.134167 0.682883 -0.000000 -0.007895 0.979607 0.200767 13.857900 -0.695894 -0.149563 0.702398 7.405300 0.000000 0.000000 0.000000 1.000000
0.717929 -0.135963 0.682710 0.000000 -0.002149 0.980303 0.197490 13.857900 -0.696113 -0.143251 0.703495 7.405300 0.000000 0.000000 0.000000 1.000000
0.717177 -0.133872 0.683912 0.000000 0.000987 0.981570 0.191101 13.857900 -0.696891 -0.136378 0.704091 7.405300 0.000000 0.000000 0.000000 1.000000
0.716057 -0.128772 0.686061 0.000000 0.002156 0.983240 0.182302 13.857900 -0.698038 -0.129059 0.704334 7.405300 0.000000 0.000000 0.000000 1.000000
0.714763 -0.121487 0.688734 0.000000 0.001933 0.985136 0.171763 13.857900 -0.699364 -0.121439 0.704374 7.405300 0.000000 0.000000 0.000000 1.000000
0.713498 -0.112852 0.691509 -0.000000 0.000898 0.987090 0.160163 13.857900 -0.700656 -0.113656 0.704389 7.405300 0.000000 0.000000 0.000000 1.000000
0.712478 -0.103705 0.693989 -0.000000 -0.000397 0.988959 0.148192 13.857900 -0.701695 -0.105859 0.704570 7.405300 0.000000 0.000000 0.000000 1.000000
0.711947 -0.094874 0.695794 -0.000000 -0.001411 0.990636 0.136520 13.857900 -0.702231 -0.098177 0.705147 7.405300 0.000000 0.000000 0.000000 1.000000
0.712161 -0.087212 0.696578 0.000000 -0.001634 0.992045 0.125875 13.857900 -0.702014 -0.090781 0.706353 7.405300 0.000000 0.000000 0.000000 1.000000
0.713400 -0.081554 0.695996 0.000000 -0.000534 0.993141 0.116919 13.857900 -0.700757 -0.083782 0.708463 7.405300 0.000000 0.000000 0.000000 1.000000
0.715941 -0.078749 0.693706 -0.000000 0.002396 0.993890 0.110353 13.857900 -0.698157 -0.077344 0.711755 7.405300 0.000000 0.000000 0.000000 1.000000</float_array>
        <technique_common>
          <accessor source="#mixamorig_Neck-Matrix-animation-output-transform-array" count="38" stride="16">
            <param type="float4x4"/>
          </accessor>
        </technique_common>
      </source>
      <source id="mixamorig_Neck-Interpolations">
        <Name_array id="mixamorig_Neck-Interpolations-array" count="38">
 LINEAR LINEAR LINEAR LINEAR LINEAR LINEAR LINEAR LINEAR LINEAR LINEAR LINEAR
LINEAR LINEAR LINEAR LINEAR LINEAR LINEAR LINEAR LINEAR LINEAR LINEAR LINEAR LINEAR
LINEAR LINEAR LINEAR LINEAR LINEAR LINEAR LINEAR LINEAR LINEAR LINEAR LINEAR LINEAR
LINEAR LINEAR LINEAR</Name_array>
        <technique_common>
          <accessor source="#mixamorig_Neck-Interpolations-array" count="38">
            <param type="name"/>
          </accessor>
        </technique_common>
      </source>
      <sampler id="mixamorig_Neck-Matrix-animation-transform">
        <input semantic="INPUT" source="#mixamorig_Neck-Matrix-animation-input"/>
        <input semantic="OUTPUT" source="#mixamorig_Neck-Matrix-animation-output-transform"/>
