<?xml version="1.0" encoding="utf-8"?>
<COLLADA xmlns="http://www.collada.org/2005/11/COLLADASchema" version="1.4.1">
  <asset>
    <contributor>
      <author>Mixamo</author>
      <authoring_tool>COLLADA Mixamo exporter</authoring_tool>
      <comments/>
    </contributor>
    <created>2024-12-02T03:06:30Z</created>
    <modified>2024-12-02T03:06:30Z</modified>
    <revision/>
    <title/>
    <unit meter="0.010000"/>
    <up_axis>Y_UP</up_axis>
  </asset>
  <library_animations>
    <animation id="mixamorig_Hips-anim" name="mixamorig_Hips">
      <source id="mixamorig_Hips-Matrix-animation-input">
        <float_array id="mixamorig_Hips-Matrix-animation-input-array" count="39">

0.000000 0.033333 0.066667 0.100000 0.133333 0.166667 0.200000 0.233333 0.266667 0.300000 0.333333 0.366667 0.400000 0.433333 0.466667 0.500000
0.533333 0.566667 0.600000 0.633333 0.666667 0.700000 0.733333 0.766667 0.800000 0.833333 0.866667 0.900000 0.933333 0.966667 1.000000 1.033333
1.066667 1.100000 1.133333 1.166667 1.200000 1.233333 1.266667</float_array>
        <technique_common>
          <accessor source="#mixamorig_Hips-Matrix-animation-input-array" count="39">
            <param name="TIME" type="float"/>
          </accessor>
        </technique_common>
      </source>
      <source id="mixamorig_Hips-Matrix-animation-output-transform">
        <float_array id="mixamorig_Hips-Matrix-animation-output-transform-array" count="624">

0.311950 -0.191111 -0.930679 -0.392598 0.026049 0.980913 -0.192695 107.307877 0.949741 0.035868 0.310974 1.255944 0.000000 0.000000 0.000000 1.000000
0.313054 -0.189980 -0.930540 -4.370035 0.029768 0.981270 -0.190322 109.629318 0.949269 0.031881 0.312846 1.535419 0.000000 0.000000 0.000000 1.000000
0.317618 -0.185763 -0.929845 -8.240443 0.033137 0.982198 -0.184903 111.677307 0.947639 0.027916 0.318120 1.992938 0.000000 0.000000 0.000000 1.000000
0.320201 -0.186541 -0.928802 -11.898230 0.035733 0.982102 -0.184927 113.167740 0.946675 0.026025 0.321136 2.519588 0.000000 0.000000 0.000000 1.000000
0.319406 -0.191420 -0.928083 -15.483130 0.040036 0.981237 -0.188604 113.652458 0.946772 0.023084 0.321076 3.177244 0.000000 0.000000 0.000000 1.000000
0.319123 -0.197060 -0.926999 -19.381783 0.040216 0.980078 -0.194499 112.397438 0.946860 0.024789 0.320691 4.064937 0.000000 0.000000 0.000000 1.000000
0.310984 -0.192724 -0.930670 -23.804714 0.033835 0.980849 -0.191809 109.959450 0.949813 0.028160 0.311549 5.165098 0.000000 0.000000 0.000000 1.000000
0.292922 -0.175916 -0.939814 -29.104614 0.024861 0.983998 -0.176438 106.867897 0.955813 0.028318 0.292608 6.378913 0.000000 0.000000 0.000000 1.000000
0.254371 -0.145661 -0.956074 -35.657944 0.009253 0.988914 -0.148202 103.762276 0.967062 0.028852 0.252899 7.559925 0.000000 0.000000 0.000000 1.000000
0.185814 -0.148531 -0.971294 -41.747284 0.002632 0.988580 -0.150671 101.351997 0.982581 0.025440 0.184083 8.477774 0.000000 0.000000 0.000000 1.000000
0.177256 -0.150585 -0.972576 -47.199337 -0.004243 0.988099 -0.153762 99.923241 0.984156 0.031382 0.174507 8.842894 0.000000 0.000000 0.000000 1.000000
0.195870 -0.136575 -0.971073 -52.371822 0.002704 0.990325 -0.138738 98.491905 0.980626 0.024549 0.194344 9.719214 0.000000 0.000000 0.000000 1.000000
0.216665 -0.148673 -0.964859 -56.786644 0.009371 0.988607 -0.150228 97.520432 0.976201 0.023507 0.215590 10.253217 0.000000 0.000000 0.000000 1.000000
0.244039 -0.153346 -0.957565 -60.238174 0.008958 0.987733 -0.155895 97.793015 0.969724 0.029466 0.242419 10.525317 0.000000 0.000000 0.000000 1.000000
0.260008 -0.191072 -0.946513 -62.982536 0.026154 0.981261 -0.190902 98.911781 0.965252 0.024881 0.260133 11.055285 0.000000 0.000000 0.000000 1.000000
0.282402 -0.186819 -0.940929 -66.067360 0.026459 0.981997 -0.187032 100.236542 0.958931 0.027923 0.282261 11.207402 0.000000 0.000000 0.000000 1.000000
0.287816 -0.194188 -0.937791 -69.220940 0.028566 0.980532 -0.194271 101.431458 0.957259 0.029126 0.287760 11.298151 0.000000 0.000000 0.000000 1.000000
0.276639 -0.199141 -0.940114 -72.500069 0.026445 0.979500 -0.199702 102.679634 0.960610 0.030384 0.276234 11.283640 0.000000 0.000000 0.000000 1.000000
0.270464 -0.198556 -0.942032 -75.890083 0.020777 0.979477 -0.200483 104.227699 0.962506 0.034651 0.269038 11.341236 0.000000 0.000000 0.000000 1.000000
0.272269 -0.200519 -0.941096 -79.539574 0.009637 0.978565 -0.205714 106.384613 0.962173 0.046940 0.268365 11.530142 0.000000 0.000000 0.000000 1.000000
0.274220 -0.202919 -0.940014 -83.057846 -0.003615 0.977260 -0.212014 108.825363 0.961660 0.061536 0.267251 11.718307 0.000000 0.000000 0.000000 1.000000
0.280548 -0.204305 -0.937845 -86.447372 -0.011408 0.976305 -0.216096 110.846214 0.959772 0.071324 0.271570 11.826624 0.000000 0.000000 0.000000 1.000000
0.286902 -0.206315 -0.935479 -89.893204 -0.018384 0.975167 -0.220706 112.428001 0.957783 0.080519 0.275985 11.867931 0.000000 0.000000 0.000000 1.000000
0.295164 -0.204698 -0.933261 -93.391258 -0.025528 0.974742 -0.221871 113.352211 0.955105 0.089313 0.282484 11.789018 0.000000 0.000000 0.000000 1.000000
0.307798 -0.206254 -0.928827 -97.883461 -0.028816 0.973752 -0.225779 112.930084 0.951015 0.096260 0.293776 11.592992 0.000000 0.000000 0.000000 1.000000
0.324206 -0.205142 -0.923476 -102.481407 -0.030255 0.973456 -0.226866 111.627640 0.945502 0.101491 0.309394 11.174242 0.000000 0.000000 0.000000 1.000000
0.345874 -0.196225 -0.917533 -107.313271 -0.023927 0.975725 -0.217690 109.584053 0.937976 0.097247 0.332783 10.551155 0.000000 0.000000 0.000000 1.000000
0.367111 -0.180243 -0.912547 -112.426147 -0.009828 0.980240 -0.197567 107.142593 0.930125 0.081498 0.358086 9.749596 0.000000 0.000000 0.000000 1.000000
0.383702 -0.163819 -0.908810 -117.865005 0.013230 0.985013 -0.171970 104.256195 0.923362 0.053962 0.380119 8.834146 0.000000 0.000000 0.000000 1.000000
0.366261 -0.152044 -0.918006 -123.151932 0.019021 0.987577 -0.155978 101.440498 0.930318 0.039667 0.364603 7.934497 0.000000 0.000000 0.000000 1.000000
0.351661 -0.142385 -0.925236 -128.073929 0.018545 0.989231 -0.145185 99.235558 0.935944 0.033897 0.350514 7.189728 0.000000 0.000000 0.000000 1.000000
0.363468 -0.148149 -0.919751 -133.052689 0.036737 0.988786 -0.144751 98.007042 0.930882 0.018823 0.364835 6.708248 0.000000 0.000000 0.000000 1.000000
0.355456 -0.149601 -0.922643 -137.937943 0.025442 0.988291 -0.150443 98.016876 0.934347 0.030002 0.355101 5.825376 0.000000 0.000000 0.000000 1.000000
0.350899 -0.145979 -0.924965 -142.711777 0.011613 0.988377 -0.151581 99.103981 0.936341 0.042448 0.348516 4.755666 0.000000 0.000000 0.000000 1.000000
0.340131 -0.157813 -0.927041 -147.540359 0.011119 0.986424 -0.163842 100.745560 0.940312 0.045420 0.337268 3.594066 0.000000 0.000000 0.000000 1.000000
0.329167 -0.171267 -0.928610 -152.317871 0.006045 0.983776 -0.179299 102.597832 0.944252 0.053406 0.324862 2.546264 0.000000 0.000000 0.000000 1.000000
0.325124 -0.174869 -0.929363 -156.969086 0.000468 0.982784 -0.184757 104.492386 0.945671 0.059634 0.319609 1.708346 0.000000 0.000000 0.000000 1.000000
0.318933 -0.184925 -0.929561 -161.455688 0.009503 0.981355 -0.191968 106.306435 0.947730 0.052391 0.314744 1.199286 0.000000 0.000000 0.000000 1.000000
0.311950 -0.191111 -0.930679 -165.476608 0.026049 0.980913 -0.192695 107.307899 0.949741 0.035868 0.310974 1.255944 0.000000 0.000000 0.000000 1.000000</float_array>
        <technique_common>
          <accessor source="#mixamorig_Hips-Matrix-animation-output-transform-array" count="39" stride="16">
            <param type="float4x4"/>
          </accessor>
        </technique_common>
      </source>
      <source id="mixamorig_Hips-Interpolations">
        <Name_array id="mixamorig_Hips-Interpolations-array" count="39">
 LINEAR LINEAR LINEAR LINEAR LINEAR LINEAR LINEAR LINEAR LINEAR LINEAR LINEAR
LINEAR LINEAR LINEAR LINEAR LINEAR LINEAR LINEAR LINEAR LINEAR LINEAR LINEAR LINEAR
LINEAR LINEAR LINEAR LINEAR LINEAR LINEAR LINEAR LINEAR LINEAR LINEAR LINEAR LINEAR
LINEAR LINEAR LINEAR LINEAR</Name_array>
        <technique_common>
          <accessor source="#mixamorig_Hips-Interpolations-array" count="39">
            <param type="name"/>
          </accessor>
        </technique_common>
      </source>
      <sampler id="mixamorig_Hips-Matrix-animation-transform">
        <input semantic="INPUT" source="#mixamorig_Hips-Matrix-animation-input"/>
        <input semantic="OUTPUT" source="#mixamorig_Hips-Matrix-animation-output-transform"/>
        <input semantic="INTERPOLATION" source="#mixamorig_Hips-Interpolations"/>
      </sampler>
      <channel source="#mixamorig_Hips-Matrix-animation-transform" target="mixamorig_Hips/matrix"/>
    </animation>
    <animation id="mixamorig_Spine-anim" name="mixamorig_Spine">
      <source id="mixamorig_Spine-Matrix-animation-input">
        <float_array id="mixamorig_Spine-Matrix-animation-input-array" count="39">

0.000000 0.033333 0.066667 0.100000 0.133333 0.166667 0.200000 0.233333 0.266667 0.300000 0.333333 0.366667 0.400000 0.433333 0.466667 0.500000
0.533333 0.566667 0.600000 0.633333 0.666667 0.700000 0.733333 0.766667 0.800000 0.833333 0.866667 0.900000 0.933333 0.966667 1.000000 1.033333
1.066667 1.100000 1.133333 1.166667 1.200000 1.233333 1.266667</float_array>
        <technique_common>
          <accessor source="#mixamorig_Spine-Matrix-animation-input-array" count="39">
            <param name="TIME" type="float"/>
          </accessor>
        </technique_common>
      </source>
      <source id="mixamorig_Spine-Matrix-animation-output-transform">
        <float_array id="mixamorig_Spine-Matrix-animation-output-transform-array" count="624">

0.999844 0.012590 0.012357 0.072000 -0.011224 0.994410 -0.104985 7.257300 -0.013610 0.104830 0.994397 -0.789700 0.000000 0.000000 0.000000 1.000000
0.999760 0.014279 0.016595 0.072000 -0.012472 0.994464 -0.104335 7.257300 -0.017993 0.104103 0.994404 -0.789700 0.000000 0.000000 0.000000 1.000000
0.999680 0.016703 0.019020 0.072000 -0.014637 0.994466 -0.104038 7.257300 -0.020653 0.103726 0.994391 -0.789700 0.000000 0.000000 0.000000 1.000000
0.999591 0.019640 0.020798 0.072000 -0.017398 0.994530 -0.102988 7.257300 -0.022707 0.102584 0.994465 -0.789700 0.000000 0.000000 0.000000 1.000000
0.999406 0.026504 0.022028 0.072000 -0.024128 0.994503 -0.101892 7.257300 -0.024607 0.101300 0.994552 -0.789700 0.000000 0.000000 0.000000 1.000000
0.999200 0.032589 0.023187 0.072000 -0.030102 0.994476 -0.100554 7.257300 -0.026336 0.099775 0.994661 -0.789700 0.000000 0.000000 0.000000 1.000000
0.999054 0.033597 0.027614 0.072000 -0.030679 0.994510 -0.100048 7.257300 -0.030823 0.099106 0.994599 -0.789700 0.000000 0.000000 0.000000 1.000000
0.998805 0.035293 0.033799 0.072000 -0.031697 0.994322 -0.101581 7.257300 -0.037192 0.100388 0.994253 -0.789700 0.000000 0.000000 0.000000 1.000000
0.998440 0.034198 0.044144 0.072000 -0.029492 0.994227 -0.103165 7.257300 -0.047417 0.101702 0.993684 -0.789700 0.000000 0.000000 0.000000 1.000000
0.997793 0.037903 0.054516 0.072000 -0.032554 0.994862 -0.095868 7.257300 -0.057870 0.093882 0.993900 -0.789700 0.000000 0.000000 0.000000 1.000000
0.997969 0.040166 0.049442 0.072000 -0.035156 0.994533 -0.098329 7.257300 -0.053121 0.096391 0.993925 -0.789700 0.000000 0.000000 0.000000 1.000000
0.998301 0.043150 0.039167 0.072000 -0.038878 0.993823 -0.103947 7.257300 -0.043410 0.102248 0.993811 -0.789700 0.000000 0.000000 0.000000 1.000000
0.998436 0.044433 0.033940 0.072000 -0.040871 0.994220 -0.099274 7.257300 -0.038155 0.097732 0.994481 -0.789700 0.000000 0.000000 0.000000 1.000000
0.998627 0.044030 0.028375 0.072000 -0.040962 0.994056 -0.100872 7.257300 -0.032647 0.099571 0.994495 -0.789700 0.000000 0.000000 0.000000 1.000000
0.998482 0.049616 0.023923 0.072000 -0.047084 0.994192 -0.096772 7.257300 -0.028585 0.095499 0.995019 -0.789700 0.000000 0.000000 0.000000 1.000000
0.998569 0.051040 0.015964 0.072000 -0.049165 0.993623 -0.101468 7.257300 -0.021041 0.100538 0.994711 -0.789700 0.000000 0.000000 0.000000 1.000000
0.998423 0.055723 0.006803 0.072000 -0.054760 0.993433 -0.100462 7.257300 -0.012356 0.099931 0.994918 -0.789700 0.000000 0.000000 0.000000 1.000000
0.998183 0.060244 0.000838 0.072000 -0.059858 0.993182 -0.100034 7.257300 -0.006859 0.099802 0.994984 -0.789700 0.000000 0.000000 0.000000 1.000000
0.998160 0.060338 -0.006039 0.072000 -0.060640 0.993095 -0.100426 7.257300 -0.000062 0.100607 0.994926 -0.789700 0.000000 0.000000 0.000000 1.000000
0.998487 0.053373 -0.013218 0.072000 -0.054430 0.993503 -0.099947 7.257300 0.007798 0.100516 0.994905 -0.789700 0.000000 0.000000 0.000000 1.000000
0.998921 0.043152 -0.017170 0.072000 -0.044647 0.994069 -0.099167 7.257300 0.012788 0.099827 0.994923 -0.789700 0.000000 0.000000 0.000000 1.000000
0.999148 0.035626 -0.020826 0.072000 -0.037520 0.994377 -0.099025 7.257300 0.017181 0.099722 0.994867 -0.789700 0.000000 0.000000 0.000000 1.000000
0.999364 0.027957 -0.022130 0.072000 -0.029994 0.994749 -0.097846 7.257300 0.019278 0.098447 0.994956 -0.789700 0.000000 0.000000 0.000000 1.000000
0.999602 0.018912 -0.020931 0.072000 -0.020836 0.995176 -0.095869 7.257300 0.019017 0.096267 0.995174 -0.789700 0.000000 0.000000 0.000000 1.000000
0.999734 0.010808 -0.020360 0.072000 -0.012683 0.995460 -0.094331 7.257300 0.019248 0.094564 0.995333 -0.789700 0.000000 0.000000 0.000000 1.000000
0.999780 0.003558 -0.020667 0.072000 -0.005469 0.995638 -0.093142 7.257300 0.020245 0.093235 0.995438 -0.789700 0.000000 0.000000 0.000000 1.000000
0.999703 0.000575 -0.024363 0.072000 -0.002850 0.995622 -0.093429 7.257300 0.024202 0.093471 0.995328 -0.789700 0.000000 0.000000 0.000000 1.000000
0.999549 0.002327 -0.029954 0.072000 -0.005149 0.995514 -0.094479 7.257300 0.029600 0.094591 0.995076 -0.789700 0.000000 0.000000 0.000000 1.000000
0.999251 0.012183 -0.036718 0.072000 -0.015641 0.995314 -0.095425 7.257300 0.035384 0.095928 0.994759 -0.789700 0.000000 0.000000 0.000000 1.000000
0.999107 0.019499 -0.037492 0.072000 -0.023075 0.994972 -0.097460 7.257300 0.035403 0.098239 0.994533 -0.789700 0.000000 0.000000 0.000000 1.000000
0.999137 0.017997 -0.037441 0.072000 -0.021709 0.994628 -0.101214 7.257300 0.035419 0.101940 0.994160 -0.789700 0.000000 0.000000 0.000000 1.000000
0.999092 0.020427 -0.037396 0.072000 -0.024082 0.994691 -0.100051 7.257300 0.035154 0.100861 0.994279 -0.789700 0.000000 0.000000 0.000000 1.000000
0.999544 0.012756 -0.027353 0.072000 -0.015431 0.994876 -0.099914 7.257300 0.025938 0.100290 0.994620 -0.789700 0.000000 0.000000 0.000000 1.000000
0.999812 0.004644 -0.018813 0.072000 -0.006580 0.994537 -0.104180 7.257300 0.018226 0.104284 0.994380 -0.789700 0.000000 0.000000 0.000000 1.000000
0.999940 0.002745 -0.010569 0.072000 -0.003853 0.994324 -0.106327 7.257300 0.010217 0.106362 0.994275 -0.789700 0.000000 0.000000 0.000000 1.000000
0.999998 0.000129 -0.002002 0.072000 -0.000339 0.994450 -0.105212 7.257300 0.001977 0.105212 0.994448 -0.789700 0.000000 0.000000 0.000000 1.000000
0.999991 -0.002032 0.003666 0.072000 0.002407 0.994431 -0.105366 7.257300 -0.003431 0.105374 0.994427 -0.789700 0.000000 0.000000 0.000000 1.000000
0.999954 0.004169 0.008655 0.072000 -0.003242 0.994519 -0.104509 7.257300 -0.009043 0.104476 0.994486 -0.789700 0.000000 0.000000 0.000000 1.000000
0.999844 0.012590 0.012356 0.072000 -0.011224 0.994410 -0.104985 7.257300 -0.013608 0.104830 0.994397 -0.789700 0.000000 0.000000 0.000000 1.000000</float_array>
        <technique_common>
          <accessor source="#mixamorig_Spine-Matrix-animation-output-transform-array" count="39" stride="16">
            <param type="float4x4"/>
          </accessor>
        </technique_common>
      </source>
      <source id="mixamorig_Spine-Interpolations">
        <Name_array id="mixamorig_Spine-Interpolations-array" count="39">
 LINEAR LINEAR LINEAR LINEAR LINEAR LINEAR LINEAR LINEAR LINEAR LINEAR LINEAR
LINEAR LINEAR LINEAR LINEAR LINEAR LINEAR LINEAR LINEAR LINEAR LINEAR LINEAR LINEAR
LINEAR LINEAR LINEAR LINEAR LINEAR LINEAR LINEAR LINEAR LINEAR LINEAR LINEAR LINEAR
LINEAR LINEAR LINEAR LINEAR</Name_array>
        <technique_common>
          <accessor source="#mixamorig_Spine-Interpolations-array" count="39">
            <param type="name"/>
          </accessor>
        </technique_common>
      </source>
      <sampler id="mixamorig_Spine-Matrix-animation-transform">
        <input semantic="INPUT" source="#mixamorig_Spine-Matrix-animation-input"/>
        <input semantic="OUTPUT" source="#mixamorig_Spine-Matrix-animation-output-transform"/>
        <input semantic="INTERPOLATION" source="#mixamorig_Spine-Interpolations"/>
      </sampler>
      <channel source="#mixamorig_Spine-Matrix-animation-transform" target="mixamorig_Spine/matrix"/>
    </animation>
    <animation id="mixamorig_Spine1-anim" name="mixamorig_Spine1">
      <source id="mixamorig_Spine1-Matrix-animation-input">
        <float_array id="mixamorig_Spine1-Matrix-animation-input-array" count="39">

0.000000 0.033333 0.066667 0.100000 0.133333 0.166667 0.200000 0.233333 0.266667 0.300000 0.333333 0.366667 0.400000 0.433333 0.466667 0.500000
0.533333 0.566667 0.600000 0.633333 0.666667 0.700000 0.733333 0.766667 0.800000 0.833333 0.866667 0.900000 0.933333 0.966667 1.000000 1.033333
1.066667 1.100000 1.133333 1.166667 1.200000 1.233333 1.266667</float_array>
        <technique_common>
          <accessor source="#mixamorig_Spine1-Matrix-animation-input-array" count="39">
            <param name="TIME" type="float"/>
          </accessor>
        </technique_common>
      </source>
      <source id="mixamorig_Spine1-Matrix-animation-output-transform">
        <float_array id="mixamorig_Spine1-Matrix-animation-output-transform-array" count="624">

0.997824 0.065282 0.009206 0.000000 -0.063680 0.990509 -0.121804 8.558700 -0.017070 0.120953 0.992511 0.000000 0.000000 0.000000 0.000000 1.000000
0.997698 0.066380 0.013873 0.000000 -0.064235 0.990634 -0.120491 8.558700 -0.021741 0.119322 0.992617 0.000000 0.000000 0.000000 0.000000 1.000000
0.997638 0.066334 0.017816 0.000000 -0.063724 0.990693 -0.120275 8.558700 -0.025629 0.118856 0.992581 0.000000 0.000000 0.000000 0.000000 1.000000
0.997568 0.065820 0.022939 0.000000 -0.062673 0.991025 -0.118077 8.558700 -0.030505 0.116353 0.992739 0.000000 0.000000 0.000000 0.000000 1.000000
0.997440 0.065200 0.029359 0.000000 -0.061434 0.991493 -0.114749 8.558700 -0.036591 0.112652 0.992961 -0.000000 0.000000 0.000000 0.000000 1.000000
0.997368 0.063305 0.035360 -0.000000 -0.059049 0.992106 -0.110633 8.558700 -0.042085 0.108253 0.993232 0.000000 0.000000 0.000000 0.000000 1.000000
0.997201 0.061168 0.042997 0.000000 -0.056111 0.992311 -0.110324 8.558700 -0.049415 0.107603 0.992965 -0.000000 0.000000 0.000000 0.000000 1.000000
0.996823 0.060004 0.052371 0.000000 -0.053725 0.992025 -0.114016 8.558700 -0.058795 0.110840 0.992098 -0.000000 0.000000 0.000000 0.000000 1.000000
0.995779 0.062123 0.067559 0.000000 -0.053703 0.991319 -0.120010 8.558700 -0.074428 0.115875 0.990471 0.000000 0.000000 0.000000 0.000000 1.000000
0.993390 0.069915 0.091037 0.000000 -0.058499 0.990739 -0.122536 8.558700 -0.098761 0.116400 0.988280 0.000000 0.000000 0.000000 0.000000 1.000000
0.993160 0.073097 0.091052 0.000000 -0.061595 0.990458 -0.123285 8.558700 -0.099195 0.116834 0.988185 -0.000000 0.000000 0.000000 0.000000 1.000000
0.994249 0.072163 0.079134 0.000000 -0.061937 0.990243 -0.124827 8.558700 -0.087370 0.119207 0.989018 0.000000 0.000000 0.000000 0.000000 1.000000
0.995639 0.069969 0.061702 0.000000 -0.061958 0.990426 -0.123362 8.558700 -0.069743 0.119001 0.990442 -0.000000 0.000000 0.000000 0.000000 1.000000
0.996963 0.065718 0.041772 -0.000000 -0.060178 0.990665 -0.122320 8.558700 -0.049421 0.119434 0.991611 0.000000 0.000000 0.000000 0.000000 1.000000
0.997820 0.062295 0.021806 -0.000000 -0.059264 0.991074 -0.119415 8.558700 -0.029050 0.117863 0.992605 -0.000000 0.000000 0.000000 0.000000 1.000000
0.998321 0.057662 0.005433 -0.000000 -0.056586 0.991070 -0.120741 8.558700 -0.012347 0.120231 0.992669 0.000000 0.000000 0.000000 0.000000 1.000000
0.998521 0.054258 -0.003480 0.000000 -0.054284 0.991293 -0.119961 8.558700 -0.003060 0.119973 0.992772 0.000000 0.000000 0.000000 0.000000 1.000000
0.998628 0.052079 -0.005416 0.000000 -0.052354 0.991560 -0.118606 8.558700 -0.000807 0.118727 0.992927 -0.000000 0.000000 0.000000 0.000000 1.000000
0.998741 0.049425 -0.008555 0.000000 -0.050089 0.991801 -0.117569 8.558700 0.002674 0.117850 0.993028 0.000000 0.000000 0.000000 0.000000 1.000000
0.998901 0.044750 -0.013962 0.000000 -0.046072 0.992151 -0.116251 8.558700 0.008650 0.116766 0.993122 -0.000000 0.000000 0.000000 0.000000 1.000000
0.998974 0.040974 -0.019285 0.000000 -0.042917 0.992510 -0.114375 8.558700 0.014455 0.115085 0.993250 0.000000 0.000000 0.000000 0.000000 1.000000
0.998933 0.038383 -0.025684 0.000000 -0.041025 0.992885 -0.111785 8.558700 0.021210 0.112720 0.993400 0.000000 0.000000 0.000000 0.000000 1.000000
0.998837 0.036727 -0.031242 0.000000 -0.039915 0.993302 -0.108432 8.558700 0.027050 0.109553 0.993613 0.000000 0.000000 0.000000 0.000000 1.000000
0.998666 0.036177 -0.036855 0.000000 -0.039878 0.993650 -0.105207 8.558700 0.032815 0.106536 0.993767 0.000000 0.000000 0.000000 0.000000 1.000000
0.998447 0.035451 -0.042974 0.000000 -0.039670 0.994026 -0.101678 8.558700 0.039112 0.103225 0.993889 -0.000000 0.000000 0.000000 0.000000 1.000000
0.998190 0.034408 -0.049325 -0.000000 -0.039187 0.994271 -0.099444 8.558700 0.045621 0.101197 0.993820 0.000000 0.000000 0.000000 0.000000 1.000000
0.997809 0.033597 -0.056994 0.000000 -0.039261 0.994074 -0.101364 8.558700 0.053251 0.103380 0.993215 0.000000 0.000000 0.000000 0.000000 1.000000
0.997335 0.034311 -0.064388 -0.000000 -0.041103 0.993374 -0.107321 8.558700 0.060279 0.109681 0.992137 0.000000 0.000000 0.000000 0.000000 1.000000
0.996874 0.037009 -0.069798 -0.000000 -0.044889 0.992358 -0.114937 8.558700 0.065010 0.117711 0.990918 -0.000000 0.000000 0.000000 0.000000 1.000000
0.997858 0.032829 -0.056575 0.000000 -0.039339 0.992225 -0.118076 8.558700 0.052258 0.120049 0.991392 -0.000000 0.000000 0.000000 0.000000 1.000000
0.998593 0.029998 -0.043718 0.000000 -0.035103 0.992018 -0.121115 8.558700 0.039736 0.122480 0.991675 -0.000000 0.000000 0.000000 0.000000 1.000000
0.998103 0.038036 -0.048402 0.000000 -0.043657 0.991700 -0.120936 8.558700 0.043400 0.122819 0.991480 -0.000000 0.000000 0.000000 0.000000 1.000000
0.998612 0.033103 -0.040958 0.000000 -0.037802 0.992071 -0.119862 8.558700 0.036666 0.121244 0.991945 0.000000 0.000000 0.000000 0.000000 1.000000
0.999008 0.030467 -0.032472 0.000000 -0.034240 0.991838 -0.122824 8.558700 0.028465 0.123814 0.991897 -0.000000 0.000000 0.000000 0.000000 1.000000
0.998796 0.043400 -0.022871 0.000000 -0.045911 0.991213 -0.124052 8.558700 0.017287 0.124953 0.992012 0.000000 0.000000 0.000000 0.000000 1.000000
0.998640 0.050984 -0.010939 0.000000 -0.051938 0.991181 -0.121914 8.558700 0.004627 0.122317 0.992480 0.000000 0.000000 0.000000 0.000000 1.000000
0.998543 0.053907 -0.002522 0.000000 -0.053811 0.991050 -0.122167 8.558700 -0.004086 0.122125 0.992506 0.000000 0.000000 0.000000 0.000000 1.000000
0.998224 0.059434 0.003996 0.000000 -0.058515 0.990920 -0.121053 8.558700 -0.011154 0.120605 0.992638 -0.000000 0.000000 0.000000 0.000000 1.000000
0.997824 0.065283 0.009206 0.000000 -0.063680 0.990509 -0.121804 8.558700 -0.017071 0.120953 0.992511 0.000000 0.000000 0.000000 0.000000 1.000000</float_array>
        <technique_common>
          <accessor source="#mixamorig_Spine1-Matrix-animation-output-transform-array" count="39" stride="16">
            <param type="float4x4"/>
          </accessor>
        </technique_common>
      </source>
      <source id="mixamorig_Spine1-Interpolations">
        <Name_array id="mixamorig_Spine1-Interpolations-array" count="39">
 LINEAR LINEAR LINEAR LINEAR LINEAR LINEAR LINEAR LINEAR LINEAR LINEAR LINEAR
LINEAR LINEAR LINEAR LINEAR LINEAR LINEAR LINEAR LINEAR LINEAR LINEAR LINEAR LINEAR
LINEAR LINEAR LINEAR LINEAR LINEAR LINEAR LINEAR LINEAR LINEAR LINEAR LINEAR LINEAR
LINEAR LINEAR LINEAR LINEAR</Name_array>
        <technique_common>
          <accessor source="#mixamorig_Spine1-Interpolations-array" count="39">
            <param type="name"/>
          </accessor>
        </technique_common>
      </source>
      <sampler id="mixamorig_Spine1-Matrix-animation-transform">
        <input semantic="INPUT" source="#mixamorig_Spine1-Matrix-animation-input"/>
        <input semantic="OUTPUT" source="#mixamorig_Spine1-Matrix-animation-output-transform"/>
        <input semantic="INTERPOLATION" source="#mixamorig_Spine1-Interpolations"/>
      </sampler>
      <channel source="#mixamorig_Spine1-Matrix-animation-transform" target="mixamorig_Spine1/matrix"/>
    </animation>
    <animation id="mixamorig_Spine2-anim" name="mixamorig_Spine2">
      <source id="mixamorig_Spine2-Matrix-animation-input">
        <float_array id="mixamorig_Spine2-Matrix-animation-input-array" count="39">

0.000000 0.033333 0.066667 0.100000 0.133333 0.166667 0.200000 0.233333 0.266667 0.300000 0.333333 0.366667 0.400000 0.433333 0.466667 0.500000
0.533333 0.566667 0.600000 0.633333 0.666667 0.700000 0.733333 0.766667 0.800000 0.833333 0.866667 0.900000 0.933333 0.966667 1.000000 1.033333
1.066667 1.100000 1.133333 1.166667 1.200000 1.233333 1.266667</float_array>
        <technique_common>
          <accessor source="#mixamorig_Spine2-Matrix-animation-input-array" count="39">
            <param name="TIME" type="float"/>
          </accessor>
        </technique_common>
      </source>
      <source id="mixamorig_Spine2-Matrix-animation-output-transform">
        <float_array id="mixamorig_Spine2-Matrix-animation-output-transform-array" count="624">

0.997824 0.063840 0.016463 0.000000 -0.063674 0.997916 -0.010439 29.149500 -0.017095 0.009368 0.999810 1.721100 0.000000 0.000000 0.000000 1.000000
0.997709 0.064247 0.021209 -0.000000 -0.064064 0.997903 -0.009206 29.149500 -0.021756 0.007826 0.999733 1.721100 0.000000 0.000000 0.000000 1.000000
0.997647 0.063760 0.025187 0.000000 -0.063552 0.997938 -0.008972 29.149500 -0.025708 0.007350 0.999642 1.721100 0.000000 0.000000 0.000000 1.000000
0.997571 0.062789 0.030168 0.000000 -0.062614 0.998015 -0.006702 29.149500 -0.030529 0.004797 0.999522 1.721100 0.000000 0.000000 0.000000 1.000000
0.997442 0.061492 0.036442 0.000000 -0.061411 0.998107 -0.003333 29.149500 -0.036578 0.001087 0.999330 1.721100 0.000000 0.000000 0.000000 1.000000
0.997359 0.059087 0.042234 -0.000000 -0.059179 0.998247 0.000917 29.149500 -0.042106 -0.003414 0.999107 1.721100 0.000000 0.000000 0.000000 1.000000
0.997196 0.056110 0.049516 0.000000 -0.056239 0.998417 0.001216 29.149500 -0.049370 -0.003997 0.998773 1.721100 0.000000 0.000000 0.000000 1.000000
0.996822 0.053880 0.058671 0.000000 -0.053825 0.998547 -0.002523 29.149500 -0.058722 -0.000643 0.998274 1.721100 0.000000 0.000000 0.000000 1.000000
0.995768 0.054293 0.074149 -0.000000 -0.053809 0.998515 -0.008516 29.149500 -0.074501 0.004490 0.997211 1.721100 0.000000 0.000000 0.000000 1.000000
0.993262 0.058697 0.099924 -0.000000 -0.057974 0.998267 -0.010124 29.149500 -0.100345 0.004263 0.994944 1.721100 0.000000 0.000000 0.000000 1.000000
0.992752 0.063860 0.101813 0.000000 -0.063306 0.997957 -0.008661 29.149500 -0.102158 0.002153 0.994766 1.721100 0.000000 0.000000 0.000000 1.000000
0.993782 0.066288 0.089460 0.000000 -0.065670 0.997793 -0.009839 29.149500 -0.089915 0.003903 0.995942 1.721100 0.000000 0.000000 0.000000 1.000000
0.995316 0.064697 0.071836 0.000000 -0.064178 0.997893 -0.009509 29.149500 -0.072300 0.004854 0.997371 1.721100 0.000000 0.000000 0.000000 1.000000
0.996779 0.061766 0.051161 -0.000000 -0.061358 0.998070 -0.009526 29.149500 -0.051651 0.006356 0.998645 1.721100 0.000000 0.000000 0.000000 1.000000
0.997762 0.058798 0.031833 0.000000 -0.058583 0.998253 -0.007641 29.149500 -0.032227 0.005759 0.999464 1.721100 0.000000 0.000000 0.000000 1.000000
0.998362 0.055515 0.013817 -0.000000 -0.055384 0.998418 -0.009727 29.149500 -0.014335 0.008946 0.999857 1.721100 0.000000 0.000000 0.000000 1.000000
0.998571 0.053263 0.004348 0.000000 -0.053222 0.998542 -0.009011 29.149500 -0.004822 0.008767 0.999950 1.721100 0.000000 0.000000 0.000000 1.000000
0.998677 0.051401 0.001689 0.000000 -0.051387 0.998650 -0.007600 29.149500 -0.002077 0.007503 0.999970 1.721100 0.000000 0.000000 0.000000 1.000000
0.998783 0.049266 -0.002299 0.000000 -0.049280 0.998764 -0.006467 29.149500 0.001978 0.006573 0.999976 1.721100 0.000000 0.000000 0.000000 1.000000
0.998926 0.045550 -0.008512 -0.000000 -0.045593 0.998948 -0.004966 29.149500 0.008277 0.005349 0.999951 1.721100 0.000000 0.000000 0.000000 1.000000
0.998987 0.042613 -0.014487 0.000000 -0.042660 0.999085 -0.002947 29.149500 0.014348 0.003562 0.999891 1.721100 0.000000 0.000000 0.000000 1.000000
0.998934 0.040921 -0.021375 0.000000 -0.040935 0.999162 -0.000225 29.149500 0.021348 0.001100 0.999772 1.721100 0.000000 0.000000 0.000000 1.000000
0.998833 0.039953 -0.027154 0.000000 -0.039881 0.999199 0.003200 29.149500 0.027260 -0.002113 0.999626 1.721100 0.000000 0.000000 0.000000 1.000000
0.998666 0.040022 -0.032619 -0.000000 -0.039834 0.999186 0.006396 29.149500 0.032848 -0.005089 0.999447 1.721100 0.000000 0.000000 0.000000 1.000000
0.998452 0.039937 -0.038721 -0.000000 -0.039581 0.999167 0.009905 29.149500 0.039084 -0.008357 0.999201 1.721100 0.000000 0.000000 0.000000 1.000000
0.998200 0.039576 -0.045061 -0.000000 -0.039068 0.999163 0.012096 29.149500 0.045502 -0.010314 0.998911 1.721100 0.000000 0.000000 0.000000 1.000000
0.997821 0.039651 -0.052743 0.000000 -0.039168 0.999181 0.010154 29.149500 0.053103 -0.008067 0.998556 1.721100 0.000000 0.000000 0.000000 1.000000
0.997343 0.041366 -0.059965 0.000000 -0.041188 0.999143 0.004199 29.149500 0.060087 -0.001718 0.998192 1.721100 0.000000 0.000000 0.000000 1.000000
0.996899 0.044842 -0.064669 0.000000 -0.045169 0.998973 -0.003611 29.149500 0.064441 0.006521 0.997900 1.721100 0.000000 0.000000 0.000000 1.000000
0.997896 0.039770 -0.051210 -0.000000 -0.040170 0.999170 -0.006803 29.149500 0.050897 0.008845 0.998665 1.721100 0.000000 0.000000 0.000000 1.000000
0.998580 0.036454 -0.038840 0.000000 -0.036843 0.999277 -0.009350 29.149500 0.038471 0.010768 0.999202 1.721100 0.000000 0.000000 0.000000 1.000000
0.998103 0.044753 -0.042286 0.000000 -0.045184 0.998935 -0.009303 29.149500 0.041825 0.011196 0.999062 1.721100 0.000000 0.000000 0.000000 1.000000
0.998648 0.037921 -0.035551 0.000000 -0.038248 0.999232 -0.008563 29.149500 0.035199 0.009911 0.999331 1.721100 0.000000 0.000000 0.000000 1.000000
0.999041 0.033678 -0.027996 0.000000 -0.034012 0.999355 -0.011537 29.149500 0.027589 0.012478 0.999541 1.721100 0.000000 0.000000 0.000000 1.000000
0.998817 0.045333 -0.017585 -0.000000 -0.045561 0.998880 -0.012762 29.149500 0.016987 0.013548 0.999764 1.721100 0.000000 0.000000 0.000000 1.000000
0.998651 0.051670 -0.005153 0.000000 -0.051722 0.998606 -0.010566 29.149500 0.004600 0.010818 0.999931 1.721100 0.000000 0.000000 0.000000 1.000000
0.998537 0.053979 0.003326 -0.000000 -0.053941 0.998487 -0.010686 29.149500 -0.003898 0.010491 0.999937 1.721100 0.000000 0.000000 0.000000 1.000000
0.998220 0.058703 0.010506 0.000000 -0.058602 0.998235 -0.009612 29.149500 -0.011052 0.008979 0.999899 1.721100 0.000000 0.000000 0.000000 1.000000
0.997824 0.063840 0.016463 0.000000 -0.063674 0.997916 -0.010439 29.149500 -0.017095 0.009368 0.999810 1.721100 0.000000 0.000000 0.000000 1.000000</float_array>
        <technique_common>
          <accessor source="#mixamorig_Spine2-Matrix-animation-output-transform-array" count="39" stride="16">
            <param type="float4x4"/>
          </accessor>
        </technique_common>
      </source>
      <source id="mixamorig_Spine2-Interpolations">
        <Name_array id="mixamorig_Spine2-Interpolations-array" count="39">
 LINEAR LINEAR LINEAR LINEAR LINEAR LINEAR LINEAR LINEAR LINEAR LINEAR LINEAR
LINEAR LINEAR LINEAR LINEAR LINEAR LINEAR LINEAR LINEAR LINEAR LINEAR LINEAR LINEAR
LINEAR LINEAR LINEAR LINEAR LINEAR LINEAR LINEAR LINEAR LINEAR LINEAR LINEAR LINEAR
LINEAR LINEAR LINEAR LINEAR</Name_array>
        <technique_common>
          <accessor source="#mixamorig_Spine2-Interpolations-array" count="39">
            <param type="name"/>
          </accessor>
        </technique_common>
      </source>
      <sampler id="mixamorig_Spine2-Matrix-animation-transform">
        <input semantic="INPUT" source="#mixamorig_Spine2-Matrix-animation-input"/>
        <input semantic="OUTPUT" source="#mixamorig_Spine2-Matrix-animation-output-transform"/>
        <input semantic="INTERPOLATION" source="#mixamorig_Spine2-Interpolations"/>
      </sampler>
      <channel source="#mixamorig_Spine2-Matrix-animation-transform" target="mixamorig_Spine2/matrix"/>
    </animation>
    <animation id="mixamorig_Neck-anim" name="mixamorig_Neck">
      <source id="mixamorig_Neck-Matrix-animation-input">
        <float_array id="mixamorig_Neck-Matrix-animation-input-array" count="39">

0.000000 0.033333 0.066667 0.100000 0.133333 0.166667 0.200000 0.233333 0.266667 0.300000 0.333333 0.366667 0.400000 0.433333 0.466667 0.500000
0.533333 0.566667 0.600000 0.633333 0.666667 0.700000 0.733333 0.766667 0.800000 0.833333 0.866667 0.900000 0.933333 0.966667 1.000000 1.033333
1.066667 1.100000 1.133333 1.166667 1.200000 1.233333 1.266667</float_array>
        <technique_common>
          <accessor source="#mixamorig_Neck-Matrix-animation-input-array" count="39">
            <param name="TIME" type="float"/>
          </accessor>
        </technique_common>
      </source>
      <source id="mixamorig_Neck-Matrix-animation-output-transform">
        <float_array id="mixamorig_Neck-Matrix-animation-output-transform-array" count="624">

0.912539 0.148294 0.381157 -0.000000 -0.020028 0.947035 -0.320507 13.857900 -0.408498 0.284841 0.867176 7.405300 0.000000 0.000000 0.000000 1.000000
0.912739 0.160893 0.375527 0.000000 -0.034924 0.946550 -0.320660 13.857900 -0.407048 0.279564 0.869572 7.405300 0.000000 0.000000 0.000000 1.000000
0.913438 0.169189 0.370143 -0.000000 -0.047542 0.947625 -0.315826 13.857900 -0.404191 0.270890 0.873641 7.405300 0.000000 0.000000 0.000000 1.000000
0.913501 0.177151 0.366242 0.000000 -0.059420 0.948663 -0.310658 13.857900 -0.402473 0.262024 0.877131 7.405300 0.000000 0.000000 0.000000 1.000000
0.915623 0.173302 0.362768 0.000000 -0.062134 0.952480 -0.298196 13.857900 -0.397207 0.250495 0.882881 7.405300 0.000000 0.000000 0.000000 1.000000
0.918611 0.152361 0.364608 0.000000 -0.052738 0.961696 -0.268998 13.857900 -0.391627 0.227876 0.891460 7.405300 0.000000 0.000000 0.000000 1.000000
0.920518 0.128036 0.369124 -0.000000 -0.044266 0.972873 -0.227063 13.857900 -0.388184 0.192676 0.901216 7.405300 0.000000 0.000000 0.000000 1.000000
0.921082 0.105478 0.374811 -0.000000 -0.034140 0.980779 -0.192110 13.857900 -0.387870 0.164153 0.906979 7.405300 0.000000 0.000000 0.000000 1.000000
0.922835 0.084554 0.375799 0.000000 -0.014116 0.982378 -0.186370 13.857900 -0.384936 0.166684 0.907767 7.405300 0.000000 0.000000 0.000000 1.000000
0.921773 0.081144 0.379143 -0.000000 -0.011078 0.982968 -0.183443 13.857900 -0.387571 0.164893 0.906972 7.405300 0.000000 0.000000 0.000000 1.000000
0.917873 0.087656 0.387074 0.000000 -0.022407 0.985194 -0.169972 13.857900 -0.396242 0.147340 0.906247 7.405300 0.000000 0.000000 0.000000 1.000000
0.914283 0.102580 0.391873 0.000000 -0.026930 0.980657 -0.193872 13.857900 -0.404181 0.166701 0.899360 7.405300 0.000000 0.000000 0.000000 1.000000
0.915323 0.096463 0.390997 0.000000 -0.017364 0.979440 -0.200989 13.857900 -0.402345 0.177181 0.898179 7.405300 0.000000 0.000000 0.000000 1.000000
0.915817 0.087058 0.392047 0.000000 -0.007555 0.979783 -0.199922 13.857900 -0.401526 0.180130 0.897959 7.405300 0.000000 0.000000 0.000000 1.000000
0.916400 0.084606 0.391219 0.000000 -0.007551 0.980885 -0.194442 13.857900 -0.400192 0.175233 0.899522 7.405300 0.000000 0.000000 0.000000 1.000000
0.914076 0.093141 0.394702 0.000000 -0.004609 0.975592 -0.219543 13.857900 -0.405516 0.198860 0.892195 7.405300 0.000000 0.000000 0.000000 1.000000
0.914308 0.082739 0.396478 0.000000 0.010795 0.973585 -0.228068 13.857900 -0.404875 0.212804 0.889264 7.405300 0.000000 0.000000 0.000000 1.000000
0.912334 0.088477 0.399772 -0.000000 0.010659 0.970910 -0.239207 13.857900 -0.409307 0.222498 0.884851 7.405300 0.000000 0.000000 0.000000 1.000000
0.908685 0.101264 0.405016 -0.000000 0.004549 0.967678 -0.252149 13.857900 -0.417459 0.230967 0.878853 7.405300 0.000000 0.000000 0.000000 1.000000
0.904374 0.110886 0.412082 -0.000000 -0.003057 0.967309 -0.253581 13.857900 -0.426730 0.228072 0.875148 7.405300 0.000000 0.000000 0.000000 1.000000
0.900208 0.124153 0.417386 0.000000 -0.015792 0.967173 -0.253629 13.857900 -0.435173 0.221728 0.872618 7.405300 0.000000 0.000000 0.000000 1.000000
0.897349 0.131679 0.421219 -0.000000 -0.024326 0.967757 -0.250710 13.857900 -0.440650 0.214727 0.871619 7.405300 0.000000 0.000000 0.000000 1.000000
0.896487 0.137859 0.421078 0.000000 -0.027955 0.966069 -0.256769 13.857900 -0.442188 0.218418 0.869921 7.405300 0.000000 0.000000 0.000000 1.000000
0.900418 0.127546 0.415908 0.000000 -0.012702 0.963354 -0.267932 13.857900 -0.434840 0.235968 0.869041 7.405300 0.000000 0.000000 0.000000 1.000000
0.903147 0.120459 0.412086 0.000000 -0.006903 0.963783 -0.266600 13.857900 -0.429275 0.237934 0.871269 7.405300 0.000000 0.000000 0.000000 1.000000
0.906484 0.111263 0.407317 0.000000 0.000006 0.964654 -0.263519 13.857900 -0.422239 0.238879 0.874443 7.405300 0.000000 0.000000 0.000000 1.000000
0.908885 0.106187 0.403302 0.000000 0.001177 0.966385 -0.257096 13.857900 -0.417045 0.234145 0.878208 7.405300 0.000000 0.000000 0.000000 1.000000
0.910139 0.108658 0.399801 0.000000 -0.003756 0.967120 -0.254293 13.857900 -0.414287 0.229940 0.880621 7.405300 0.000000 0.000000 0.000000 1.000000
0.909444 0.108080 0.401534 0.000000 -0.008764 0.970399 -0.241349 13.857900 -0.415733 0.215975 0.883471 7.405300 0.000000 0.000000 0.000000 1.000000
0.913587 0.083462 0.397985 0.000000 0.004290 0.976677 -0.214669 13.857900 -0.406620 0.197826 0.891922 7.405300 0.000000 0.000000 0.000000 1.000000
0.907344 0.107713 0.406356 -0.000000 -0.029424 0.980519 -0.194207 13.857900 -0.419358 0.164256 0.892837 7.405300 0.000000 0.000000 0.000000 1.000000
0.905766 0.121888 0.405871 0.000000 -0.027201 0.972491 -0.231347 13.857900 -0.422905 0.198506 0.884165 7.405300 0.000000 0.000000 0.000000 1.000000
0.909765 0.118688 0.397795 0.000000 -0.015633 0.967372 -0.252877 13.857900 -0.414829 0.223840 0.881937 7.405300 0.000000 0.000000 0.000000 1.000000
0.912277 0.110755 0.394314 0.000000 -0.010804 0.968916 -0.247153 13.857900 -0.409431 0.221212 0.885117 7.405300 0.000000 0.000000 0.000000 1.000000
0.911507 0.119124 0.393655 0.000000 -0.012666 0.964812 -0.262634 13.857900 -0.411089 0.234407 0.880942 7.405300 0.000000 0.000000 0.000000 1.000000
0.912260 0.131078 0.388072 0.000000 -0.014867 0.957387 -0.288426 13.857900 -0.409341 0.257350 0.875335 7.405300 0.000000 0.000000 0.000000 1.000000
0.909621 0.148982 0.387806 -0.000000 -0.027038 0.952738 -0.302589 13.857900 -0.414558 0.264755 0.870659 7.405300 0.000000 0.000000 0.000000 1.000000
0.910267 0.151439 0.385331 0.000000 -0.024839 0.949002 -0.314291 13.857900 -0.413275 0.276517 0.867607 7.405300 0.000000 0.000000 0.000000 1.000000
0.912543 0.148279 0.381154 0.000000 -0.020017 0.947037 -0.320500 13.857900 -0.408491 0.284840 0.867180 7.405300 0.000000 0.000000 0.000000 1.000000</float_array>
        <technique_common>
          <accessor source="#mixamorig_Neck-Matrix-animation-output-transform-array" count="39" stride="16">
            <param type="float4x4"/>
          </accessor>
        </technique_common>
      </source>
      <source id="mixamorig_Neck-Interpolations">
