<?xml version="1.0" encoding="utf-8"?>
<COLLADA xmlns="http://www.collada.org/2005/11/COLLADASchema" version="1.4.1">
  <asset>
    <contributor>
      <author>Mixamo</author>
      <authoring_tool>COLLADA Mixamo exporter</authoring_tool>
      <comments/>
    </contributor>
    <created>2024-12-02T03:11:16Z</created>
    <modified>2024-12-02T03:11:16Z</modified>
    <revision/>
    <title/>
    <unit meter="0.010000"/>
    <up_axis>Y_UP</up_axis>
  </asset>
  <library_animations>
    <animation id="mixamorig_Hips-anim" name="mixamorig_Hips">
      <source id="mixamorig_Hips-Matrix-animation-input">
        <float_array id="mixamorig_Hips-Matrix-animation-input-array" count="81">

0.000000 0.033333 0.066667 0.100000 0.133333 0.166667 0.200000 0.233333 0.266667 0.300000 0.333333 0.366667 0.400000 0.433333 0.466667 0.500000
0.533333 0.566667 0.600000 0.633333 0.666667 0.700000 0.733333 0.766667 0.800000 0.833333 0.866667 0.900000 0.933333 0.966667 1.000000 1.033333
1.066667 1.100000 1.133333 1.166667 1.200000 1.233333 1.266667 1.300000 1.333333 1.366667 1.400000 1.433333 1.466667 1.500000 1.533333 1.566667
1.600000 1.633333 1.666667 1.700000 1.733333 1.766667 1.800000 1.833333 1.866667 1.900000 1.933333 1.966667 2.000000 2.033333 2.066667 2.100000
2.133333 2.166667 2.200000 2.233333 2.266667 2.300000 2.333333 2.366667 2.400000 2.433333 2.466667 2.500000 2.533333 2.566667 2.600000 2.633333
2.666667</float_array>
        <technique_common>
          <accessor source="#mixamorig_Hips-Matrix-animation-input-array" count="81">
            <param name="TIME" type="float"/>
          </accessor>
        </technique_common>
      </source>
      <source id="mixamorig_Hips-Matrix-animation-output-transform">
        <float_array id="mixamorig_Hips-Matrix-animation-output-transform-array" count="1296">

0.991292 0.105811 0.078387 0.954659 -0.092893 0.983810 -0.153262 107.214607 -0.093335 0.144646 0.985072 0.905941 0.000000 0.000000 0.000000 1.000000
0.982062 0.101256 0.159067 2.922731 -0.087096 0.991792 -0.093612 110.232178 -0.167240 0.078078 0.982820 16.485483 0.000000 0.000000 0.000000 1.000000
0.969607 0.078021 0.231895 4.858835 -0.071116 0.996744 -0.038004 112.758530 -0.234105 0.020357 0.971998 31.763376 0.000000 0.000000 0.000000 1.000000
0.961298 0.003254 0.275490 6.530667 -0.000580 0.999952 -0.009786 111.946175 -0.275509 0.009248 0.961254 44.457024 0.000000 0.000000 0.000000 1.000000
0.951946 -0.065216 0.299241 8.020571 0.075591 0.996869 -0.023215 111.634399 -0.296790 0.044720 0.953895 57.076691 0.000000 0.000000 0.000000 1.000000
0.943044 -0.114824 0.312224 9.603972 0.142664 0.987449 -0.067756 112.313980 -0.300525 0.108440 0.947589 69.684807 0.000000 0.000000 0.000000 1.000000
0.934796 -0.147758 0.322993 11.332876 0.193608 0.974363 -0.114597 113.710106 -0.297780 0.169659 0.939438 82.840424 0.000000 0.000000 0.000000 1.000000
0.931275 -0.158826 0.327874 13.234481 0.213876 0.966906 -0.139102 115.292229 -0.294931 0.199667 0.934424 96.499641 0.000000 0.000000 0.000000 1.000000
0.937666 -0.149565 0.313709 14.982071 0.200752 0.969928 -0.137615 116.052635 -0.283693 0.192015 0.939494 109.822922 0.000000 0.000000 0.000000 1.000000
0.952317 -0.126148 0.277813 16.707758 0.164988 0.978833 -0.121102 115.804626 -0.256655 0.161163 0.952971 122.610046 0.000000 0.000000 0.000000 1.000000
0.966451 -0.101607 0.235898 18.435575 0.127667 0.986971 -0.097927 115.202904 -0.222874 0.124758 0.966831 134.452713 0.000000 0.000000 0.000000 1.000000
0.973392 -0.087550 0.211760 19.959709 0.102660 0.992818 -0.061429 113.866516 -0.204861 0.081533 0.975389 145.785629 0.000000 0.000000 0.000000 1.000000
0.974077 -0.075716 0.213168 21.286259 0.076783 0.997042 0.003281 109.821739 -0.212786 0.013171 0.977010 157.615845 0.000000 0.000000 0.000000 1.000000
0.969043 -0.055122 0.240660 22.948069 0.034188 0.995326 0.090315 97.701553 -0.244513 -0.079292 0.966399 171.839539 0.000000 0.000000 0.000000 1.000000
0.953569 -0.081132 0.290041 24.616251 0.038009 0.987751 0.151337 83.227127 -0.298767 -0.133286 0.944973 185.209106 0.000000 0.000000 0.000000 1.000000
0.943209 -0.090865 0.319530 26.637890 0.048454 0.989208 0.138271 76.570045 -0.328646 -0.114936 0.937433 195.488586 0.000000 0.000000 0.000000 1.000000
0.935962 -0.081044 0.342647 28.995827 0.058871 0.995471 0.074644 82.280296 -0.347144 -0.049692 0.936494 203.645798 0.000000 0.000000 0.000000 1.000000
0.921679 -0.073892 0.380851 31.711679 0.063337 0.997182 0.040193 99.966713 -0.382748 -0.012923 0.923762 211.211868 0.000000 0.000000 0.000000 1.000000
0.901975 -0.090642 0.422167 34.413052 0.066843 0.995243 0.070872 127.044914 -0.426582 -0.035705 0.903744 219.576508 0.000000 0.000000 0.000000 1.000000
0.900690 -0.094136 0.424140 35.721947 0.048670 0.991961 0.116806 147.419006 -0.431727 -0.084563 0.898032 226.669769 0.000000 0.000000 0.000000 1.000000
0.931126 -0.101363 0.350328 35.676781 0.061792 0.990559 0.122371 164.954575 -0.359424 -0.092295 0.928599 233.269470 0.000000 0.000000 0.000000 1.000000
0.964495 -0.090497 0.248113 34.981747 0.068400 0.993000 0.096294 179.183472 -0.255090 -0.075904 0.963933 239.848297 0.000000 0.000000 0.000000 1.000000
0.976873 -0.058803 0.205574 34.638245 0.045352 0.996547 0.069543 191.187347 -0.208954 -0.058612 0.976167 247.136292 0.000000 0.000000 0.000000 1.000000
0.969039 -0.040768 0.243519 34.776104 0.030643 0.998507 0.045222 200.313858 -0.244999 -0.036360 0.968841 254.718460 0.000000 0.000000 0.000000 1.000000
0.938628 -0.004366 0.344904 34.891239 -0.000900 0.999885 0.015106 205.564636 -0.344931 -0.014490 0.938516 260.927307 0.000000 0.000000 0.000000 1.000000
0.891947 0.032251 0.450989 34.548622 -0.024640 0.999438 -0.022738 210.466919 -0.451469 0.009169 0.892240 267.593170 0.000000 0.000000 0.000000 1.000000
0.850291 0.058460 0.523056 33.560463 -0.031139 0.997659 -0.060885 215.712921 -0.525390 0.035483 0.850121 275.600464 0.000000 0.000000 0.000000 1.000000
0.832713 0.065689 0.549795 32.066181 -0.017669 0.995585 -0.092190 220.505936 -0.553423 0.067054 0.830197 283.827148 0.000000 0.000000 0.000000 1.000000
0.841219 0.043602 0.538933 30.153095 0.023374 0.992879 -0.116814 224.844910 -0.540189 0.110864 0.834209 290.970306 0.000000 0.000000 0.000000 1.000000
0.859142 0.001702 0.511734 28.357670 0.079851 0.987300 -0.137344 228.577942 -0.505469 0.158860 0.848095 295.408539 0.000000 0.000000 0.000000 1.000000
0.869890 -0.013039 0.493074 28.080486 0.099459 0.983754 -0.149453 230.321198 -0.483115 0.179048 0.857054 298.402374 0.000000 0.000000 0.000000 1.000000
0.870714 -0.012727 0.491624 28.687260 0.096269 0.984736 -0.145011 230.109268 -0.482274 0.173591 0.858649 303.039825 0.000000 0.000000 0.000000 1.000000
0.862782 -0.012481 0.505422 29.484634 0.085752 0.988823 -0.121967 227.423660 -0.498251 0.148572 0.854209 308.772308 0.000000 0.000000 0.000000 1.000000
0.849313 -0.011834 0.527757 30.603863 0.068492 0.993768 -0.087941 222.755585 -0.523427 0.110836 0.844831 314.905365 0.000000 0.000000 0.000000 1.000000
0.843428 -0.019034 0.536905 31.744053 0.057550 0.996823 -0.055067 217.419479 -0.534151 0.077344 0.841844 321.210114 0.000000 0.000000 0.000000 1.000000
0.862169 -0.036915 0.505273 32.040138 0.061244 0.997622 -0.031618 212.759109 -0.502905 0.058205 0.862380 327.341644 0.000000 0.000000 0.000000 1.000000
0.904599 -0.051073 0.423193 31.743906 0.068907 0.997259 -0.026940 208.026169 -0.420658 0.053531 0.905639 332.061890 0.000000 0.000000 0.000000 1.000000
0.949050 -0.042106 0.312300 31.184509 0.062315 0.996539 -0.055010 202.845612 -0.308903 0.071668 0.948389 335.879883 0.000000 0.000000 0.000000 1.000000
0.982190 -0.004938 0.187828 30.844946 0.028869 0.991751 -0.124886 196.786835 -0.185662 0.128084 0.974230 339.921417 0.000000 0.000000 0.000000 1.000000
0.998992 0.035401 0.027584 30.915291 -0.028105 0.972678 -0.230450 189.483276 -0.034988 0.229443 0.972693 345.208069 0.000000 0.000000 0.000000 1.000000
0.982277 0.066264 -0.175332 31.770576 -0.122481 0.935005 -0.332813 181.309143 0.141883 0.348389 0.926550 351.821564 0.000000 0.000000 0.000000 1.000000
0.925806 0.099147 -0.364764 33.231941 -0.241606 0.897349 -0.369312 171.363708 0.290704 0.430041 0.854726 357.877899 0.000000 0.000000 0.000000 1.000000
0.875905 0.118845 -0.467617 34.813087 -0.299978 0.893235 -0.334880 159.806778 0.377893 0.433597 0.818040 363.676971 0.000000 0.000000 0.000000 1.000000
0.861890 0.112426 -0.494476 35.293510 -0.284706 0.914205 -0.288396 146.976746 0.419629 0.389346 0.819952 368.336945 0.000000 0.000000 0.000000 1.000000
0.863523 0.076327 -0.498500 34.514675 -0.245002 0.927485 -0.282392 133.546875 0.440797 0.365985 0.819605 372.261078 0.000000 0.000000 0.000000 1.000000
0.860416 0.035309 -0.508368 32.107716 -0.229281 0.917741 -0.324316 118.139084 0.455099 0.395606 0.797735 376.952271 0.000000 0.000000 0.000000 1.000000
0.845158 0.004347 -0.534500 30.732033 -0.246926 0.890046 -0.383204 102.719704 0.474064 0.455849 0.753303 381.733124 0.000000 0.000000 0.000000 1.000000
0.830808 -0.022246 -0.556115 30.230556 -0.271227 0.856337 -0.439456 89.151718 0.485998 0.515937 0.705418 386.451630 0.000000 0.000000 0.000000 1.000000
0.822062 -0.052343 -0.566987 30.580650 -0.286909 0.822037 -0.491872 77.824234 0.491831 0.567023 0.660747 390.639221 0.000000 0.000000 0.000000 1.000000
0.824356 -0.108164 -0.555641 30.516300 -0.268672 0.789208 -0.552237 67.205544 0.498249 0.604525 0.621528 394.548920 0.000000 0.000000 0.000000 1.000000
0.826519 -0.167315 -0.537468 30.858437 -0.250626 0.745565 -0.617510 58.524502 0.504036 0.645088 0.574291 398.179626 0.000000 0.000000 0.000000 1.000000
0.836181 -0.215634 -0.504285 30.646616 -0.234327 0.690858 -0.683964 50.977943 0.495875 0.690085 0.527153 402.004669 0.000000 0.000000 0.000000 1.000000
0.857516 -0.225435 -0.462434 30.091089 -0.234891 0.628149 -0.741791 44.512558 0.457703 0.744720 0.485696 405.318787 0.000000 0.000000 0.000000 1.000000
0.886483 -0.182257 -0.425359 29.202650 -0.261028 0.562052 -0.784832 39.445107 0.382115 0.806771 0.450675 408.088593 0.000000 0.000000 0.000000 1.000000
0.908523 -0.111311 -0.402734 28.135593 -0.299041 0.499956 -0.812784 36.154194 0.291821 0.858868 0.420936 410.396759 0.000000 0.000000 0.000000 1.000000
0.918521 -0.057799 -0.391124 26.929449 -0.324388 0.455389 -0.829092 34.700867 0.226034 0.888414 0.399535 412.193878 0.000000 0.000000 0.000000 1.000000
0.924062 -0.040614 -0.380078 25.643963 -0.325850 0.436116 -0.838823 34.632446 0.199826 0.898973 0.389764 413.331512 0.000000 0.000000 0.000000 1.000000
0.929323 -0.047402 -0.366213 24.561319 -0.311335 0.432710 -0.846069 34.978588 0.198570 0.900286 0.387369 414.285187 0.000000 0.000000 0.000000 1.000000
0.933459 -0.060201 -0.353596 23.544346 -0.296577 0.424908 -0.855275 35.374016 0.201734 0.903233 0.378780 414.915985 0.000000 0.000000 0.000000 1.000000
0.936301 -0.073761 -0.343367 22.642889 -0.286707 0.404117 -0.868613 35.568390 0.202830 0.911729 0.357227 415.238159 0.000000 0.000000 0.000000 1.000000
0.939256 -0.087935 -0.331762 21.850868 -0.276157 0.380355 -0.882648 35.586605 0.203803 0.920651 0.332966 415.136139 0.000000 0.000000 0.000000 1.000000
0.943506 -0.101199 -0.315524 21.128916 -0.259569 0.366149 -0.893621 35.534729 0.205962 0.925037 0.319196 414.578522 0.000000 0.000000 0.000000 1.000000
0.948900 -0.112166 -0.294971 20.437239 -0.237310 0.362517 -0.901258 35.445629 0.208023 0.925203 0.317375 413.747040 0.000000 0.000000 0.000000 1.000000
0.954599 -0.121074 -0.272181 19.801889 -0.212405 0.363983 -0.906863 35.353760 0.208867 0.923503 0.321741 412.836792 0.000000 0.000000 0.000000 1.000000
0.960065 -0.129090 -0.248215 19.192795 -0.186098 0.367806 -0.911091 35.286556 0.208907 0.920899 0.329094 411.975311 0.000000 0.000000 0.000000 1.000000
0.964927 -0.138040 -0.223295 18.596798 -0.157810 0.374732 -0.913604 35.254463 0.209790 0.916799 0.339805 411.244080 0.000000 0.000000 0.000000 1.000000
0.969134 -0.147714 -0.197381 18.026575 -0.127469 0.385067 -0.914043 35.369785 0.211022 0.910991 0.354353 410.690277 0.000000 0.000000 0.000000 1.000000
0.973844 -0.152421 -0.168513 17.434431 -0.095790 0.397108 -0.912759 35.907177 0.206041 0.905026 0.372121 410.189056 0.000000 0.000000 0.000000 1.000000
0.980021 -0.146333 -0.134706 16.860275 -0.063977 0.409350 -0.910132 36.978138 0.188324 0.900566 0.391810 409.926025 0.000000 0.000000 0.000000 1.000000
0.986633 -0.130523 -0.097569 16.335337 -0.033750 0.422081 -0.905930 38.676090 0.159427 0.897113 0.412034 409.913025 0.000000 0.000000 0.000000 1.000000
0.991880 -0.110871 -0.062300 15.822457 -0.007736 0.436371 -0.899734 41.211136 0.126940 0.892910 0.431970 410.231659 0.000000 0.000000 0.000000 1.000000
0.995179 -0.091447 -0.035435 15.281158 0.009931 0.453423 -0.891240 45.028671 0.097568 0.886592 0.452145 411.665985 0.000000 0.000000 0.000000 1.000000
0.997168 -0.072782 -0.018949 14.527436 0.018018 0.475811 -0.879363 50.656986 0.073018 0.876531 0.475775 414.899109 0.000000 0.000000 0.000000 1.000000
0.998380 -0.056365 -0.007722 13.454181 0.021902 0.506060 -0.862220 57.903862 0.052507 0.860654 0.506475 419.807404 0.000000 0.000000 0.000000 1.000000
0.999273 -0.037929 -0.003961 13.321027 0.017286 0.543095 -0.839493 64.328659 0.033993 0.838814 0.543356 426.768463 0.000000 0.000000 0.000000 1.000000
0.999829 -0.018418 -0.001531 11.803975 0.009495 0.582970 -0.812438 68.963608 0.015856 0.812285 0.583046 434.873169 0.000000 0.000000 0.000000 1.000000
0.999948 -0.005742 0.008408 9.670374 0.010154 0.622853 -0.782273 73.294403 -0.000745 0.782318 0.622879 443.185394 0.000000 0.000000 0.000000 1.000000
0.999802 0.002196 0.019777 6.811613 0.013373 0.661836 -0.749530 77.576515 -0.014735 0.749646 0.661675 452.152740 0.000000 0.000000 0.000000 1.000000
0.999495 0.003998 0.031510 3.861947 0.019731 0.699268 -0.714588 82.374634 -0.024891 0.714849 0.698836 462.087433 0.000000 0.000000 0.000000 1.000000
0.998917 -0.004996 0.046255 1.475759 0.035071 0.734138 -0.678094 86.913406 -0.030570 0.678982 0.733518 471.421417 0.000000 0.000000 0.000000 1.000000
0.997499 -0.005358 0.070483 0.399561 0.049327 0.766962 -0.639793 92.212883 -0.050630 0.641670 0.765308 479.347473 0.000000 0.000000 0.000000 1.000000</float_array>
        <technique_common>
          <accessor source="#mixamorig_Hips-Matrix-animation-output-transform-array" count="81" stride="16">
            <param type="float4x4"/>
          </accessor>
        </technique_common>
      </source>
      <source id="mixamorig_Hips-Interpolations">
        <Name_array id="mixamorig_Hips-Interpolations-array" count="81">
 LINEAR LINEAR LINEAR LINEAR LINEAR LINEAR LINEAR LINEAR LINEAR LINEAR LINEAR
LINEAR LINEAR LINEAR LINEAR LINEAR LINEAR LINEAR LINEAR LINEAR LINEAR LINEAR LINEAR
LINEAR LINEAR LINEAR LINEAR LINEAR LINEAR LINEAR LINEAR LINEAR LINEAR LINEAR LINEAR
LINEAR LINEAR LINEAR LINEAR LINEAR LINEAR LINEAR LINEAR LINEAR LINEAR LINEAR LINEAR
LINEAR LINEAR LINEAR LINEAR LINEAR LINEAR LINEAR LINEAR LINEAR LINEAR LINEAR LINEAR
LINEAR LINEAR LINEAR LINEAR LINEAR LINEAR LINEAR LINEAR LINEAR LINEAR LINEAR LINEAR
LINEAR LINEAR LINEAR LINEAR LINEAR LINEAR LINEAR LINEAR LINEAR LINEAR</Name_array>
        <technique_common>
          <accessor source="#mixamorig_Hips-Interpolations-array" count="81">
            <param type="name"/>
          </accessor>
        </technique_common>
      </source>
      <sampler id="mixamorig_Hips-Matrix-animation-transform">
        <input semantic="INPUT" source="#mixamorig_Hips-Matrix-animation-input"/>
        <input semantic="OUTPUT" source="#mixamorig_Hips-Matrix-animation-output-transform"/>
        <input semantic="INTERPOLATION" source="#mixamorig_Hips-Interpolations"/>
      </sampler>
      <channel source="#mixamorig_Hips-Matrix-animation-transform" target="mixamorig_Hips/matrix"/>
    </animation>
    <animation id="mixamorig_Spine-anim" name="mixamorig_Spine">
      <source id="mixamorig_Spine-Matrix-animation-input">
        <float_array id="mixamorig_Spine-Matrix-animation-input-array" count="81">

0.000000 0.033333 0.066667 0.100000 0.133333 0.166667 0.200000 0.233333 0.266667 0.300000 0.333333 0.366667 0.400000 0.433333 0.466667 0.500000
0.533333 0.566667 0.600000 0.633333 0.666667 0.700000 0.733333 0.766667 0.800000 0.833333 0.866667 0.900000 0.933333 0.966667 1.000000 1.033333
1.066667 1.100000 1.133333 1.166667 1.200000 1.233333 1.266667 1.300000 1.333333 1.366667 1.400000 1.433333 1.466667 1.500000 1.533333 1.566667
1.600000 1.633333 1.666667 1.700000 1.733333 1.766667 1.800000 1.833333 1.866667 1.900000 1.933333 1.966667 2.000000 2.033333 2.066667 2.100000
2.133333 2.166667 2.200000 2.233333 2.266667 2.300000 2.333333 2.366667 2.400000 2.433333 2.466667 2.500000 2.533333 2.566667 2.600000 2.633333
2.666667</float_array>
        <technique_common>
          <accessor source="#mixamorig_Spine-Matrix-animation-input-array" count="81">
            <param name="TIME" type="float"/>
          </accessor>
        </technique_common>
      </source>
      <source id="mixamorig_Spine-Matrix-animation-output-transform">
        <float_array id="mixamorig_Spine-Matrix-animation-output-transform-array" count="1296">

0.992326 -0.122716 -0.015155 0.072000 0.123361 0.990906 0.053736 7.257300 0.008423 -0.055193 0.998440 -0.789700 0.000000 0.000000 0.000000 1.000000
0.992631 -0.120444 -0.013299 0.072000 0.121018 0.990944 0.058176 7.257300 0.006172 -0.059357 0.998218 -0.789700 0.000000 0.000000 0.000000 1.000000
0.994827 -0.101113 -0.009805 0.072000 0.101532 0.992823 0.063196 7.257300 0.003345 -0.063864 0.997953 -0.789700 0.000000 0.000000 0.000000 1.000000
0.999472 -0.032138 0.004758 0.072000 0.031736 0.997138 0.068624 7.257300 -0.006950 -0.068437 0.997631 -0.789700 0.000000 0.000000 0.000000 1.000000
0.999570 0.027302 0.010736 0.072000 -0.028016 0.996920 0.073248 7.257300 -0.008703 -0.073517 0.997256 -0.789700 0.000000 0.000000 0.000000 1.000000
0.997804 0.066072 0.004622 0.072000 -0.066232 0.994763 0.077846 7.257300 0.000545 -0.077981 0.996955 -0.789700 0.000000 0.000000 0.000000 1.000000
0.995693 0.092103 -0.010625 0.072000 -0.090922 0.992437 0.082472 7.257300 0.018140 -0.081151 0.996537 -0.789700 0.000000 0.000000 0.000000 1.000000
0.994311 0.103397 -0.025581 0.072000 -0.100844 0.991142 0.086413 7.257300 0.034290 -0.083342 0.995931 -0.789700 0.000000 0.000000 0.000000 1.000000
0.994692 0.098959 -0.028182 0.072000 -0.096112 0.991391 0.088917 7.257300 0.036739 -0.085737 0.995640 -0.789700 0.000000 0.000000 0.000000 1.000000
0.996499 0.081497 -0.018639 0.072000 -0.079491 0.992706 0.090640 7.257300 0.025890 -0.088841 0.995709 -0.789700 0.000000 0.000000 0.000000 1.000000
0.997955 0.063415 -0.008033 0.072000 -0.062395 0.993703 0.093070 7.257300 0.013884 -0.092378 0.995627 -0.789700 0.000000 0.000000 0.000000 1.000000
0.998590 0.052956 -0.003786 0.072000 -0.052352 0.994042 0.095604 7.257300 0.008826 -0.095271 0.995412 -0.789700 0.000000 0.000000 0.000000 1.000000
0.999472 0.032298 0.003658 0.072000 -0.032499 0.995086 0.093526 7.257300 -0.000619 -0.093595 0.995610 -0.789700 0.000000 0.000000 0.000000 1.000000
0.999867 -0.010866 0.012155 0.072000 0.009824 0.996521 0.082756 7.257300 -0.013012 -0.082626 0.996496 -0.789700 0.000000 0.000000 0.000000 1.000000
0.999987 -0.000121 0.005002 0.072000 -0.000226 0.997600 0.069233 7.257300 -0.004999 -0.069234 0.997588 -0.789700 0.000000 0.000000 0.000000 1.000000
0.999805 0.019676 0.001598 0.072000 -0.019739 0.997391 0.069436 7.257300 -0.000228 -0.069454 0.997585 -0.789700 0.000000 0.000000 0.000000 1.000000
0.999201 0.039947 0.000876 0.072000 -0.039874 0.995504 0.085915 7.257300 0.002560 -0.085881 0.996302 -0.789700 0.000000 0.000000 0.000000 1.000000
0.998719 0.050542 -0.002599 0.072000 -0.050038 0.993844 0.098849 7.257300 0.007579 -0.098592 0.995099 -0.789700 0.000000 0.000000 0.000000 1.000000
0.998622 0.050557 -0.014092 0.072000 -0.049067 0.994623 0.091203 7.257300 0.018628 -0.090385 0.995733 -0.789700 0.000000 0.000000 0.000000 1.000000
0.999130 0.020562 -0.036295 0.072000 -0.018088 0.997573 0.067240 7.257300 0.037589 -0.066525 0.997076 -0.789700 0.000000 0.000000 0.000000 1.000000
0.998780 0.018668 -0.045712 0.072000 -0.016834 0.999050 0.040190 7.257300 0.046419 -0.039371 0.998146 -0.789700 0.000000 0.000000 0.000000 1.000000
0.998085 0.030279 -0.053940 0.072000 -0.029638 0.999481 0.012634 7.257300 0.054294 -0.011011 0.998464 -0.789700 0.000000 0.000000 0.000000 1.000000
0.996477 0.032932 -0.077133 0.072000 -0.034102 0.999322 -0.013906 7.257300 0.076623 0.016487 0.996924 -0.789700 0.000000 0.000000 0.000000 1.000000
0.994150 0.039366 -0.100575 0.072000 -0.042575 0.998644 -0.029963 7.257300 0.099259 0.034070 0.994478 -0.789700 0.000000 0.000000 0.000000 1.000000
0.991395 0.008176 -0.130651 0.072000 -0.012767 0.999329 -0.034341 7.257300 0.130282 0.035714 0.990834 -0.789700 0.000000 0.000000 0.000000 1.000000
0.986905 -0.037904 -0.156783 0.072000 0.033504 0.998970 -0.030616 7.257300 0.157782 0.024962 0.987158 -0.789700 0.000000 0.000000 0.000000 1.000000
0.981453 -0.080428 -0.174014 0.072000 0.077482 0.996713 -0.023666 7.257300 0.175345 0.009744 0.984459 -0.789700 0.000000 0.000000 0.000000 1.000000
0.979061 -0.104837 -0.174496 0.072000 0.103940 0.994481 -0.014299 7.257300 0.175032 -0.004138 0.984554 -0.789700 0.000000 0.000000 0.000000 1.000000
0.983833 -0.096841 -0.150644 0.072000 0.097830 0.995203 -0.000847 7.257300 0.150004 -0.013904 0.988588 -0.789700 0.000000 0.000000 0.000000 1.000000
0.991449 -0.067380 -0.111756 0.072000 0.069240 0.997517 0.012843 7.257300 0.110613 -0.020472 0.993653 -0.789700 0.000000 0.000000 0.000000 1.000000
0.994327 -0.070631 -0.079533 0.072000 0.072333 0.997205 0.018726 7.257300 0.077988 -0.024373 0.996656 -0.789700 0.000000 0.000000 0.000000 1.000000
0.994073 -0.093798 -0.054959 0.072000 0.094959 0.995302 0.018900 7.257300 0.052929 -0.024007 0.998310 -0.789700 0.000000 0.000000 0.000000 1.000000
0.992159 -0.121794 -0.028047 0.072000 0.122276 0.992365 0.016158 7.257300 0.025865 -0.019461 0.999476 -0.789700 0.000000 0.000000 0.000000 1.000000
0.988109 -0.153734 -0.002525 0.072000 0.153754 0.988018 0.013423 7.257300 0.000431 -0.013651 0.999907 -0.789700 0.000000 0.000000 0.000000 1.000000
0.984295 -0.176187 0.010991 0.072000 0.176052 0.984305 0.012185 7.257300 -0.012966 -0.010059 0.999865 -0.789700 0.000000 0.000000 0.000000 1.000000
0.983360 -0.181598 0.005018 0.072000 0.181536 0.983325 0.010781 7.257300 -0.006892 -0.009691 0.999929 -0.789700 0.000000 0.000000 0.000000 1.000000
0.984070 -0.176875 -0.017957 0.072000 0.177036 0.984173 0.007834 7.257300 0.016287 -0.010888 0.999808 -0.789700 0.000000 0.000000 0.000000 1.000000
0.984743 -0.167048 -0.048753 0.072000 0.167440 0.985874 0.004057 7.257300 0.047386 -0.012159 0.998803 -0.789700 0.000000 0.000000 0.000000 1.000000
0.985480 -0.151288 -0.077076 0.072000 0.151843 0.988404 0.001355 7.257300 0.075977 -0.013039 0.997024 -0.789700 0.000000 0.000000 0.000000 1.000000
0.987793 -0.119149 -0.100340 0.072000 0.119854 0.992791 0.001012 7.257300 0.099496 -0.013026 0.994953 -0.789700 0.000000 0.000000 0.000000 1.000000
0.989665 -0.077487 -0.120664 0.072000 0.078021 0.996952 -0.000294 7.257300 0.120319 -0.009123 0.992693 -0.789700 0.000000 0.000000 0.000000 1.000000
0.990590 -0.044770 -0.129335 0.072000 0.043953 0.998992 -0.009172 7.257300 0.129615 0.003401 0.991559 -0.789700 0.000000 0.000000 0.000000 1.000000
0.991054 -0.003115 -0.133423 0.072000 0.000060 0.999738 -0.022889 7.257300 0.133459 0.022676 0.990795 -0.789700 0.000000 0.000000 0.000000 1.000000
0.988738 0.051909 -0.140363 0.072000 -0.056919 0.997869 -0.031914 7.257300 0.138407 0.039544 0.989586 -0.789700 0.000000 0.000000 0.000000 1.000000
0.982572 0.105722 -0.152889 0.072000 -0.111245 0.993398 -0.028009 7.257300 0.148919 0.044529 0.987846 -0.789700 0.000000 0.000000 0.000000 1.000000
0.977195 0.130205 -0.167741 0.072000 -0.134455 0.990818 -0.014182 7.257300 0.164354 0.036412 0.985729 -0.789700 0.000000 0.000000 0.000000 1.000000
0.978657 0.124987 -0.163124 0.072000 -0.126745 0.991935 -0.000376 7.257300 0.161761 0.021043 0.986606 -0.789700 0.000000 0.000000 0.000000 1.000000
0.983115 0.108621 -0.147264 0.072000 -0.108698 0.994046 0.007548 7.257300 0.147207 0.008587 0.989068 -0.789700 0.000000 0.000000 0.000000 1.000000
0.987946 0.091189 -0.125087 0.072000 -0.090950 0.995826 0.007627 7.257300 0.125260 0.003841 0.992116 -0.789700 0.000000 0.000000 0.000000 1.000000
0.989070 0.092527 -0.114799 0.072000 -0.092672 0.995688 0.004089 7.257300 0.114683 0.006594 0.993380 -0.789700 0.000000 0.000000 0.000000 1.000000
0.991634 0.084978 -0.097162 0.072000 -0.085671 0.996319 -0.002974 7.257300 0.096552 0.011273 0.995264 -0.789700 0.000000 0.000000 0.000000 1.000000
0.994663 0.067652 -0.077898 0.072000 -0.068789 0.997559 -0.012011 7.257300 0.076895 0.017305 0.996889 -0.789700 0.000000 0.000000 0.000000 1.000000
0.997630 0.037297 -0.057825 0.072000 -0.038706 0.998976 -0.023446 7.257300 0.056891 0.025628 0.998051 -0.789700 0.000000 0.000000 0.000000 1.000000
0.998919 0.000203 -0.046488 0.072000 -0.001885 0.999345 -0.036149 7.257300 0.046450 0.036198 0.998265 -0.789700 0.000000 0.000000 0.000000 1.000000
0.998317 -0.025304 -0.052190 0.072000 0.022877 0.998653 -0.046579 7.257300 0.053298 0.045307 0.997550 -0.789700 0.000000 0.000000 0.000000 1.000000
0.997272 -0.030065 -0.067412 0.072000 0.026750 0.998414 -0.049540 7.257300 0.068795 0.047602 0.996495 -0.789700 0.000000 0.000000 0.000000 1.000000
0.996929 -0.023599 -0.074670 0.072000 0.020517 0.998916 -0.041780 7.257300 0.075575 0.040120 0.996333 -0.789700 0.000000 0.000000 0.000000 1.000000
0.997635 -0.015710 -0.066918 0.072000 0.013994 0.999563 -0.026036 7.257300 0.067297 0.025038 0.997419 -0.789700 0.000000 0.000000 0.000000 1.000000
0.998572 -0.009433 -0.052592 0.072000 0.008986 0.999922 -0.008725 7.257300 0.052670 0.008240 0.998578 -0.789700 0.000000 0.000000 0.000000 1.000000
0.999036 -0.001202 -0.043882 0.072000 0.001422 0.999987 0.004990 7.257300 0.043875 -0.005048 0.999024 -0.789700 0.000000 0.000000 0.000000 1.000000
0.998923 0.011130 -0.045054 0.072000 -0.010515 0.999848 0.013878 7.257300 0.045202 -0.013390 0.998888 -0.789700 0.000000 0.000000 0.000000 1.000000
0.998334 0.025483 -0.051766 0.072000 -0.024461 0.999495 0.020272 7.257300 0.052256 -0.018972 0.998453 -0.789700 0.000000 0.000000 0.000000 1.000000
0.997537 0.038849 -0.058395 0.072000 -0.037314 0.998935 0.027155 7.257300 0.059387 -0.024909 0.997924 -0.789700 0.000000 0.000000 0.000000 1.000000
0.996748 0.050278 -0.062972 0.072000 -0.048105 0.998209 0.035565 7.257300 0.064647 -0.032420 0.997381 -0.789700 0.000000 0.000000 0.000000 1.000000
0.995938 0.060584 -0.066606 0.072000 -0.057797 0.997402 0.042996 7.257300 0.069037 -0.038972 0.996853 -0.789700 0.000000 0.000000 0.000000 1.000000
0.994920 0.071534 -0.070827 0.072000 -0.068565 0.996698 0.043492 7.257300 0.073705 -0.038415 0.996540 -0.789700 0.000000 0.000000 0.000000 1.000000
0.993646 0.082932 -0.076091 0.072000 -0.080667 0.996215 0.032374 7.257300 0.078488 -0.026030 0.996575 -0.789700 0.000000 0.000000 0.000000 1.000000
0.992563 0.089577 -0.082424 0.072000 -0.088887 0.995969 0.012006 7.257300 0.083168 -0.004590 0.996525 -0.789700 0.000000 0.000000 0.000000 1.000000
0.992370 0.085842 -0.088500 0.072000 -0.087010 0.996163 -0.009425 7.257300 0.087352 0.017054 0.996032 -0.789700 0.000000 0.000000 0.000000 1.000000
0.993261 0.070491 -0.091997 0.072000 -0.073010 0.997035 -0.024303 7.257300 0.090012 0.030856 0.995463 -0.789700 0.000000 0.000000 0.000000 1.000000
0.994709 0.045757 -0.091975 0.072000 -0.048716 0.998356 -0.030184 7.257300 0.090443 0.034505 0.995304 -0.789700 0.000000 0.000000 0.000000 1.000000
0.995831 0.017128 -0.089594 0.072000 -0.019887 0.999353 -0.029983 7.257300 0.089023 0.031639 0.995527 -0.789700 0.000000 0.000000 0.000000 1.000000
0.996069 -0.006976 -0.088306 0.072000 0.004446 0.999575 -0.028818 7.257300 0.088470 0.028312 0.995676 -0.789700 0.000000 0.000000 0.000000 1.000000
0.995768 -0.019933 -0.089712 0.072000 0.017339 0.999411 -0.029599 7.257300 0.090249 0.027919 0.995528 -0.789700 0.000000 0.000000 0.000000 1.000000
0.996203 -0.028823 -0.082151 0.072000 0.026252 0.999136 -0.032216 7.257300 0.083009 0.029937 0.996099 -0.789700 0.000000 0.000000 0.000000 1.000000
0.997032 -0.038113 -0.066890 0.072000 0.035846 0.998752 -0.034776 7.257300 0.068132 0.032275 0.997154 -0.789700 0.000000 0.000000 0.000000 1.000000
0.997612 -0.042281 -0.054613 0.072000 0.040343 0.998533 -0.036126 7.257300 0.056060 0.033837 0.997854 -0.789700 0.000000 0.000000 0.000000 1.000000
0.998187 -0.042879 -0.042243 0.072000 0.041323 0.998459 -0.037030 7.257300 0.043766 0.035217 0.998421 -0.789700 0.000000 0.000000 0.000000 1.000000
0.998809 -0.038124 -0.030438 0.072000 0.036956 0.998592 -0.038056 7.257300 0.031846 0.036886 0.998812 -0.789700 0.000000 0.000000 0.000000 1.000000
0.999462 -0.023605 -0.022755 0.072000 0.022696 0.998966 -0.039382 7.257300 0.023661 0.038844 0.998965 -0.789700 0.000000 0.000000 0.000000 1.000000
0.999494 -0.019175 -0.025396 0.072000 0.018091 0.998943 -0.042257 7.257300 0.026180 0.041776 0.998784 -0.789700 0.000000 0.000000 0.000000 1.000000</float_array>
        <technique_common>
          <accessor source="#mixamorig_Spine-Matrix-animation-output-transform-array" count="81" stride="16">
            <param type="float4x4"/>
          </accessor>
        </technique_common>
      </source>
      <source id="mixamorig_Spine-Interpolations">
        <Name_array id="mixamorig_Spine-Interpolations-array" count="81">
 LINEAR LINEAR LINEAR LINEAR LINEAR LINEAR LINEAR LINEAR LINEAR LINEAR LINEAR
LINEAR LINEAR LINEAR LINEAR LINEAR LINEAR LINEAR LINEAR LINEAR LINEAR LINEAR LINEAR
LINEAR LINEAR LINEAR LINEAR LINEAR LINEAR LINEAR LINEAR LINEAR LINEAR LINEAR LINEAR
LINEAR LINEAR LINEAR LINEAR LINEAR LINEAR LINEAR LINEAR LINEAR LINEAR LINEAR LINEAR
LINEAR LINEAR LINEAR LINEAR LINEAR LINEAR LINEAR LINEAR LINEAR LINEAR LINEAR LINEAR
LINEAR LINEAR LINEAR LINEAR LINEAR LINEAR LINEAR LINEAR LINEAR LINEAR LINEAR LINEAR
LINEAR LINEAR LINEAR LINEAR LINEAR LINEAR LINEAR LINEAR LINEAR LINEAR</Name_array>
        <technique_common>
          <accessor source="#mixamorig_Spine-Interpolations-array" count="81">
            <param type="name"/>
          </accessor>
        </technique_common>
      </source>
      <sampler id="mixamorig_Spine-Matrix-animation-transform">
        <input semantic="INPUT" source="#mixamorig_Spine-Matrix-animation-input"/>
        <input semantic="OUTPUT" source="#mixamorig_Spine-Matrix-animation-output-transform"/>
        <input semantic="INTERPOLATION" source="#mixamorig_Spine-Interpolations"/>
      </sampler>
      <channel source="#mixamorig_Spine-Matrix-animation-transform" target="mixamorig_Spine/matrix"/>
    </animation>
    <animation id="mixamorig_Spine1-anim" name="mixamorig_Spine1">
      <source id="mixamorig_Spine1-Matrix-animation-input">
        <float_array id="mixamorig_Spine1-Matrix-animation-input-array" count="81">

0.000000 0.033333 0.066667 0.100000 0.133333 0.166667 0.200000 0.233333 0.266667 0.300000 0.333333 0.366667 0.400000 0.433333 0.466667 0.500000
0.533333 0.566667 0.600000 0.633333 0.666667 0.700000 0.733333 0.766667 0.800000 0.833333 0.866667 0.900000 0.933333 0.966667 1.000000 1.033333
1.066667 1.100000 1.133333 1.166667 1.200000 1.233333 1.266667 1.300000 1.333333 1.366667 1.400000 1.433333 1.466667 1.500000 1.533333 1.566667
1.600000 1.633333 1.666667 1.700000 1.733333 1.766667 1.800000 1.833333 1.866667 1.900000 1.933333 1.966667 2.000000 2.033333 2.066667 2.100000
2.133333 2.166667 2.200000 2.233333 2.266667 2.300000 2.333333 2.366667 2.400000 2.433333 2.466667 2.500000 2.533333 2.566667 2.600000 2.633333
2.666667</float_array>
        <technique_common>
          <accessor source="#mixamorig_Spine1-Matrix-animation-input-array" count="81">
            <param name="TIME" type="float"/>
          </accessor>
        </technique_common>
      </source>
      <source id="mixamorig_Spine1-Matrix-animation-output-transform">
        <float_array id="mixamorig_Spine1-Matrix-animation-output-transform-array" count="1296">

0.999871 0.004640 0.015402 0.000000 -0.002245 0.988371 -0.152046 8.558700 -0.015928 0.151992 0.988253 0.000000 0.000000 0.000000 0.000000 1.000000
0.999912 0.007081 0.011258 -0.000000 -0.005172 0.986877 -0.161391 8.558700 -0.012253 0.161318 0.986826 0.000000 0.000000 0.000000 0.000000 1.000000
0.999929 0.009696 0.006935 0.000000 -0.008352 0.984940 -0.172697 8.558700 -0.008505 0.172627 0.984951 0.000000 0.000000 0.000000 0.000000 1.000000
0.999920 0.012437 0.002484 0.000000 -0.011761 0.982585 -0.185441 8.558700 -0.004747 0.185396 0.982652 0.000000 0.000000 0.000000 0.000000 1.000000
0.999882 0.015237 -0.002020 -0.000000 -0.015335 0.979940 -0.198702 8.558700 -0.001049 0.198710 0.980058 0.000000 0.000000 0.000000 0.000000 1.000000
0.999816 0.018031 -0.006507 0.000000 -0.018999 0.977178 -0.211572 8.558700 0.002544 0.211657 0.977341 0.000000 0.000000 0.000000 0.000000 1.000000
0.999726 0.020700 -0.010889 0.000000 -0.022608 0.974545 -0.223048 8.558700 0.005995 0.223233 0.974747 0.000000 0.000000 0.000000 0.000000 1.000000
0.999624 0.022988 -0.014979 -0.000000 -0.025828 0.972607 -0.231016 8.558700 0.009259 0.231316 0.972835 0.000000 0.000000 0.000000 0.000000 1.000000
0.999525 0.024572 -0.018590 0.000000 -0.028224 0.972190 -0.232489 8.558700 0.012361 0.232903 0.972421 0.000000 0.000000 0.000000 0.000000 1.000000
0.999444 0.025188 -0.021851 -0.000000 -0.029482 0.973652 -0.226123 8.558700 0.015580 0.226642 0.973854 0.000000 0.000000 0.000000 0.000000 1.000000
0.999379 0.024599 -0.025210 0.000000 -0.029425 0.976470 -0.213639 8.558700 0.019361 0.214248 0.976587 0.000000 0.000000 0.000000 0.000000 1.000000
0.999322 0.023274 -0.028542 0.000000 -0.028500 0.979562 -0.199115 8.558700 0.023324 0.199793 0.979560 0.000000 0.000000 0.000000 0.000000 1.000000
0.999268 0.023831 -0.029916 0.000000 -0.029022 0.981886 -0.187239 8.558700 0.024912 0.187970 0.981859 0.000000 0.000000 0.000000 0.000000 1.000000
0.999209 0.029533 -0.026621 0.000000 -0.033798 0.983551 -0.177443 8.558700 0.020942 0.178202 0.983771 0.000000 0.000000 0.000000 0.000000 1.000000
0.999080 0.038222 -0.019445 -0.000000 -0.040812 0.986683 -0.157450 8.558700 0.013168 0.158099 0.987335 0.000000 0.000000 0.000000 0.000000 1.000000
0.999048 0.041180 -0.014392 0.000000 -0.042529 0.992880 -0.111265 8.558700 0.009708 0.111771 0.993687 0.000000 0.000000 0.000000 0.000000 1.000000
0.999244 0.034662 -0.017632 0.000000 -0.035390 0.998458 -0.042776 8.558700 0.016122 0.043367 0.998929 0.000000 0.000000 0.000000 0.000000 1.000000
0.999130 0.028136 -0.030790 -0.000000 -0.027619 0.999473 0.017080 8.558700 0.031254 -0.016214 0.999380 0.000000 0.000000 0.000000 0.000000 1.000000
0.998250 0.030626 -0.050583 -0.000000 -0.028659 0.998822 0.039164 8.558700 0.051722 -0.037645 0.997952 0.000000 0.000000 0.000000 0.000000 1.000000
0.996904 0.034059 -0.070866 -0.000000 -0.032583 0.999229 0.021883 8.558700 0.071557 -0.019506 0.997246 0.000000 0.000000 0.000000 0.000000 1.000000
0.995959 0.024140 -0.086505 -0.000000 -0.025907 0.999477 -0.019360 8.558700 0.085993 0.021523 0.996063 -0.000000 0.000000 0.000000 0.000000 1.000000
0.995304 0.002090 -0.096781 0.000000 -0.009090 0.997367 -0.071944 8.558700 0.096376 0.072486 0.992702 0.000000 0.000000 0.000000 0.000000 1.000000
0.994079 -0.019214 -0.106946 0.000000 0.005603 0.991996 -0.126146 8.558700 0.108513 0.124800 0.986230 0.000000 0.000000 0.000000 0.000000 1.000000
0.991316 -0.037115 -0.126154 0.000000 0.015300 0.985380 -0.169681 8.558700 0.130607 0.166278 0.977391 0.000000 0.000000 0.000000 0.000000 1.000000
0.985417 -0.060418 -0.159068 -0.000000 0.028517 0.980257 -0.195662 8.558700 0.167749 0.188272 0.967685 0.000000 0.000000 0.000000 0.000000 1.000000
0.976427 -0.089207 -0.196552 0.000000 0.047509 0.977091 -0.207451 8.558700 0.210555 0.193222 0.958296 0.000000 0.000000 0.000000 0.000000 1.000000
0.968932 -0.111145 -0.220946 0.000000 0.064297 0.975819 -0.208909 8.558700 0.238823 0.188213 0.952649 0.000000 0.000000 0.000000 0.000000 1.000000
0.967438 -0.118577 -0.223615 0.000000 0.073256 0.976837 -0.201055 8.558700 0.242276 0.178127 0.953715 -0.000000 0.000000 0.000000 0.000000 1.000000
0.970565 -0.116714 -0.210670 0.000000 0.077000 0.979195 -0.187747 8.558700 0.228200 0.165999 0.959359 0.000000 0.000000 0.000000 0.000000 1.000000
0.974871 -0.114367 -0.191172 -0.000000 0.080740 0.981205 -0.175266 8.558700 0.207624 0.155426 0.965782 0.000000 0.000000 0.000000 0.000000 1.000000
0.979295 -0.116659 -0.165447 0.000000 0.088479 0.981720 -0.168514 8.558700 0.182081 0.150386 0.971715 0.000000 0.000000 0.000000 0.000000 1.000000
0.983878 -0.126965 -0.125952 -0.000000 0.104859 0.980052 -0.168827 8.558700 0.144875 0.152898 0.977565 0.000000 0.000000 0.000000 0.000000 1.000000
0.986745 -0.147171 -0.068367 0.000000 0.133583 0.975872 -0.172710 8.558700 0.092136 0.161288 0.982597 -0.000000 0.000000 0.000000 0.000000 1.000000
0.984894 -0.173150 -0.001407 0.000000 0.170267 0.969908 -0.174031 8.558700 0.031498 0.171162 0.984739 0.000000 0.000000 0.000000 0.000000 1.000000
0.979474 -0.193700 0.055781 0.000000 0.200497 0.964738 -0.170535 8.558700 -0.020781 0.178218 0.983772 -0.000000 0.000000 0.000000 0.000000 1.000000
0.976679 -0.197179 0.084956 -0.000000 0.209019 0.963666 -0.166308 8.558700 -0.049077 0.180187 0.982407 0.000000 0.000000 0.000000 0.000000 1.000000
0.980516 -0.180964 0.076424 0.000000 0.191446 0.967469 -0.165383 8.558700 -0.044009 0.176791 0.983264 0.000000 0.000000 0.000000 0.000000 1.000000
0.987763 -0.152996 0.030257 0.000000 0.155909 0.973635 -0.166518 8.558700 -0.003982 0.169197 0.985574 0.000000 0.000000 0.000000 0.000000 1.000000
0.991606 -0.122491 -0.041399 -0.000000 0.114011 0.979360 -0.166902 8.558700 0.060989 0.160781 0.985104 0.000000 0.000000 0.000000 0.000000 1.000000
0.989099 -0.094666 -0.112787 0.000000 0.074856 0.982857 -0.168487 8.558700 0.126803 0.158208 0.979230 0.000000 0.000000 0.000000 0.000000 1.000000
0.984264 -0.071452 -0.161613 0.000000 0.041969 0.982957 -0.178980 8.558700 0.171647 0.169381 0.970488 0.000000 0.000000 0.000000 0.000000 1.000000
0.980470 -0.048164 -0.190677 0.000000 0.008612 0.979133 -0.203037 8.558700 0.196478 0.197430 0.960426 0.000000 0.000000 0.000000 0.000000 1.000000
0.976823 -0.020064 -0.213108 0.000000 -0.031022 0.971815 -0.233693 8.558700 0.211791 0.234888 0.948669 0.000000 0.000000 0.000000 0.000000 1.000000
0.973540 0.008301 -0.228364 0.000000 -0.068265 0.964272 -0.255968 8.558700 0.218080 0.264784 0.939324 0.000000 0.000000 0.000000 0.000000 1.000000
0.972588 0.029991 -0.230594 0.000000 -0.090904 0.961773 -0.258319 8.558700 0.214032 0.272200 0.938135 0.000000 0.000000 0.000000 0.000000 1.000000
0.973947 0.044947 -0.222276 0.000000 -0.099526 0.965442 -0.240866 8.558700 0.203768 0.256713 0.944763 -0.000000 0.000000 0.000000 0.000000 1.000000
0.975931 0.056978 -0.210506 0.000000 -0.103221 0.970983 -0.215727 8.558700 0.192106 0.232264 0.953493 -0.000000 0.000000 0.000000 0.000000 1.000000
0.977580 0.068330 -0.199170 0.000000 -0.108344 0.974292 -0.197525 8.558700 0.180553 0.214676 0.959852 0.000000 0.000000 0.000000 0.000000 1.000000
0.979111 0.079269 -0.187236 -0.000000 -0.115645 0.974526 -0.192161 8.558700 0.167234 0.209800 0.963336 0.000000 0.000000 0.000000 0.000000 1.000000
0.981007 0.089758 -0.171954 0.000000 -0.123341 0.972845 -0.195855 8.558700 0.149705 0.213344 0.965439 0.000000 0.000000 0.000000 0.000000 1.000000
0.983216 0.099582 -0.152873 0.000000 -0.129914 0.970437 -0.203406 8.558700 0.128098 0.219852 0.967086 0.000000 0.000000 0.000000 0.000000 1.000000
0.985104 0.106680 -0.134867 0.000000 -0.134207 0.967319 -0.215134 8.558700 0.107508 0.230030 0.967227 0.000000 0.000000 0.000000 0.000000 1.000000
0.985823 0.106579 -0.129593 0.000000 -0.134929 0.962655 -0.234711 8.558700 0.099738 0.248870 0.963388 0.000000 0.000000 0.000000 0.000000 1.000000
0.984107 0.096770 -0.148894 0.000000 -0.133486 0.956097 -0.260881 8.558700 0.117112 0.276611 0.953819 0.000000 0.000000 0.000000 0.000000 1.000000
