<?xml version="1.0" encoding="utf-8"?>
<COLLADA xmlns="http://www.collada.org/2005/11/COLLADASchema" version="1.4.1">
  <asset>
    <contributor>
      <author>Mixamo</author>
      <authoring_tool>COLLADA Mixamo exporter</authoring_tool>
      <comments/>
    </contributor>
    <created>2024-12-02T03:10:32Z</created>
    <modified>2024-12-02T03:10:32Z</modified>
    <revision/>
    <title/>
    <unit meter="0.010000"/>
    <up_axis>Y_UP</up_axis>
  </asset>
  <library_animations>
    <animation id="mixamorig_Hips-anim" name="mixamorig_Hips">
      <source id="mixamorig_Hips-Matrix-animation-input">
        <float_array id="mixamorig_Hips-Matrix-animation-input-array" count="111">

0.000000 0.033333 0.066667 0.100000 0.133333 0.166667 0.200000 0.233333 0.266667 0.300000 0.333333 0.366667 0.400000 0.433333 0.466667 0.500000
0.533333 0.566667 0.600000 0.633333 0.666667 0.700000 0.733333 0.766667 0.800000 0.833333 0.866667 0.900000 0.933333 0.966667 1.000000 1.033333
1.066667 1.100000 1.133333 1.166667 1.200000 1.233333 1.266667 1.300000 1.333333 1.366667 1.400000 1.433333 1.466667 1.500000 1.533333 1.566667
1.600000 1.633333 1.666667 1.700000 1.733333 1.766667 1.800000 1.833333 1.866667 1.900000 1.933333 1.966667 2.000000 2.033333 2.066667 2.100000
2.133333 2.166667 2.200000 2.233333 2.266667 2.300000 2.333333 2.366667 2.400000 2.433333 2.466667 2.500000 2.533333 2.566667 2.600000 2.633333
2.666667 2.700000 2.733333 2.766667 2.800000 2.833333 2.866667 2.900000 2.933333 2.966667 3.000000 3.033333 3.066667 3.100000 3.133333 3.166667
3.200000 3.233333 3.266667 3.300000 3.333333 3.366667 3.400000 3.433333 3.466667 3.500000 3.533333 3.566667 3.600000 3.633333 3.666667</float_array>
        <technique_common>
          <accessor source="#mixamorig_Hips-Matrix-animation-input-array" count="111">
            <param name="TIME" type="float"/>
          </accessor>
        </technique_common>
      </source>
      <source id="mixamorig_Hips-Matrix-animation-output-transform">
        <float_array id="mixamorig_Hips-Matrix-animation-output-transform-array" count="1776">

0.815081 -0.002129 -0.579342 -0.068584 -0.067531 0.992827 -0.098657 100.720947 0.575397 0.119537 0.809091 0.255926 0.000000 0.000000 0.000000 1.000000
0.838860 -0.012375 -0.544206 0.211285 -0.049637 0.993838 -0.099112 101.784409 0.542079 0.110154 0.833077 3.996586 0.000000 0.000000 0.000000 1.000000
0.862585 -0.030668 -0.504982 0.701087 -0.022099 0.994924 -0.098171 103.120087 0.505429 0.095840 0.857529 9.089147 0.000000 0.000000 0.000000 1.000000
0.877459 -0.051522 -0.476876 1.104222 0.004914 0.995128 -0.098473 104.434174 0.479626 0.084062 0.873437 15.531333 0.000000 0.000000 0.000000 1.000000
0.884609 -0.067391 -0.461438 1.272300 0.021705 0.994381 -0.103614 105.203575 0.465827 0.081642 0.881101 23.116060 0.000000 0.000000 0.000000 1.000000
0.893000 -0.069193 -0.444705 1.319482 0.021815 0.993604 -0.110791 104.971939 0.449527 0.089235 0.888798 31.667974 0.000000 0.000000 0.000000 1.000000
0.913595 -0.031658 -0.405390 1.240102 -0.011455 0.994565 -0.103484 104.441231 0.406463 0.099186 0.908268 41.551510 0.000000 0.000000 0.000000 1.000000
0.941609 0.037232 -0.334644 0.894503 -0.065730 0.995072 -0.074240 103.309586 0.330230 0.091901 0.939416 52.020061 0.000000 0.000000 0.000000 1.000000
0.963770 0.113635 -0.241317 -0.172937 -0.124907 0.991656 -0.031887 99.157951 0.235680 0.060874 0.969922 63.392967 0.000000 0.000000 0.000000 1.000000
0.977385 0.160171 -0.138069 -1.553052 -0.162679 0.986654 -0.007003 94.978386 0.135104 0.029306 0.990398 76.404175 0.000000 0.000000 0.000000 1.000000
0.983790 0.169567 -0.058349 -2.879310 -0.170560 0.985269 -0.012446 92.457634 0.055379 0.022197 0.998219 90.590271 0.000000 0.000000 0.000000 1.000000
0.986022 0.164237 -0.028034 -3.828311 -0.165260 0.985470 -0.039226 92.038765 0.021184 0.043311 0.998837 105.005409 0.000000 0.000000 0.000000 1.000000
0.987485 0.149575 -0.050003 -4.616023 -0.152633 0.986191 -0.064270 92.693489 0.039699 0.071098 0.996679 118.462624 0.000000 0.000000 0.000000 1.000000
0.987266 0.119347 -0.105178 -5.219107 -0.127638 0.988908 -0.075958 93.534958 0.094946 0.088416 0.991548 131.187958 0.000000 0.000000 0.000000 1.000000
0.982744 0.059781 -0.175042 -5.821200 -0.073595 0.994575 -0.073516 94.225662 0.169697 0.085130 0.981812 142.419281 0.000000 0.000000 0.000000 1.000000
0.970177 -0.015875 -0.241878 -5.919096 0.000034 0.997862 -0.065358 93.151260 0.242399 0.063401 0.968103 152.173309 0.000000 0.000000 0.000000 1.000000
0.948963 -0.098688 -0.299550 -5.794408 0.085237 0.994690 -0.057678 90.320023 0.303651 0.029201 0.952336 161.747070 0.000000 0.000000 0.000000 1.000000
0.920229 -0.157912 -0.358108 -4.880562 0.145589 0.987444 -0.061307 85.793648 0.363293 0.004280 0.931665 172.922623 0.000000 0.000000 0.000000 1.000000
0.888891 -0.207896 -0.408231 -4.173532 0.193381 0.978095 -0.077033 80.687660 0.415304 -0.010470 0.909622 186.531403 0.000000 0.000000 0.000000 1.000000
0.861195 -0.238957 -0.448601 -3.710845 0.214282 0.971018 -0.105868 76.095306 0.460897 -0.004954 0.887440 199.062653 0.000000 0.000000 0.000000 1.000000
0.829938 -0.244218 -0.501558 -3.699486 0.217421 0.969591 -0.112340 71.977081 0.513742 -0.015814 0.857799 211.951035 0.000000 0.000000 0.000000 1.000000
0.800909 -0.213734 -0.559340 -3.480919 0.193710 0.976378 -0.095722 68.104553 0.566587 -0.031685 0.823393 224.115601 0.000000 0.000000 0.000000 1.000000
0.746955 -0.139482 -0.650079 -3.198214 0.173498 0.984762 -0.011939 64.758362 0.641838 -0.103869 0.759773 236.012756 0.000000 0.000000 0.000000 1.000000
0.678427 -0.085450 -0.729682 -2.367193 0.155413 0.987428 0.028862 62.074139 0.718042 -0.132983 0.683178 248.309509 0.000000 0.000000 0.000000 1.000000
0.608440 -0.033589 -0.792889 -2.136235 0.152751 0.985379 0.075473 61.860691 0.778760 -0.167035 0.604675 259.679047 0.000000 0.000000 0.000000 1.000000
0.573150 -0.024462 -0.819085 -2.481391 0.145783 0.986653 0.072544 69.479080 0.806378 -0.160987 0.569067 269.548126 0.000000 0.000000 0.000000 1.000000
0.584662 0.001560 -0.811275 -3.223902 0.127699 0.987355 0.093928 86.923981 0.801164 -0.158515 0.577070 279.954163 0.000000 0.000000 0.000000 1.000000
0.640227 0.021085 -0.767896 -4.903529 0.100745 0.988685 0.111143 111.662949 0.761551 -0.148518 0.630859 292.176483 0.000000 0.000000 0.000000 1.000000
0.718399 0.053119 -0.693600 -6.420079 0.046849 0.991122 0.124429 137.175690 0.694052 -0.121884 0.709533 306.007263 0.000000 0.000000 0.000000 1.000000
0.789573 0.056942 -0.611009 -7.737206 0.021276 0.992547 0.119992 157.657639 0.613288 -0.107742 0.782476 318.284760 0.000000 0.000000 0.000000 1.000000
0.840510 0.031842 -0.540859 -9.063818 0.033247 0.993359 0.110149 177.998825 0.540774 -0.110564 0.833870 329.128784 0.000000 0.000000 0.000000 1.000000
0.869330 -0.004901 -0.494207 -10.452593 0.062841 0.992931 0.100694 196.065994 0.490220 -0.118593 0.863493 339.215088 0.000000 0.000000 0.000000 1.000000
0.883931 -0.047658 -0.465182 -12.335569 0.103455 0.990072 0.095152 211.256592 0.456029 -0.132233 0.880086 349.064819 0.000000 0.000000 0.000000 1.000000
0.901083 -0.074118 -0.427267 -14.180972 0.127318 0.987080 0.097277 223.459076 0.414536 -0.142053 0.898877 358.314148 0.000000 0.000000 0.000000 1.000000
0.922345 -0.089970 -0.375747 -15.915224 0.141834 0.983456 0.112679 232.368546 0.359393 -0.157222 0.919846 366.892883 0.000000 0.000000 0.000000 1.000000
0.944001 -0.096957 -0.315376 -17.108004 0.147923 0.978772 0.141862 238.284195 0.294927 -0.180569 0.938303 375.470490 0.000000 0.000000 0.000000 1.000000
0.961594 -0.098068 -0.256357 -17.580307 0.147593 0.972214 0.181705 241.995941 0.231415 -0.212563 0.949349 384.624512 0.000000 0.000000 0.000000 1.000000
0.975173 -0.088609 -0.202941 -17.991158 0.135024 0.964306 0.227777 243.513794 0.175514 -0.249525 0.952330 394.320587 0.000000 0.000000 0.000000 1.000000
0.985343 -0.067771 -0.156542 -18.365593 0.109103 0.955823 0.272943 243.501358 0.131129 -0.286022 0.949208 404.623291 0.000000 0.000000 0.000000 1.000000
0.992124 -0.042473 -0.117841 -18.856701 0.077355 0.947683 0.309697 242.161240 0.098523 -0.316374 0.943505 415.094238 0.000000 0.000000 0.000000 1.000000
0.996427 -0.022046 -0.081524 -19.721981 0.047998 0.942098 0.331884 239.742615 0.069487 -0.334612 0.939791 425.442017 0.000000 0.000000 0.000000 1.000000
0.999415 -0.013518 -0.031423 -20.565237 0.023040 0.944993 0.326277 235.599854 0.025284 -0.326810 0.944752 435.890228 0.000000 0.000000 0.000000 1.000000
0.999638 -0.019463 0.018570 -21.341763 0.013144 0.955687 0.294090 228.470673 -0.023471 -0.293739 0.955597 446.335968 0.000000 0.000000 0.000000 1.000000
0.998320 -0.041897 0.040022 -21.618586 0.030843 0.969020 0.245050 217.791245 -0.049049 -0.243404 0.968684 456.789429 0.000000 0.000000 0.000000 1.000000
0.998059 -0.058207 0.022121 -20.830410 0.052072 0.974986 0.216079 204.735687 -0.034145 -0.214508 0.976125 466.559052 0.000000 0.000000 0.000000 1.000000
0.997810 -0.064999 -0.012282 -19.668293 0.066126 0.975260 0.210939 189.086304 -0.001732 -0.211289 0.977422 476.400238 0.000000 0.000000 0.000000 1.000000
0.998420 -0.044584 -0.034188 -18.480122 0.050346 0.980067 0.192185 169.938232 0.024938 -0.193602 0.980763 486.439087 0.000000 0.000000 0.000000 1.000000
0.998705 -0.007297 -0.050342 -17.098921 0.014540 0.989318 0.145046 147.306763 0.048746 -0.145591 0.988143 496.472717 0.000000 0.000000 0.000000 1.000000
0.998674 -0.000109 -0.051479 -15.667854 0.004063 0.997044 0.076720 121.799042 0.051319 -0.076827 0.995723 506.498840 0.000000 0.000000 0.000000 1.000000
0.999085 0.033653 -0.026394 -13.178879 -0.034016 0.999331 -0.013402 95.003174 0.025926 0.014288 0.999562 512.445007 0.000000 0.000000 0.000000 1.000000
0.998867 0.047598 -0.000014 -10.998118 -0.047100 0.988385 -0.144486 74.785049 -0.006864 0.144322 0.989507 512.072449 0.000000 0.000000 0.000000 1.000000
0.998179 0.057179 0.019212 -9.521972 -0.048695 0.951804 -0.302817 64.611671 -0.035601 0.301331 0.952855 510.690308 0.000000 0.000000 0.000000 1.000000
0.997954 0.055031 0.032536 -8.890591 -0.035400 0.899472 -0.435542 60.178986 -0.053234 0.433500 0.899580 508.812958 0.000000 0.000000 0.000000 1.000000
0.998208 0.048162 0.035513 -8.818809 -0.023574 0.861994 -0.506370 58.090672 -0.055000 0.504626 0.861585 507.057922 0.000000 0.000000 0.000000 1.000000
0.998583 0.046134 0.026512 -8.900175 -0.026152 0.859460 -0.510534 55.745564 -0.046339 0.509118 0.859449 506.656616 0.000000 0.000000 0.000000 1.000000
0.998952 0.043675 0.013664 -8.890981 -0.031762 0.876652 -0.480075 54.818039 -0.032946 0.479139 0.877121 506.085297 0.000000 0.000000 0.000000 1.000000
0.999431 0.033673 -0.001839 -8.856299 -0.031020 0.896565 -0.441824 55.110607 -0.013229 0.441630 0.897100 505.446564 0.000000 0.000000 0.000000 1.000000
0.999623 0.019471 -0.019384 -8.798564 -0.025757 0.909658 -0.414558 55.994205 0.009561 0.414900 0.909817 504.854340 0.000000 0.000000 0.000000 1.000000
0.999361 0.003367 -0.035582 -8.729633 -0.017402 0.915408 -0.402151 56.884655 0.031218 0.402513 0.914882 504.338684 0.000000 0.000000 0.000000 1.000000
0.998801 -0.011887 -0.047500 -8.688708 -0.008337 0.914628 -0.404210 57.836018 0.048250 0.404122 0.913432 503.890289 0.000000 0.000000 0.000000 1.000000
0.998176 -0.024844 -0.055031 -8.666069 -0.000320 0.909240 -0.416273 58.845894 0.060378 0.415531 0.907573 503.483582 0.000000 0.000000 0.000000 1.000000
0.997529 -0.035443 -0.060667 -8.628160 0.005502 0.900192 -0.435458 59.919437 0.070046 0.434048 0.898162 503.098907 0.000000 0.000000 0.000000 1.000000
0.996926 -0.043222 -0.065342 -8.532248 0.008541 0.889035 -0.457760 61.066605 0.077877 0.455795 0.886671 502.709473 0.000000 0.000000 0.000000 1.000000
0.996245 -0.048469 -0.071739 -8.338185 0.008050 0.876875 -0.480650 62.293861 0.086202 0.478268 0.873973 502.296722 0.000000 0.000000 0.000000 1.000000
0.995451 -0.051903 -0.079895 -7.996790 0.005268 0.867284 -0.497786 63.626656 0.095128 0.495101 0.863612 501.819946 0.000000 0.000000 0.000000 1.000000
0.994308 -0.056439 -0.090372 -7.505993 0.002879 0.862106 -0.506721 65.075966 0.106509 0.503576 0.857361 501.259552 0.000000 0.000000 0.000000 1.000000
0.992702 -0.064779 -0.101721 -6.850847 0.004495 0.862770 -0.505576 66.469093 0.120513 0.501429 0.856764 500.790405 0.000000 0.000000 0.000000 1.000000
0.990452 -0.077635 -0.113923 -6.019605 0.010745 0.867321 -0.497633 67.632462 0.137441 0.491657 0.859874 500.591492 0.000000 0.000000 0.000000 1.000000
0.987525 -0.092791 -0.127216 -5.027079 0.019425 0.873540 -0.486365 68.665604 0.156259 0.477827 0.864445 500.490051 0.000000 0.000000 0.000000 1.000000
0.983999 -0.107615 -0.142001 -3.860780 0.028094 0.880729 -0.472786 69.573250 0.175943 0.461232 0.869660 500.279694 0.000000 0.000000 0.000000 1.000000
0.979640 -0.120989 -0.160209 -2.522500 0.034729 0.888105 -0.458327 70.559219 0.197735 0.443432 0.874225 499.723602 0.000000 0.000000 0.000000 1.000000
0.974015 -0.132301 -0.183824 -0.986962 0.038216 0.896012 -0.442381 71.756981 0.223236 0.423861 0.877786 498.800598 0.000000 0.000000 0.000000 1.000000
0.965869 -0.142164 -0.216534 0.807887 0.036538 0.902352 -0.429449 73.509468 0.256442 0.406879 0.876748 497.477844 0.000000 0.000000 0.000000 1.000000
0.953387 -0.151762 -0.260810 2.925405 0.028044 0.905145 -0.424178 75.902237 0.300445 0.397091 0.867209 495.798401 0.000000 0.000000 0.000000 1.000000
0.934304 -0.162994 -0.317032 5.314601 0.010947 0.902046 -0.431502 78.763512 0.356310 0.399683 0.844569 493.817841 0.000000 0.000000 0.000000 1.000000
0.908234 -0.178259 -0.378597 7.674886 -0.011289 0.893964 -0.447996 81.734329 0.418311 0.411159 0.809916 491.716278 0.000000 0.000000 0.000000 1.000000
0.878354 -0.200164 -0.434085 9.546631 -0.028394 0.884653 -0.465384 84.253380 0.477167 0.421097 0.771355 489.697632 0.000000 0.000000 0.000000 1.000000
0.849226 -0.223874 -0.478222 10.858093 -0.035355 0.879532 -0.474524 86.023293 0.526845 0.419886 0.739006 487.606628 0.000000 0.000000 0.000000 1.000000
0.823101 -0.244754 -0.512445 11.579657 -0.033293 0.880011 -0.473785 87.163666 0.566918 0.407034 0.716189 485.503876 0.000000 0.000000 0.000000 1.000000
0.800251 -0.258838 -0.540926 11.840171 -0.029786 0.883777 -0.466959 87.872452 0.598925 0.389797 0.699534 483.424530 0.000000 0.000000 0.000000 1.000000
0.780071 -0.268545 -0.565131 11.745854 -0.028447 0.887055 -0.460787 88.308846 0.625044 0.375523 0.684326 481.454071 0.000000 0.000000 0.000000 1.000000
0.761469 -0.280035 -0.584589 11.498714 -0.025304 0.888335 -0.458498 89.822975 0.647707 0.363925 0.669354 478.030396 0.000000 0.000000 0.000000 1.000000
0.742220 -0.295239 -0.601618 11.013493 -0.019675 0.887740 -0.459924 90.970490 0.669868 0.353201 0.653090 475.063507 0.000000 0.000000 0.000000 1.000000
0.719822 -0.316886 -0.617609 10.251773 -0.008031 0.885861 -0.463881 91.497894 0.694113 0.338872 0.635117 472.072235 0.000000 0.000000 0.000000 1.000000
0.693295 -0.342209 -0.634221 9.339392 0.007139 0.883280 -0.468791 91.441025 0.720619 0.320482 0.614817 468.840149 0.000000 0.000000 0.000000 1.000000
0.661869 -0.370434 -0.651697 8.398623 0.024924 0.879764 -0.474758 90.818146 0.749205 0.297984 0.591521 465.163513 0.000000 0.000000 0.000000 1.000000
0.625972 -0.400003 -0.669445 7.529108 0.043939 0.875159 -0.481836 89.710327 0.778606 0.272202 0.565401 460.994812 0.000000 0.000000 0.000000 1.000000
0.588174 -0.426818 -0.686934 6.676162 0.064244 0.871368 -0.486406 88.226685 0.806179 0.241960 0.539936 456.387604 0.000000 0.000000 0.000000 1.000000
0.553665 -0.446145 -0.703143 5.832194 0.082366 0.869572 -0.486888 86.878021 0.828656 0.211658 0.518199 451.958618 0.000000 0.000000 0.000000 1.000000
0.526053 -0.457863 -0.716680 4.982304 0.098035 0.869735 -0.483685 85.985641 0.844782 0.184184 0.502413 448.090210 0.000000 0.000000 0.000000 1.000000
0.505273 -0.468727 -0.724565 4.184381 0.113074 0.868349 -0.482891 85.514481 0.855519 0.162062 0.491754 444.891327 0.000000 0.000000 0.000000 1.000000
0.486690 -0.479449 -0.730247 3.458017 0.125122 0.865570 -0.484906 85.391083 0.864567 0.144629 0.481254 442.515076 0.000000 0.000000 0.000000 1.000000
0.468665 -0.486594 -0.737278 2.807777 0.133371 0.864024 -0.485464 85.590378 0.873250 0.129188 0.469836 440.830383 0.000000 0.000000 0.000000 1.000000
0.451453 -0.484868 -0.749061 2.275459 0.136012 0.867061 -0.479277 85.970467 0.881868 0.114490 0.457385 439.781982 0.000000 0.000000 0.000000 1.000000
0.437498 -0.473810 -0.764264 1.874354 0.133030 0.874671 -0.466105 86.443405 0.889325 0.102250 0.445697 439.236603 0.000000 0.000000 0.000000 1.000000
0.429693 -0.456180 -0.779271 1.645423 0.124574 0.884700 -0.449207 86.881310 0.894341 0.095944 0.436977 439.023590 0.000000 0.000000 0.000000 1.000000
0.429023 -0.435434 -0.791414 1.530512 0.114268 0.895266 -0.430628 87.277611 0.896037 0.094316 0.433846 438.984070 0.000000 0.000000 0.000000 1.000000
0.434825 -0.413009 -0.800219 1.454154 0.105220 0.905839 -0.410347 87.634491 0.894347 0.094230 0.437338 439.143677 0.000000 0.000000 0.000000 1.000000
0.446412 -0.390325 -0.805210 1.374002 0.100013 0.915975 -0.388570 88.021973 0.889221 0.092931 0.447940 439.430206 0.000000 0.000000 0.000000 1.000000
0.462611 -0.367901 -0.806622 1.301524 0.097644 0.925441 -0.366094 88.458527 0.881168 0.090597 0.464043 439.807526 0.000000 0.000000 0.000000 1.000000
0.481850 -0.346342 -0.804902 1.236400 0.096305 0.933939 -0.344213 88.993462 0.870945 0.088343 0.483374 440.251923 0.000000 0.000000 0.000000 1.000000
0.501703 -0.325538 -0.801448 1.153479 0.094593 0.941577 -0.323242 89.649643 0.859853 0.086360 0.503185 440.730377 0.000000 0.000000 0.000000 1.000000
0.520903 -0.303455 -0.797857 1.038321 0.090717 0.949065 -0.301738 90.452835 0.848782 0.084797 0.521899 441.237335 0.000000 0.000000 0.000000 1.000000
0.539458 -0.279093 -0.794413 0.902254 0.084499 0.956651 -0.278711 91.374901 0.837762 0.083226 0.539656 441.769775 0.000000 0.000000 0.000000 1.000000
0.556222 -0.255141 -0.790898 0.726581 0.078008 0.963532 -0.255970 92.256233 0.827364 0.080680 0.555841 442.274261 0.000000 0.000000 0.000000 1.000000
0.570455 -0.232689 -0.787678 0.496730 0.072065 0.969511 -0.234213 93.038506 0.818161 0.076844 0.569831 442.728333 0.000000 0.000000 0.000000 1.000000
0.583096 -0.210925 -0.784544 0.230840 0.066207 0.974833 -0.212877 93.772713 0.809701 0.072185 0.582386 443.152893 0.000000 0.000000 0.000000 1.000000
0.595183 -0.189551 -0.780914 -0.054139 0.060442 0.979589 -0.191709 94.470512 0.801314 0.066901 0.594492 443.554962 0.000000 0.000000 0.000000 1.000000
0.607547 -0.168596 -0.776185 -0.353353 0.055058 0.983802 -0.170597 95.113647 0.792373 0.060910 0.606988 443.924438 0.000000 0.000000 0.000000 1.000000
0.621082 -0.148858 -0.769479 -0.732458 0.051729 0.987442 -0.149271 95.564072 0.782036 0.052905 0.620983 444.177856 0.000000 0.000000 0.000000 1.000000
0.633755 -0.133388 -0.761947 -1.160315 0.049915 0.990019 -0.131797 95.828079 0.771922 0.045495 0.634087 444.309814 0.000000 0.000000 0.000000 1.000000</float_array>
        <technique_common>
          <accessor source="#mixamorig_Hips-Matrix-animation-output-transform-array" count="111" stride="16">
            <param type="float4x4"/>
          </accessor>
        </technique_common>
      </source>
      <source id="mixamorig_Hips-Interpolations">
        <Name_array id="mixamorig_Hips-Interpolations-array" count="111">
 LINEAR LINEAR LINEAR LINEAR LINEAR LINEAR LINEAR LINEAR LINEAR LINEAR LINEAR
LINEAR LINEAR LINEAR LINEAR LINEAR LINEAR LINEAR LINEAR LINEAR LINEAR LINEAR LINEAR
LINEAR LINEAR LINEAR LINEAR LINEAR LINEAR LINEAR LINEAR LINEAR LINEAR LINEAR LINEAR
LINEAR LINEAR LINEAR LINEAR LINEAR LINEAR LINEAR LINEAR LINEAR LINEAR LINEAR LINEAR
LINEAR LINEAR LINEAR LINEAR LINEAR LINEAR LINEAR LINEAR LINEAR LINEAR LINEAR LINEAR
LINEAR LINEAR LINEAR LINEAR LINEAR LINEAR LINEAR LINEAR LINEAR LINEAR LINEAR LINEAR
LINEAR LINEAR LINEAR LINEAR LINEAR LINEAR LINEAR LINEAR LINEAR LINEAR LINEAR LINEAR
LINEAR LINEAR LINEAR LINEAR LINEAR LINEAR LINEAR LINEAR LINEAR LINEAR LINEAR LINEAR
LINEAR LINEAR LINEAR LINEAR LINEAR LINEAR LINEAR LINEAR LINEAR LINEAR LINEAR LINEAR
LINEAR LINEAR LINEAR LINEAR</Name_array>
        <technique_common>
          <accessor source="#mixamorig_Hips-Interpolations-array" count="111">
            <param type="name"/>
          </accessor>
        </technique_common>
      </source>
      <sampler id="mixamorig_Hips-Matrix-animation-transform">
        <input semantic="INPUT" source="#mixamorig_Hips-Matrix-animation-input"/>
        <input semantic="OUTPUT" source="#mixamorig_Hips-Matrix-animation-output-transform"/>
        <input semantic="INTERPOLATION" source="#mixamorig_Hips-Interpolations"/>
      </sampler>
      <channel source="#mixamorig_Hips-Matrix-animation-transform" target="mixamorig_Hips/matrix"/>
    </animation>
    <animation id="mixamorig_Spine-anim" name="mixamorig_Spine">
      <source id="mixamorig_Spine-Matrix-animation-input">
        <float_array id="mixamorig_Spine-Matrix-animation-input-array" count="111">

0.000000 0.033333 0.066667 0.100000 0.133333 0.166667 0.200000 0.233333 0.266667 0.300000 0.333333 0.366667 0.400000 0.433333 0.466667 0.500000
0.533333 0.566667 0.600000 0.633333 0.666667 0.700000 0.733333 0.766667 0.800000 0.833333 0.866667 0.900000 0.933333 0.966667 1.000000 1.033333
1.066667 1.100000 1.133333 1.166667 1.200000 1.233333 1.266667 1.300000 1.333333 1.366667 1.400000 1.433333 1.466667 1.500000 1.533333 1.566667
1.600000 1.633333 1.666667 1.700000 1.733333 1.766667 1.800000 1.833333 1.866667 1.900000 1.933333 1.966667 2.000000 2.033333 2.066667 2.100000
2.133333 2.166667 2.200000 2.233333 2.266667 2.300000 2.333333 2.366667 2.400000 2.433333 2.466667 2.500000 2.533333 2.566667 2.600000 2.633333
2.666667 2.700000 2.733333 2.766667 2.800000 2.833333 2.866667 2.900000 2.933333 2.966667 3.000000 3.033333 3.066667 3.100000 3.133333 3.166667
3.200000 3.233333 3.266667 3.300000 3.333333 3.366667 3.400000 3.433333 3.466667 3.500000 3.533333 3.566667 3.600000 3.633333 3.666667</float_array>
        <technique_common>
          <accessor source="#mixamorig_Spine-Matrix-animation-input-array" count="111">
            <param name="TIME" type="float"/>
          </accessor>
        </technique_common>
      </source>
      <source id="mixamorig_Spine-Matrix-animation-output-transform">
        <float_array id="mixamorig_Spine-Matrix-animation-output-transform-array" count="1776">

0.999393 -0.030458 -0.016901 0.072000 0.027673 0.988931 -0.145771 7.257300 0.021154 0.145215 0.989174 -0.789700 0.000000 0.000000 0.000000 1.000000
0.999441 -0.031508 -0.011135 0.072000 0.029475 0.988166 -0.150527 7.257300 0.015746 0.150115 0.988543 -0.789700 0.000000 0.000000 0.000000 1.000000
0.999498 -0.031630 -0.001920 0.072000 0.030943 0.987261 -0.156073 7.257300 0.006832 0.155935 0.987744 -0.789700 0.000000 0.000000 0.000000 1.000000
0.999469 -0.029930 0.012879 0.072000 0.031617 0.986408 -0.161244 7.257300 -0.007878 0.161566 0.986830 -0.789700 0.000000 0.000000 0.000000 1.000000
0.999266 -0.022697 0.030853 0.072000 0.027480 0.985961 -0.164701 7.257300 -0.026681 0.165428 0.985861 -0.789700 0.000000 0.000000 0.000000 1.000000
0.998623 -0.018699 0.049007 0.072000 0.026532 0.986032 -0.164431 7.257300 -0.045248 0.165505 0.985170 -0.789700 0.000000 0.000000 0.000000 1.000000
0.995779 -0.063597 0.066175 0.072000 0.073573 0.984165 -0.161265 7.257300 -0.054871 0.165453 0.984690 -0.789700 0.000000 0.000000 0.000000 1.000000
0.984893 -0.154795 0.077614 0.072000 0.165240 0.974166 -0.153938 7.257300 -0.051780 0.164437 0.985028 -0.789700 0.000000 0.000000 0.000000 1.000000
0.963852 -0.254006 0.080437 0.072000 0.263405 0.953842 -0.144234 7.257300 -0.040087 0.160208 0.986269 -0.789700 0.000000 0.000000 0.000000 1.000000
0.948414 -0.311124 0.060932 0.072000 0.316609 0.939437 -0.131211 7.257300 -0.016419 0.143734 0.989480 -0.789700 0.000000 0.000000 0.000000 1.000000
0.948722 -0.314899 0.027673 0.072000 0.315923 0.941480 -0.117507 7.257300 0.010950 0.120224 0.992686 -0.789700 0.000000 0.000000 0.000000 1.000000
0.957137 -0.289628 -0.002232 0.072000 0.287858 0.952082 -0.103335 7.257300 0.032054 0.098263 0.994644 -0.789700 0.000000 0.000000 0.000000 1.000000
0.968696 -0.247232 -0.022473 0.072000 0.244127 0.965122 -0.094557 7.257300 0.045066 0.086110 0.995266 -0.789700 0.000000 0.000000 0.000000 1.000000
0.979568 -0.198055 -0.034941 0.072000 0.194193 0.976661 -0.091773 7.257300 0.052301 0.083113 0.995167 -0.789700 0.000000 0.000000 0.000000 1.000000
0.989020 -0.141312 -0.043247 0.072000 0.136780 0.986117 -0.094153 7.257300 0.055951 0.087203 0.994618 -0.789700 0.000000 0.000000 0.000000 1.000000
0.994606 -0.092323 -0.047278 0.072000 0.087289 0.991222 -0.099292 7.257300 0.056030 0.094630 0.993934 -0.789700 0.000000 0.000000 0.000000 1.000000
0.997734 -0.049510 -0.045556 0.072000 0.044571 0.993610 -0.103692 7.257300 0.050398 0.101426 0.993566 -0.789700 0.000000 0.000000 0.000000 1.000000
0.999276 -0.031500 -0.021326 0.072000 0.029092 0.994036 -0.105097 7.257300 0.024509 0.104401 0.994233 -0.789700 0.000000 0.000000 0.000000 1.000000
0.999836 -0.017664 0.003894 0.072000 0.017967 0.994718 -0.101060 7.257300 -0.002088 0.101113 0.994873 -0.789700 0.000000 0.000000 0.000000 1.000000
0.999730 -0.012255 0.019721 0.072000 0.014000 0.995758 -0.090942 7.257300 -0.018523 0.091193 0.995661 -0.789700 0.000000 0.000000 0.000000 1.000000
0.999808 -0.000989 0.019588 0.072000 0.002631 0.996463 -0.083988 7.257300 -0.019435 0.084024 0.996274 -0.789700 0.000000 0.000000 0.000000 1.000000
0.999926 0.006106 0.010501 0.072000 -0.005227 0.996637 -0.081779 7.257300 -0.010965 0.081718 0.996595 -0.789700 0.000000 0.000000 0.000000 1.000000
0.999878 0.011969 0.010011 0.072000 -0.010943 0.995232 -0.096924 7.257300 -0.011123 0.096803 0.995241 -0.789700 0.000000 0.000000 0.000000 1.000000
0.999722 0.007908 0.022200 0.072000 -0.005585 0.994688 -0.102789 7.257300 -0.022895 0.102636 0.994455 -0.789700 0.000000 0.000000 0.000000 1.000000
0.999495 0.003820 0.031559 0.072000 -0.000400 0.994188 -0.107657 7.257300 -0.031787 0.107590 0.993687 -0.789700 0.000000 0.000000 0.000000 1.000000
0.999530 -0.002871 0.030523 0.072000 0.005728 0.995564 -0.093913 7.257300 -0.030118 0.094044 0.995112 -0.789700 0.000000 0.000000 0.000000 1.000000
0.999682 -0.009336 0.023433 0.072000 0.011143 0.996874 -0.078215 7.257300 -0.022630 0.078451 0.996661 -0.789700 0.000000 0.000000 0.000000 1.000000
0.999754 -0.020212 0.009163 0.072000 0.020712 0.998091 -0.058185 7.257300 -0.007970 0.058360 0.998264 -0.789700 0.000000 0.000000 0.000000 1.000000
0.998229 -0.058119 -0.012717 0.072000 0.057565 0.997527 -0.040323 7.257300 0.015029 0.039520 0.999106 -0.789700 0.000000 0.000000 0.000000 1.000000
0.996385 -0.075833 -0.038297 0.072000 0.074870 0.996854 -0.025994 7.257300 0.040148 0.023033 0.998928 -0.789700 0.000000 0.000000 0.000000 1.000000
0.995811 -0.068190 -0.060911 0.072000 0.067346 0.997605 -0.015800 7.257300 0.061843 0.011631 0.998018 -0.789700 0.000000 0.000000 0.000000 1.000000
0.995693 -0.051300 -0.077231 0.072000 0.050866 0.998677 -0.007585 7.257300 0.077518 0.003624 0.996984 -0.789700 0.000000 0.000000 0.000000 1.000000
0.996251 -0.026205 -0.082445 0.072000 0.026460 0.999648 0.001991 7.257300 0.082364 -0.004165 0.996594 -0.789700 0.000000 0.000000 0.000000 1.000000
0.995640 -0.013285 -0.092324 0.072000 0.014547 0.999810 0.013006 7.257300 0.092134 -0.014292 0.995644 -0.789700 0.000000 0.000000 0.000000 1.000000
0.994608 -0.003663 -0.103639 0.072000 0.006292 0.999667 0.025043 7.257300 0.103513 -0.025560 0.994300 -0.789700 0.000000 0.000000 0.000000 1.000000
0.993693 0.005937 -0.111974 0.072000 -0.001884 0.999340 0.036269 7.257300 0.112116 -0.035830 0.993049 -0.789700 0.000000 0.000000 0.000000 1.000000
0.993698 0.017458 -0.110726 0.072000 -0.012511 0.998899 0.045208 7.257300 0.111394 -0.043538 0.992822 -0.789700 0.000000 0.000000 0.000000 1.000000
0.994377 0.026732 -0.102472 0.072000 -0.021671 0.998505 0.050185 7.257300 0.103660 -0.047682 0.993469 -0.789700 0.000000 0.000000 0.000000 1.000000
0.995317 0.029461 -0.092065 0.072000 -0.024785 0.998364 0.051536 7.257300 0.093432 -0.049013 0.994419 -0.789700 0.000000 0.000000 0.000000 1.000000
0.996396 0.027623 -0.080198 0.072000 -0.023551 0.998406 0.051289 7.257300 0.081487 -0.049215 0.995459 -0.789700 0.000000 0.000000 0.000000 1.000000
0.997407 0.024603 -0.067636 0.072000 -0.021140 0.998451 0.051458 7.257300 0.068797 -0.049895 0.996382 -0.789700 0.000000 0.000000 0.000000 1.000000
0.998286 0.019924 -0.055021 0.072000 -0.016977 0.998422 0.053520 7.257300 0.056001 -0.052495 0.997050 -0.789700 0.000000 0.000000 0.000000 1.000000
0.999100 0.017768 -0.038520 0.072000 -0.015581 0.998290 0.056333 7.257300 0.039455 -0.055682 0.997669 -0.789700 0.000000 0.000000 0.000000 1.000000
0.999580 0.026556 -0.011566 0.072000 -0.025879 0.998140 0.055195 7.257300 0.013010 -0.054873 0.998409 -0.789700 0.000000 0.000000 0.000000 1.000000
0.999122 0.040654 0.010137 0.072000 -0.041071 0.998142 0.045010 7.257300 -0.008289 -0.045386 0.998935 -0.789700 0.000000 0.000000 0.000000 1.000000
0.998426 0.053658 0.016290 0.072000 -0.054126 0.998090 0.029793 7.257300 -0.014660 -0.030627 0.999423 -0.789700 0.000000 0.000000 0.000000 1.000000
0.999061 0.043311 0.001023 0.072000 -0.043321 0.998944 0.015326 7.257300 -0.000358 -0.015356 0.999882 -0.789700 0.000000 0.000000 0.000000 1.000000
0.999615 0.024458 -0.013119 0.072000 -0.024566 0.999665 -0.008123 7.257300 0.012916 0.008442 0.999881 -0.789700 0.000000 0.000000 0.000000 1.000000
0.999374 0.032310 -0.014393 0.072000 -0.033008 0.998141 -0.051244 7.257300 0.012711 0.051687 0.998582 -0.789700 0.000000 0.000000 0.000000 1.000000
0.999853 0.009825 -0.014030 0.072000 -0.011281 0.994113 -0.107756 7.257300 0.012889 0.107898 0.994078 -0.789700 0.000000 0.000000 0.000000 1.000000
0.999888 0.011813 -0.009232 0.072000 -0.013176 0.986175 -0.165180 7.257300 0.007153 0.165283 0.986220 -0.789700 0.000000 0.000000 0.000000 1.000000
0.999897 0.013938 -0.003453 0.072000 -0.014352 0.977813 -0.208986 7.257300 0.000464 0.209014 0.977913 -0.789700 0.000000 0.000000 0.000000 1.000000
0.999845 0.017618 0.000276 0.072000 -0.017046 0.971118 -0.237991 7.257300 -0.004461 0.237949 0.971267 -0.789700 0.000000 0.000000 0.000000 1.000000
0.999798 0.020087 0.000610 0.072000 -0.019293 0.967896 -0.250610 7.257300 -0.005625 0.250548 0.968088 -0.789700 0.000000 0.000000 0.000000 1.000000
0.999788 0.020576 -0.000123 0.072000 -0.019950 0.967883 -0.250607 7.257300 -0.005038 0.250556 0.968089 -0.789700 0.000000 0.000000 0.000000 1.000000
0.999802 0.019910 -0.000560 0.072000 -0.019433 0.968949 -0.246495 7.257300 -0.004365 0.246457 0.969144 -0.789700 0.000000 0.000000 0.000000 1.000000
0.999808 0.019569 0.000213 0.072000 -0.018923 0.969491 -0.244397 7.257300 -0.004989 0.244346 0.969675 -0.789700 0.000000 0.000000 0.000000 1.000000
0.999808 0.019358 0.003002 0.072000 -0.018033 0.969353 -0.245010 7.257300 -0.007653 0.244909 0.969516 -0.789700 0.000000 0.000000 0.000000 1.000000
0.999802 0.018819 0.006449 0.072000 -0.016660 0.969239 -0.245557 7.257300 -0.010872 0.245401 0.969361 -0.789700 0.000000 0.000000 0.000000 1.000000
0.999789 0.018192 0.009513 0.072000 -0.015323 0.969674 -0.243919 7.257300 -0.013662 0.243722 0.969749 -0.789700 0.000000 0.000000 0.000000 1.000000
0.999782 0.017467 0.011475 0.072000 -0.014183 0.970349 -0.241293 7.257300 -0.015349 0.241078 0.970384 -0.789700 0.000000 0.000000 0.000000 1.000000
0.999784 0.016526 0.012636 0.072000 -0.013039 0.971092 -0.238351 7.257300 -0.016209 0.238134 0.971097 -0.789700 0.000000 0.000000 0.000000 1.000000
0.999795 0.015876 0.012570 0.072000 -0.012456 0.971574 -0.236410 7.257300 -0.015966 0.236205 0.971572 -0.789700 0.000000 0.000000 0.000000 1.000000
0.999815 0.015123 0.011905 0.072000 -0.011906 0.971970 -0.234801 7.257300 -0.015122 0.234616 0.971970 -0.789700 0.000000 0.000000 0.000000 1.000000
0.999838 0.014384 0.010824 0.072000 -0.011447 0.972082 -0.234364 7.257300 -0.013892 0.234202 0.972089 -0.789700 0.000000 0.000000 0.000000 1.000000
0.999854 0.013588 0.010319 0.072000 -0.010789 0.972049 -0.234529 7.257300 -0.013218 0.234383 0.972054 -0.789700 0.000000 0.000000 0.000000 1.000000
0.999859 0.012802 0.010863 0.072000 -0.009886 0.971861 -0.235349 7.257300 -0.013570 0.235208 0.971850 -0.789700 0.000000 0.000000 0.000000 1.000000
0.999853 0.011780 0.012463 0.072000 -0.008506 0.971710 -0.236024 7.257300 -0.014891 0.235883 0.971667 -0.789700 0.000000 0.000000 0.000000 1.000000
0.999840 0.010465 0.014517 0.072000 -0.006740 0.971678 -0.236211 7.257300 -0.016578 0.236075 0.971593 -0.789700 0.000000 0.000000 0.000000 1.000000
0.999831 0.008791 0.016139 0.072000 -0.004730 0.971680 -0.236251 7.257300 -0.017758 0.236135 0.971558 -0.789700 0.000000 0.000000 0.000000 1.000000
0.999835 0.007577 0.016510 0.072000 -0.003471 0.971804 -0.235763 7.257300 -0.017831 0.235667 0.971670 -0.789700 0.000000 0.000000 0.000000 1.000000
0.999848 0.006341 0.016235 0.072000 -0.002335 0.971811 -0.235750 7.257300 -0.017272 0.235676 0.971678 -0.789700 0.000000 0.000000 0.000000 1.000000
0.999856 0.005289 0.016116 0.072000 -0.001341 0.971805 -0.235782 7.257300 -0.016909 0.235727 0.971672 -0.789700 0.000000 0.000000 0.000000 1.000000
0.999832 0.004901 0.017641 0.072000 -0.000626 0.972086 -0.234624 7.257300 -0.018299 0.234573 0.971926 -0.789700 0.000000 0.000000 0.000000 1.000000
0.999751 0.006081 0.021475 0.072000 -0.000963 0.973018 -0.230726 7.257300 -0.022299 0.230647 0.972782 -0.789700 0.000000 0.000000 0.000000 1.000000
0.999604 0.009591 0.026466 0.072000 -0.003419 0.974574 -0.224038 7.257300 -0.027942 0.223859 0.974221 -0.789700 0.000000 0.000000 0.000000 1.000000
0.999474 0.016663 0.027837 0.072000 -0.010266 0.976372 -0.215852 7.257300 -0.030776 0.215453 0.976029 -0.789700 0.000000 0.000000 0.000000 1.000000
0.999316 0.025640 0.026640 0.072000 -0.019529 0.977817 -0.208551 7.257300 -0.031396 0.207888 0.977649 -0.789700 0.000000 0.000000 0.000000 1.000000
0.999074 0.034529 0.025650 0.072000 -0.028631 0.978859 -0.202521 7.257300 -0.032100 0.201599 0.978942 -0.789700 0.000000 0.000000 0.000000 1.000000
0.998770 0.041117 0.027716 0.072000 -0.034859 0.979733 -0.197252 7.257300 -0.035264 0.196043 0.979961 -0.789700 0.000000 0.000000 0.000000 1.000000
0.998462 0.044588 0.032960 0.072000 -0.037475 0.980768 -0.191547 7.257300 -0.040867 0.190017 0.980930 -0.789700 0.000000 0.000000 0.000000 1.000000
0.998168 0.046767 0.038390 0.072000 -0.038881 0.981921 -0.185256 7.257300 -0.046360 0.183424 0.981940 -0.789700 0.000000 0.000000 0.000000 1.000000
0.997924 0.046170 0.044896 0.072000 -0.037459 0.983227 -0.178497 7.257300 -0.052384 0.176445 0.982916 -0.789700 0.000000 0.000000 0.000000 1.000000
0.997641 0.045957 0.050998 0.072000 -0.036586 0.984508 -0.171481 7.257300 -0.058089 0.169211 0.983867 -0.789700 0.000000 0.000000 0.000000 1.000000
0.997378 0.045382 0.056367 0.072000 -0.035575 0.985785 -0.164201 7.257300 -0.063017 0.161765 0.984815 -0.789700 0.000000 0.000000 0.000000 1.000000
0.997228 0.044771 0.059434 0.072000 -0.035020 0.987134 -0.156015 7.257300 -0.065654 0.153501 0.985965 -0.789700 0.000000 0.000000 0.000000 1.000000
0.997268 0.044574 0.058902 0.072000 -0.035502 0.988505 -0.146964 7.257300 -0.064775 0.144471 0.987387 -0.789700 0.000000 0.000000 0.000000 1.000000
0.997573 0.045506 0.052699 0.072000 -0.037810 0.989598 -0.138805 7.257300 -0.058467 0.136476 0.988917 -0.789700 0.000000 0.000000 0.000000 1.000000
0.998082 0.044108 0.043432 0.072000 -0.037974 0.990371 -0.133132 7.257300 -0.048886 0.131227 0.990146 -0.789700 0.000000 0.000000 0.000000 1.000000
0.998663 0.039835 0.032953 0.072000 -0.035229 0.990866 -0.130170 7.257300 -0.037837 0.128835 0.990944 -0.789700 0.000000 0.000000 0.000000 1.000000
0.999168 0.034384 0.021939 0.072000 -0.031308 0.991307 -0.127792 7.257300 -0.026142 0.126999 0.991558 -0.789700 0.000000 0.000000 0.000000 1.000000
0.999504 0.029191 0.011781 0.072000 -0.027493 0.991788 -0.124901 7.257300 -0.015330 0.124515 0.992099 -0.789700 0.000000 0.000000 0.000000 1.000000
0.999664 0.025756 0.002823 0.072000 -0.025218 0.992173 -0.122297 7.257300 -0.005951 0.122185 0.992490 -0.789700 0.000000 0.000000 0.000000 1.000000
0.999698 0.024134 -0.004654 0.072000 -0.024520 0.992340 -0.121080 7.257300 0.001696 0.121157 0.992632 -0.789700 0.000000 0.000000 0.000000 1.000000
0.999670 0.023495 -0.010375 0.072000 -0.024580 0.992324 -0.121194 7.257300 0.007448 0.121409 0.992575 -0.789700 0.000000 0.000000 0.000000 1.000000
0.999629 0.022787 -0.014897 0.072000 -0.024430 0.992288 -0.121526 7.257300 0.012013 0.121845 0.992476 -0.789700 0.000000 0.000000 0.000000 1.000000
0.999576 0.022420 -0.018590 0.072000 -0.024516 0.992290 -0.121485 7.257300 0.015723 0.121890 0.992419 -0.789700 0.000000 0.000000 0.000000 1.000000
0.999520 0.022715 -0.021050 0.072000 -0.025103 0.992313 -0.121184 7.257300 0.018135 0.121654 0.992407 -0.789700 0.000000 0.000000 0.000000 1.000000
0.999482 0.023559 -0.021916 0.072000 -0.026033 0.992372 -0.120500 7.257300 0.018910 0.121008 0.992471 -0.789700 0.000000 0.000000 0.000000 1.000000
0.999508 0.023534 -0.020720 0.072000 -0.025846 0.992498 -0.119498 7.257300 0.017752 0.119975 0.992618 -0.789700 0.000000 0.000000 0.000000 1.000000
0.999594 0.022231 -0.017811 0.072000 -0.024181 0.992720 -0.117994 7.257300 0.015058 0.118377 0.992855 -0.789700 0.000000 0.000000 0.000000 1.000000
0.999713 0.019832 -0.013418 0.072000 -0.021258 0.993003 -0.116164 7.257300 0.011020 0.116416 0.993139 -0.789700 0.000000 0.000000 0.000000 1.000000
0.999810 0.017341 -0.008920 0.072000 -0.018247 0.993285 -0.114247 7.257300 0.006879 0.114388 0.993412 -0.789700 0.000000 0.000000 0.000000 1.000000
0.999882 0.014758 -0.004261 0.072000 -0.015143 0.993549 -0.112388 7.257300 0.002575 0.112440 0.993655 -0.789700 0.000000 0.000000 0.000000 1.000000
0.999928 0.012039 -0.000158 0.072000 -0.011983 0.993834 -0.110228 7.257300 -0.001170 0.110222 0.993906 -0.789700 0.000000 0.000000 0.000000 1.000000
0.999953 0.009176 0.003019 0.072000 -0.008798 0.994162 -0.107539 7.257300 -0.003988 0.107507 0.994196 -0.789700 0.000000 0.000000 0.000000 1.000000
0.999964 0.006244 0.005666 0.072000 -0.005617 0.994504 -0.104543 7.257300 -0.006287 0.104508 0.994504 -0.789700 0.000000 0.000000 0.000000 1.000000
0.999962 0.003345 0.008093 0.072000 -0.002506 0.994832 -0.101508 7.257300 -0.008390 0.101484 0.994802 -0.789700 0.000000 0.000000 0.000000 1.000000
0.999946 0.000590 0.010421 0.072000 0.000441 0.995119 -0.098684 7.257300 -0.010429 0.098684 0.995064 -0.789700 0.000000 0.000000 0.000000 1.000000
0.999923 -0.001823 0.012235 0.072000 0.002993 0.995353 -0.096245 7.257300 -0.012003 0.096275 0.995282 -0.789700 0.000000 0.000000 0.000000 1.000000
0.997688 0.040861 0.054304 0.072000 -0.035469 0.994671 -0.096809 7.257300 -0.057970 0.094659 0.993820 -0.789700 0.000000 0.000000 0.000000 1.000000</float_array>
        <technique_common>
          <accessor source="#mixamorig_Spine-Matrix-animation-output-transform-array" count="111" stride="16">
            <param type="float4x4"/>
          </accessor>
        </technique_common>
      </source>
      <source id="mixamorig_Spine-Interpolations">
        <Name_array id="mixamorig_Spine-Interpolations-array" count="111">
 LINEAR LINEAR LINEAR LINEAR LINEAR LINEAR LINEAR LINEAR LINEAR LINEAR LINEAR
LINEAR LINEAR LINEAR LINEAR LINEAR LINEAR LINEAR LINEAR LINEAR LINEAR LINEAR LINEAR
LINEAR LINEAR LINEAR LINEAR LINEAR LINEAR LINEAR LINEAR LINEAR LINEAR LINEAR LINEAR
LINEAR LINEAR LINEAR LINEAR LINEAR LINEAR LINEAR LINEAR LINEAR LINEAR LINEAR LINEAR
LINEAR LINEAR LINEAR LINEAR LINEAR LINEAR LINEAR LINEAR LINEAR LINEAR LINEAR LINEAR
LINEAR LINEAR LINEAR LINEAR LINEAR LINEAR LINEAR LINEAR LINEAR LINEAR LINEAR LINEAR
LINEAR LINEAR LINEAR LINEAR LINEAR LINEAR LINEAR LINEAR LINEAR LINEAR LINEAR LINEAR
LINEAR LINEAR LINEAR LINEAR LINEAR LINEAR LINEAR LINEAR LINEAR LINEAR LINEAR LINEAR
LINEAR LINEAR LINEAR LINEAR LINEAR LINEAR LINEAR LINEAR LINEAR LINEAR LINEAR LINEAR
LINEAR LINEAR LINEAR LINEAR</Name_array>
        <technique_common>
