<?xml version="1.0" encoding="utf-8"?>
<COLLADA xmlns="http://www.collada.org/2005/11/COLLADASchema" version="1.4.1">
  <asset>
    <contributor>
      <author>Mixamo</author>
      <authoring_tool>COLLADA Mixamo exporter</authoring_tool>
      <comments/>
    </contributor>
    <created>2024-12-02T03:24:28Z</created>
    <modified>2024-12-02T03:24:28Z</modified>
    <revision/>
    <title/>
    <unit meter="0.010000"/>
    <up_axis>Y_UP</up_axis>
  </asset>
  <library_animations>
    <animation id="mixamorig_Hips-anim" name="mixamorig_Hips">
      <source id="mixamorig_Hips-Matrix-animation-input">
        <float_array id="mixamorig_Hips-Matrix-animation-input-array" count="54">

0.000000 0.033333 0.066667 0.100000 0.133333 0.166667 0.200000 0.233333 0.266667 0.300000 0.333333 0.366667 0.400000 0.433333 0.466667 0.500000
0.533333 0.566667 0.600000 0.633333 0.666667 0.700000 0.733333 0.766667 0.800000 0.833333 0.866667 0.900000 0.933333 0.966667 1.000000 1.033333
1.066667 1.100000 1.133333 1.166667 1.200000 1.233333 1.266667 1.300000 1.333333 1.366667 1.400000 1.433333 1.466667 1.500000 1.533333 1.566667
1.600000 1.633333 1.666667 1.700000 1.733333 1.766667</float_array>
        <technique_common>
          <accessor source="#mixamorig_Hips-Matrix-animation-input-array" count="54">
            <param name="TIME" type="float"/>
          </accessor>
        </technique_common>
      </source>
      <source id="mixamorig_Hips-Matrix-animation-output-transform">
        <float_array id="mixamorig_Hips-Matrix-animation-output-transform-array" count="864">

0.633755 -0.133388 -0.761947 -1.160496 0.049915 0.990019 -0.131797 95.828247 0.771922 0.045495 0.634087 0.508219 0.000000 0.000000 0.000000 1.000000
0.635299 -0.118361 -0.763142 -0.940232 0.043996 0.992127 -0.117250 95.602692 0.771012 0.040914 0.635505 0.851672 0.000000 0.000000 0.000000 1.000000
0.648009 -0.100443 -0.754980 -0.751856 0.037576 0.994275 -0.100027 95.259529 0.760705 0.036449 0.648074 1.142346 0.000000 0.000000 0.000000 1.000000
0.690483 -0.078563 -0.719070 -0.923004 0.024920 0.996078 -0.084898 94.833420 0.722920 0.040702 0.689732 1.223545 0.000000 0.000000 0.000000 1.000000
0.776761 -0.032324 -0.628966 -1.778575 -0.007543 0.998133 -0.060611 94.730606 0.629750 0.051825 0.775067 1.267215 0.000000 0.000000 0.000000 1.000000
0.873605 0.053427 -0.483694 -3.101158 -0.066890 0.997704 -0.010608 95.255737 0.482016 0.041622 0.875173 1.499840 0.000000 0.000000 0.000000 1.000000
0.939479 0.121347 -0.320396 -4.671084 -0.118240 0.992555 0.029212 95.665215 0.321556 0.010439 0.946833 2.264765 0.000000 0.000000 0.000000 1.000000
0.972482 0.146286 -0.181323 -6.057637 -0.139382 0.988959 0.050324 95.985397 0.186683 -0.023666 0.982135 3.184390 0.000000 0.000000 0.000000 1.000000
0.984720 0.148443 -0.091052 -7.182852 -0.144146 0.988183 0.052108 95.963951 0.097711 -0.038187 0.994482 3.851527 0.000000 0.000000 0.000000 1.000000
0.987902 0.150465 -0.037560 -7.849901 -0.148120 0.987213 0.058918 95.756783 0.045945 -0.052642 0.997556 4.620437 0.000000 0.000000 0.000000 1.000000
0.987326 0.153783 -0.039207 -8.362272 -0.151329 0.986700 0.059348 95.517761 0.047813 -0.052663 0.997467 5.238171 0.000000 0.000000 0.000000 1.000000
0.985815 0.161184 -0.046790 -8.605189 -0.158982 0.986138 0.047502 95.069397 0.053798 -0.039389 0.997775 5.887528 0.000000 0.000000 0.000000 1.000000
0.981819 0.189821 -0.000283 -8.645920 -0.189652 0.981005 0.040769 94.677780 0.008017 -0.039974 0.999169 6.676536 0.000000 0.000000 0.000000 1.000000
0.977120 0.209870 0.034507 -8.421788 -0.211368 0.976238 0.047772 94.349121 -0.023661 -0.053973 0.998262 7.137709 0.000000 0.000000 0.000000 1.000000
0.978948 0.203323 0.017910 -8.025503 -0.204040 0.977146 0.059612 94.195702 -0.005380 -0.062012 0.998061 7.447270 0.000000 0.000000 0.000000 1.000000
0.981015 0.193553 -0.012100 -7.575778 -0.192395 0.979186 0.064653 94.260124 0.024362 -0.061098 0.997834 7.614578 0.000000 0.000000 0.000000 1.000000
0.982728 0.180756 -0.039665 -7.148835 -0.177955 0.981860 0.065439 94.471413 0.050774 -0.057250 0.997068 7.647542 0.000000 0.000000 0.000000 1.000000
0.982974 0.165535 -0.079756 -6.826450 -0.160822 0.985014 0.062315 94.587746 0.088876 -0.048427 0.994865 7.413196 0.000000 0.000000 0.000000 1.000000
0.979747 0.148062 -0.134805 -6.542432 -0.141920 0.988396 0.054140 94.569550 0.141257 -0.033912 0.989392 6.811093 0.000000 0.000000 0.000000 1.000000
0.971890 0.130021 -0.196277 -6.208552 -0.123972 0.991360 0.042853 94.370766 0.200153 -0.017315 0.979612 5.882120 0.000000 0.000000 0.000000 1.000000
0.960869 0.111752 -0.253462 -5.716569 -0.106708 0.993722 0.033609 94.346077 0.255627 -0.005247 0.966761 4.970161 0.000000 0.000000 0.000000 1.000000
0.945115 0.091199 -0.313752 -5.178308 -0.087554 0.995828 0.025721 94.387489 0.314789 0.003161 0.949157 4.076520 0.000000 0.000000 0.000000 1.000000
0.923941 0.065317 -0.376918 -4.755659 -0.065144 0.997788 0.013220 94.266014 0.376948 0.012339 0.926152 2.906707 0.000000 0.000000 0.000000 1.000000
0.901513 0.040526 -0.430851 -4.423862 -0.046908 0.998890 -0.004192 94.260620 0.430203 0.023990 0.902413 1.734173 0.000000 0.000000 0.000000 1.000000
0.878181 0.016575 -0.478041 -4.159694 -0.029912 0.999346 -0.020301 94.342735 0.477392 0.032128 0.878103 0.747020 0.000000 0.000000 0.000000 1.000000
0.859093 -0.003521 -0.511808 -4.057406 -0.013974 0.999442 -0.030331 94.296234 0.511629 0.033210 0.858564 -0.164151 0.000000 0.000000 0.000000 1.000000
0.841471 -0.021911 -0.539858 -4.028566 0.001019 0.999240 -0.038967 94.204323 0.540301 0.032239 0.840854 -1.043760 0.000000 0.000000 0.000000 1.000000
0.818756 -0.041859 -0.572614 -3.978078 0.014550 0.998531 -0.052190 94.174095 0.573957 0.034399 0.818162 -1.887843 0.000000 0.000000 0.000000 1.000000
0.791214 -0.063672 -0.608216 -3.937390 0.026814 0.997221 -0.069514 94.108887 0.610951 0.038691 0.790722 -2.576982 0.000000 0.000000 0.000000 1.000000
0.767123 -0.083201 -0.636082 -3.938023 0.036639 0.995618 -0.086042 94.027191 0.640453 0.042699 0.766810 -3.115742 0.000000 0.000000 0.000000 1.000000
0.746190 -0.103198 -0.657685 -3.981216 0.048150 0.993691 -0.101291 93.941360 0.663989 0.043915 0.746452 -3.578534 0.000000 0.000000 0.000000 1.000000
0.726666 -0.123222 -0.675849 -4.041730 0.061901 0.991525 -0.114222 93.881195 0.684196 0.041166 0.728135 -3.984544 0.000000 0.000000 0.000000 1.000000
0.709527 -0.139188 -0.690795 -4.119594 0.073189 0.989553 -0.124211 93.926971 0.700867 0.037573 0.712302 -4.304097 0.000000 0.000000 0.000000 1.000000
0.695163 -0.151031 -0.702808 -4.207375 0.081767 0.987948 -0.131429 94.021339 0.714187 0.033898 0.699134 -4.427755 0.000000 0.000000 0.000000 1.000000
0.681171 -0.160622 -0.714288 -4.242494 0.087630 0.986510 -0.138269 94.054642 0.726862 0.031592 0.686057 -4.355459 0.000000 0.000000 0.000000 1.000000
0.666153 -0.167653 -0.726728 -4.210307 0.091458 0.985416 -0.143497 93.936562 0.740187 0.029126 0.671770 -4.094053 0.000000 0.000000 0.000000 1.000000
0.651795 -0.178107 -0.737184 -4.124295 0.098782 0.983689 -0.150324 93.784698 0.751934 0.025160 0.658758 -3.798829 0.000000 0.000000 0.000000 1.000000
0.644534 -0.184007 -0.742104 -3.981004 0.103363 0.982668 -0.153882 93.664894 0.757557 0.022476 0.652382 -3.544648 0.000000 0.000000 0.000000 1.000000
0.643300 -0.182878 -0.743452 -3.742544 0.100821 0.982832 -0.154523 93.505104 0.758946 0.024449 0.650694 -3.258530 0.000000 0.000000 0.000000 1.000000
0.640030 -0.181517 -0.746601 -3.488901 0.097768 0.983035 -0.155187 93.346924 0.762104 0.026331 0.646919 -3.046279 0.000000 0.000000 0.000000 1.000000
0.633241 -0.184638 -0.751608 -3.214938 0.098739 0.982464 -0.158160 93.121605 0.767631 0.025940 0.640367 -2.851530 0.000000 0.000000 0.000000 1.000000
0.629625 -0.184946 -0.754564 -2.919493 0.096950 0.982363 -0.159884 92.907440 0.770826 0.027512 0.636451 -2.639474 0.000000 0.000000 0.000000 1.000000
0.630303 -0.182489 -0.754597 -2.601575 0.093421 0.982746 -0.159631 92.764511 0.770708 0.030121 0.636476 -2.451863 0.000000 0.000000 0.000000 1.000000
0.631890 -0.179051 -0.754093 -2.303957 0.090869 0.983354 -0.157343 92.727867 0.769713 0.030900 0.637642 -2.272567 0.000000 0.000000 0.000000 1.000000
0.632677 -0.175635 -0.754236 -2.038548 0.087591 0.983922 -0.155646 92.761261 0.769446 0.032409 0.637889 -2.090163 0.000000 0.000000 0.000000 1.000000
0.633734 -0.172095 -0.754165 -1.808543 0.084236 0.984494 -0.153871 92.853424 0.768951 0.033985 0.638404 -1.884122 0.000000 0.000000 0.000000 1.000000
0.633844 -0.168776 -0.754822 -1.626079 0.081478 0.985042 -0.151833 93.008362 0.769158 0.034737 0.638114 -1.653027 0.000000 0.000000 0.000000 1.000000
0.633815 -0.165693 -0.755529 -1.477722 0.078058 0.985502 -0.150644 93.238892 0.769536 0.036505 0.637559 -1.409908 0.000000 0.000000 0.000000 1.000000
0.635182 -0.161348 -0.755322 -1.350529 0.074267 0.986164 -0.148205 93.580887 0.768784 0.038041 0.638376 -1.126924 0.000000 0.000000 0.000000 1.000000
0.636597 -0.155849 -0.755285 -1.252684 0.069449 0.986974 -0.145121 93.995834 0.768064 0.039929 0.639128 -0.809990 0.000000 0.000000 0.000000 1.000000
0.637574 -0.148726 -0.755897 -1.197836 0.063840 0.988013 -0.140549 94.437088 0.767740 0.041354 0.639426 -0.464843 0.000000 0.000000 0.000000 1.000000
0.637390 -0.142371 -0.757274 -1.178664 0.058358 0.988879 -0.136795 94.911636 0.768328 0.042998 0.638610 -0.118389 0.000000 0.000000 0.000000 1.000000
0.636304 -0.137184 -0.759143 -1.175675 0.054067 0.989572 -0.133506 95.396667 0.769541 0.043906 0.637086 0.198199 0.000000 0.000000 0.000000 1.000000
0.633755 -0.133388 -0.761947 -1.160512 0.049916 0.990019 -0.131797 95.828224 0.771922 0.045494 0.634087 0.508198 0.000000 0.000000 0.000000 1.000000</float_array>
        <technique_common>
          <accessor source="#mixamorig_Hips-Matrix-animation-output-transform-array" count="54" stride="16">
            <param type="float4x4"/>
          </accessor>
        </technique_common>
      </source>
      <source id="mixamorig_Hips-Interpolations">
        <Name_array id="mixamorig_Hips-Interpolations-array" count="54">
 LINEAR LINEAR LINEAR LINEAR LINEAR LINEAR LINEAR LINEAR LINEAR LINEAR LINEAR
LINEAR LINEAR LINEAR LINEAR LINEAR LINEAR LINEAR LINEAR LINEAR LINEAR LINEAR LINEAR
LINEAR LINEAR LINEAR LINEAR LINEAR LINEAR LINEAR LINEAR LINEAR LINEAR LINEAR LINEAR
LINEAR LINEAR LINEAR LINEAR LINEAR LINEAR LINEAR LINEAR LINEAR LINEAR LINEAR LINEAR
LINEAR LINEAR LINEAR LINEAR LINEAR LINEAR LINEAR</Name_array>
        <technique_common>
          <accessor source="#mixamorig_Hips-Interpolations-array" count="54">
            <param type="name"/>
          </accessor>
        </technique_common>
      </source>
      <sampler id="mixamorig_Hips-Matrix-animation-transform">
        <input semantic="INPUT" source="#mixamorig_Hips-Matrix-animation-input"/>
        <input semantic="OUTPUT" source="#mixamorig_Hips-Matrix-animation-output-transform"/>
        <input semantic="INTERPOLATION" source="#mixamorig_Hips-Interpolations"/>
      </sampler>
      <channel source="#mixamorig_Hips-Matrix-animation-transform" target="mixamorig_Hips/matrix"/>
    </animation>
    <animation id="mixamorig_Spine-anim" name="mixamorig_Spine">
      <source id="mixamorig_Spine-Matrix-animation-input">
        <float_array id="mixamorig_Spine-Matrix-animation-input-array" count="54">

0.000000 0.033333 0.066667 0.100000 0.133333 0.166667 0.200000 0.233333 0.266667 0.300000 0.333333 0.366667 0.400000 0.433333 0.466667 0.500000
0.533333 0.566667 0.600000 0.633333 0.666667 0.700000 0.733333 0.766667 0.800000 0.833333 0.866667 0.900000 0.933333 0.966667 1.000000 1.033333
1.066667 1.100000 1.133333 1.166667 1.200000 1.233333 1.266667 1.300000 1.333333 1.366667 1.400000 1.433333 1.466667 1.500000 1.533333 1.566667
1.600000 1.633333 1.666667 1.700000 1.733333 1.766667</float_array>
        <technique_common>
          <accessor source="#mixamorig_Spine-Matrix-animation-input-array" count="54">
            <param name="TIME" type="float"/>
          </accessor>
        </technique_common>
      </source>
      <source id="mixamorig_Spine-Matrix-animation-output-transform">
        <float_array id="mixamorig_Spine-Matrix-animation-output-transform-array" count="864">

0.997688 0.040860 0.054302 0.072000 -0.035468 0.994671 -0.096808 7.257300 -0.057969 0.094658 0.993821 -0.789700 0.000000 0.000000 0.000000 1.000000
0.997730 0.044198 0.050809 0.072000 -0.038782 0.993921 -0.103043 7.257300 -0.055054 0.100838 0.993378 -0.789700 0.000000 0.000000 0.000000 1.000000
0.997526 0.055469 0.043177 0.072000 -0.050161 0.992032 -0.115571 7.257300 -0.049243 0.113120 0.992360 -0.789700 0.000000 0.000000 0.000000 1.000000
0.996515 0.077629 0.030511 0.072000 -0.073833 0.991151 -0.110314 7.257300 -0.038805 0.107677 0.993428 -0.789700 0.000000 0.000000 0.000000 1.000000
0.995016 0.099344 0.008590 0.072000 -0.098055 0.990469 -0.096732 7.257300 -0.018118 0.095407 0.995273 -0.789700 0.000000 0.000000 0.000000 1.000000
0.993345 0.113843 -0.017466 0.072000 -0.115175 0.982387 -0.147139 7.257300 0.000408 0.148172 0.988962 -0.789700 0.000000 0.000000 0.000000 1.000000
0.990172 0.133478 -0.041740 0.072000 -0.139256 0.968554 -0.206181 7.257300 0.012907 0.209968 0.977623 -0.789700 0.000000 0.000000 0.000000 1.000000
0.984150 0.165882 -0.062704 0.072000 -0.176274 0.953720 -0.243609 7.257300 0.019391 0.250801 0.967844 -0.789700 0.000000 0.000000 0.000000 1.000000
0.980256 0.180112 -0.081593 0.072000 -0.195249 0.946875 -0.255550 7.257300 0.031231 0.266436 0.963347 -0.789700 0.000000 0.000000 0.000000 1.000000
0.981528 0.168305 -0.090970 0.072000 -0.187315 0.942153 -0.277960 7.257300 0.038925 0.289866 0.956275 -0.789700 0.000000 0.000000 0.000000 1.000000
0.980146 0.173388 -0.096181 0.072000 -0.194520 0.934853 -0.297005 7.257300 0.038418 0.309817 0.950020 -0.789700 0.000000 0.000000 0.000000 1.000000
0.979548 0.177730 -0.094324 0.072000 -0.198051 0.934393 -0.296117 7.257300 0.035507 0.308742 0.950483 -0.789700 0.000000 0.000000 0.000000 1.000000
0.982413 0.159305 -0.097397 0.072000 -0.181975 0.933716 -0.308316 7.257300 0.041825 0.320618 0.946285 -0.789700 0.000000 0.000000 0.000000 1.000000
0.984733 0.141329 -0.101620 0.072000 -0.166614 0.934298 -0.315162 7.257300 0.050402 0.327282 0.943582 -0.789700 0.000000 0.000000 0.000000 1.000000
0.981569 0.162024 -0.101341 0.072000 -0.186025 0.931542 -0.312449 7.257300 0.043779 0.325542 0.944513 -0.789700 0.000000 0.000000 0.000000 1.000000
0.980795 0.170583 -0.094565 0.072000 -0.191629 0.933093 -0.304329 7.257300 0.036325 0.316606 0.947861 -0.789700 0.000000 0.000000 0.000000 1.000000
0.981929 0.167535 -0.088015 0.072000 -0.186526 0.935363 -0.300508 7.257300 0.031980 0.311495 0.949710 -0.789700 0.000000 0.000000 0.000000 1.000000
0.982003 0.170773 -0.080660 0.072000 -0.187099 0.937884 -0.292178 7.257300 0.025754 0.302011 0.952957 -0.789700 0.000000 0.000000 0.000000 1.000000
0.982324 0.172374 -0.072979 0.072000 -0.186149 0.940567 -0.284048 7.257300 0.019679 0.292612 0.956029 -0.789700 0.000000 0.000000 0.000000 1.000000
0.983378 0.169500 -0.065101 0.072000 -0.181003 0.943472 -0.277667 7.257300 0.014356 0.284835 0.958469 -0.789700 0.000000 0.000000 0.000000 1.000000
0.985478 0.159506 -0.058236 0.072000 -0.169426 0.946537 -0.274522 7.257300 0.011335 0.280402 0.959816 -0.789700 0.000000 0.000000 0.000000 1.000000
0.987473 0.149672 -0.049954 0.072000 -0.157644 0.949360 -0.271778 7.257300 0.006747 0.276249 0.961063 -0.789700 0.000000 0.000000 0.000000 1.000000
0.988733 0.144182 -0.040230 0.072000 -0.149689 0.952084 -0.266702 7.257300 -0.000152 0.269719 0.962939 -0.789700 0.000000 0.000000 0.000000 1.000000
0.990528 0.133961 -0.030138 0.072000 -0.137194 0.956563 -0.257224 7.257300 -0.005629 0.258922 0.965882 -0.789700 0.000000 0.000000 0.000000 1.000000
0.991867 0.125532 -0.020994 0.072000 -0.126824 0.960934 -0.246013 7.257300 -0.010709 0.246675 0.969039 -0.789700 0.000000 0.000000 0.000000 1.000000
0.992819 0.118602 -0.015642 0.072000 -0.118825 0.962544 -0.243698 7.257300 -0.013847 0.243807 0.969725 -0.789700 0.000000 0.000000 0.000000 1.000000
0.993366 0.114407 -0.011581 0.072000 -0.113754 0.962948 -0.244522 7.257300 -0.016823 0.244218 0.969574 -0.789700 0.000000 0.000000 0.000000 1.000000
0.994076 0.108496 -0.006470 0.072000 -0.106859 0.964730 -0.240575 7.257300 -0.019860 0.239842 0.970609 -0.789700 0.000000 0.000000 0.000000 1.000000
0.994957 0.100297 0.000552 0.072000 -0.097492 0.968394 -0.229584 7.257300 -0.023561 0.228373 0.973289 -0.789700 0.000000 0.000000 0.000000 1.000000
0.996431 0.084216 0.005676 0.072000 -0.080957 0.972571 -0.218064 7.257300 -0.023885 0.216826 0.975918 -0.789700 0.000000 0.000000 0.000000 1.000000
0.997425 0.071053 0.009718 0.072000 -0.067533 0.976194 -0.206119 7.257300 -0.024132 0.204932 0.978479 -0.789700 0.000000 0.000000 0.000000 1.000000
0.997943 0.062473 0.014353 0.072000 -0.058414 0.978522 -0.197693 7.257300 -0.026395 0.196448 0.980159 -0.789700 0.000000 0.000000 0.000000 1.000000
0.998385 0.053644 0.018695 0.072000 -0.049145 0.980669 -0.189403 7.257300 -0.028494 0.188179 0.981721 -0.789700 0.000000 0.000000 0.000000 1.000000
0.998883 0.041460 0.022658 0.072000 -0.036668 0.982680 -0.181644 7.257300 -0.029797 0.180610 0.983103 -0.789700 0.000000 0.000000 0.000000 1.000000
0.999217 0.028891 0.027023 0.072000 -0.023772 0.984534 -0.173573 7.257300 -0.031620 0.172795 0.984450 -0.789700 0.000000 0.000000 0.000000 1.000000
0.999209 0.022398 0.032857 0.072000 -0.016612 0.985844 -0.166842 7.257300 -0.036129 0.166164 0.985436 -0.789700 0.000000 0.000000 0.000000 1.000000
0.998760 0.030348 0.039461 0.072000 -0.023799 0.987320 -0.156946 7.257300 -0.043724 0.155812 0.986819 -0.789700 0.000000 0.000000 0.000000 1.000000
0.998472 0.034051 0.043518 0.072000 -0.027154 0.988273 -0.150262 7.257300 -0.048124 0.148851 0.987688 -0.789700 0.000000 0.000000 0.000000 1.000000
0.998559 0.028333 0.045566 0.072000 -0.021162 0.988338 -0.150797 7.257300 -0.049307 0.149616 0.987514 -0.789700 0.000000 0.000000 0.000000 1.000000
0.998529 0.027417 0.046770 0.072000 -0.019974 0.988057 -0.152786 7.257300 -0.050400 0.151627 0.987152 -0.789700 0.000000 0.000000 0.000000 1.000000
0.998389 0.031333 0.047301 0.072000 -0.023945 0.988489 -0.149386 7.257300 -0.051438 0.148013 0.987647 -0.789700 0.000000 0.000000 0.000000 1.000000
0.998430 0.030794 0.046795 0.072000 -0.023729 0.989198 -0.144652 7.257300 -0.050744 0.143315 0.988375 -0.789700 0.000000 0.000000 0.000000 1.000000
0.998519 0.028424 0.046389 0.072000 -0.021520 0.989478 -0.143077 7.257300 -0.049968 0.141867 0.988624 -0.789700 0.000000 0.000000 0.000000 1.000000
0.998539 0.028320 0.046010 0.072000 -0.021510 0.989590 -0.142300 7.257300 -0.049561 0.141103 0.988754 -0.789700 0.000000 0.000000 0.000000 1.000000
0.998507 0.029295 0.046101 0.072000 -0.022544 0.989798 -0.140681 7.257300 -0.049752 0.139432 0.988981 -0.789700 0.000000 0.000000 0.000000 1.000000
0.998475 0.030379 0.046099 0.072000 -0.023683 0.989951 -0.139413 7.257300 -0.049871 0.138109 0.989161 -0.789700 0.000000 0.000000 0.000000 1.000000
0.998393 0.032678 0.046305 0.072000 -0.026161 0.990506 -0.134956 7.257300 -0.050275 0.133528 0.989769 -0.789700 0.000000 0.000000 0.000000 1.000000
0.998331 0.033719 0.046875 0.072000 -0.027415 0.991243 -0.129171 7.257300 -0.050820 0.127670 0.990514 -0.789700 0.000000 0.000000 0.000000 1.000000
0.998276 0.034736 0.047322 0.072000 -0.028633 0.991865 -0.124032 7.257300 -0.051246 0.122463 0.991149 -0.789700 0.000000 0.000000 0.000000 1.000000
0.998273 0.034057 0.047873 0.072000 -0.028166 0.992526 -0.118738 7.257300 -0.051559 0.117184 0.991771 -0.789700 0.000000 0.000000 0.000000 1.000000
0.998200 0.034228 0.049255 0.072000 -0.028439 0.993101 -0.113765 7.257300 -0.052810 0.112159 0.992286 -0.789700 0.000000 0.000000 0.000000 1.000000
0.998100 0.034749 0.050878 0.072000 -0.029121 0.993782 -0.107465 7.257300 -0.054296 0.105780 0.992906 -0.789700 0.000000 0.000000 0.000000 1.000000
0.997876 0.038286 0.052710 0.072000 -0.032778 0.994278 -0.101674 7.257300 -0.056301 0.099730 0.993420 -0.789700 0.000000 0.000000 0.000000 1.000000
0.997688 0.040861 0.054302 0.072000 -0.035468 0.994671 -0.096807 7.257300 -0.057968 0.094658 0.993821 -0.789700 0.000000 0.000000 0.000000 1.000000</float_array>
        <technique_common>
          <accessor source="#mixamorig_Spine-Matrix-animation-output-transform-array" count="54" stride="16">
            <param type="float4x4"/>
          </accessor>
        </technique_common>
      </source>
      <source id="mixamorig_Spine-Interpolations">
        <Name_array id="mixamorig_Spine-Interpolations-array" count="54">
 LINEAR LINEAR LINEAR LINEAR LINEAR LINEAR LINEAR LINEAR LINEAR LINEAR LINEAR
LINEAR LINEAR LINEAR LINEAR LINEAR LINEAR LINEAR LINEAR LINEAR LINEAR LINEAR LINEAR
LINEAR LINEAR LINEAR LINEAR LINEAR LINEAR LINEAR LINEAR LINEAR LINEAR LINEAR LINEAR
LINEAR LINEAR LINEAR LINEAR LINEAR LINEAR LINEAR LINEAR LINEAR LINEAR LINEAR LINEAR
LINEAR LINEAR LINEAR LINEAR LINEAR LINEAR LINEAR</Name_array>
        <technique_common>
          <accessor source="#mixamorig_Spine-Interpolations-array" count="54">
            <param type="name"/>
          </accessor>
        </technique_common>
      </source>
      <sampler id="mixamorig_Spine-Matrix-animation-transform">
        <input semantic="INPUT" source="#mixamorig_Spine-Matrix-animation-input"/>
        <input semantic="OUTPUT" source="#mixamorig_Spine-Matrix-animation-output-transform"/>
        <input semantic="INTERPOLATION" source="#mixamorig_Spine-Interpolations"/>
      </sampler>
      <channel source="#mixamorig_Spine-Matrix-animation-transform" target="mixamorig_Spine/matrix"/>
    </animation>
    <animation id="mixamorig_Spine1-anim" name="mixamorig_Spine1">
      <source id="mixamorig_Spine1-Matrix-animation-input">
        <float_array id="mixamorig_Spine1-Matrix-animation-input-array" count="54">

0.000000 0.033333 0.066667 0.100000 0.133333 0.166667 0.200000 0.233333 0.266667 0.300000 0.333333 0.366667 0.400000 0.433333 0.466667 0.500000
0.533333 0.566667 0.600000 0.633333 0.666667 0.700000 0.733333 0.766667 0.800000 0.833333 0.866667 0.900000 0.933333 0.966667 1.000000 1.033333
1.066667 1.100000 1.133333 1.166667 1.200000 1.233333 1.266667 1.300000 1.333333 1.366667 1.400000 1.433333 1.466667 1.500000 1.533333 1.566667
1.600000 1.633333 1.666667 1.700000 1.733333 1.766667</float_array>
        <technique_common>
          <accessor source="#mixamorig_Spine1-Matrix-animation-input-array" count="54">
            <param name="TIME" type="float"/>
          </accessor>
        </technique_common>
      </source>
      <source id="mixamorig_Spine1-Matrix-animation-output-transform">
        <float_array id="mixamorig_Spine1-Matrix-animation-output-transform-array" count="864">

0.992503 0.064835 0.103610 -0.000000 -0.053856 0.992964 -0.105459 8.558700 -0.109719 0.099089 0.989011 -0.000000 0.000000 0.000000 0.000000 1.000000
0.994043 0.054369 0.094460 0.000000 -0.044229 0.993349 -0.106313 8.558700 -0.099612 0.101502 0.989836 0.000000 0.000000 0.000000 0.000000 1.000000
0.996403 0.034671 0.077319 -0.000000 -0.026285 0.993917 -0.106949 8.558700 -0.080556 0.104532 0.991254 0.000000 0.000000 0.000000 0.000000 1.000000
0.998879 -0.000924 0.047317 0.000000 0.006492 0.993032 -0.117664 8.558700 -0.046879 0.117839 0.991926 0.000000 0.000000 0.000000 0.000000 1.000000
0.999325 -0.036523 0.003870 -0.000000 0.036723 0.991876 -0.121791 8.558700 0.000610 0.121851 0.992548 -0.000000 0.000000 0.000000 0.000000 1.000000
0.998100 -0.050521 -0.035276 -0.000000 0.047305 0.995109 -0.086725 8.558700 0.039485 0.084892 0.995607 0.000000 0.000000 0.000000 0.000000 1.000000
0.996776 -0.053714 -0.059601 -0.000000 0.051029 0.997651 -0.045693 8.558700 0.061916 0.042505 0.997176 0.000000 0.000000 0.000000 0.000000 1.000000
0.997152 -0.042425 -0.062351 -0.000000 0.041431 0.998994 -0.017143 8.558700 0.063015 0.014511 0.997907 0.000000 0.000000 0.000000 0.000000 1.000000
0.998224 0.001500 -0.059546 0.000000 -0.002102 0.999947 -0.010041 8.558700 0.059528 0.010149 0.998175 -0.000000 0.000000 0.000000 0.000000 1.000000
0.996935 0.063854 -0.045210 0.000000 -0.064652 0.997773 -0.016421 8.558700 0.044061 0.019293 0.998843 0.000000 0.000000 0.000000 0.000000 1.000000
0.992622 0.120531 -0.013160 0.000000 -0.120753 0.992527 -0.017586 8.558700 0.010942 0.019045 0.999759 -0.000000 0.000000 0.000000 0.000000 1.000000
0.986688 0.161929 0.015060 -0.000000 -0.161556 0.986588 -0.023331 8.558700 -0.018637 0.020588 0.999614 0.000000 0.000000 0.000000 0.000000 1.000000
0.985135 0.171616 0.007499 0.000000 -0.171244 0.984572 -0.035962 8.558700 -0.013555 0.034143 0.999325 -0.000000 0.000000 0.000000 0.000000 1.000000
0.982842 0.184411 -0.003845 0.000000 -0.184412 0.981990 -0.041087 8.558700 -0.003801 0.041091 0.999148 0.000000 0.000000 0.000000 0.000000 1.000000
0.983858 0.178921 0.003271 0.000000 -0.178628 0.983016 -0.042078 8.558700 -0.010744 0.040815 0.999109 0.000000 0.000000 0.000000 0.000000 1.000000
0.984862 0.172944 0.011738 0.000000 -0.172197 0.983881 -0.048226 8.558700 -0.019890 0.045475 0.998767 -0.000000 0.000000 0.000000 0.000000 1.000000
0.985300 0.170009 0.016727 0.000000 -0.168909 0.984181 -0.053458 8.558700 -0.025551 0.049847 0.998430 -0.000000 0.000000 0.000000 0.000000 1.000000
0.986237 0.164041 0.020647 -0.000000 -0.162457 0.984682 -0.063324 8.558700 -0.030719 0.059098 0.997779 0.000000 0.000000 0.000000 0.000000 1.000000
0.987132 0.157719 0.026354 -0.000000 -0.155643 0.985478 -0.067891 8.558700 -0.036679 0.062915 0.997345 -0.000000 0.000000 0.000000 0.000000 1.000000
0.987915 0.151668 0.031934 0.000000 -0.149147 0.986308 -0.070370 8.558700 -0.042170 0.064757 0.997010 0.000000 0.000000 0.000000 0.000000 1.000000
0.988007 0.150529 0.034395 -0.000000 -0.147594 0.986120 -0.076050 8.558700 -0.045366 0.070062 0.996511 -0.000000 0.000000 0.000000 0.000000 1.000000
0.987688 0.151193 0.040167 0.000000 -0.147438 0.985493 -0.084062 8.558700 -0.052294 0.077105 0.995651 0.000000 0.000000 0.000000 0.000000 1.000000
0.986935 0.152790 0.051122 0.000000 -0.147811 0.984906 -0.090068 8.558700 -0.064112 0.081335 0.994623 -0.000000 0.000000 0.000000 0.000000 1.000000
0.985715 0.156707 0.061722 0.000000 -0.150482 0.984025 -0.095132 8.558700 -0.075643 0.084485 0.993549 -0.000000 0.000000 0.000000 0.000000 1.000000
0.984822 0.158736 0.070202 0.000000 -0.151338 0.983362 -0.100481 8.558700 -0.084984 0.088332 0.992459 0.000000 0.000000 0.000000 0.000000 1.000000
0.985030 0.155521 0.074360 -0.000000 -0.147705 0.983853 -0.101076 8.558700 -0.088879 0.088580 0.992096 0.000000 0.000000 0.000000 0.000000 1.000000
0.985879 0.148640 0.077128 0.000000 -0.140802 0.985106 -0.098699 8.558700 -0.090650 0.086445 0.992124 -0.000000 0.000000 0.000000 0.000000 1.000000
0.986702 0.141679 0.079659 -0.000000 -0.133623 0.986103 -0.098725 8.558700 -0.092540 0.086767 0.991921 0.000000 0.000000 0.000000 0.000000 1.000000
0.987155 0.136090 0.083689 0.000000 -0.127466 0.986690 -0.100974 8.558700 -0.096316 0.089010 0.991363 0.000000 0.000000 0.000000 0.000000 1.000000
0.987170 0.135329 0.084738 0.000000 -0.126419 0.986623 -0.102920 8.558700 -0.097533 0.090887 0.991074 0.000000 0.000000 0.000000 0.000000 1.000000
0.987391 0.133788 0.084611 0.000000 -0.124781 0.986714 -0.104040 8.558700 -0.097407 0.092170 0.990968 0.000000 0.000000 0.000000 0.000000 1.000000
0.987417 0.131467 0.087891 0.000000 -0.122203 0.987086 -0.103578 8.558700 -0.100373 0.091534 0.990730 0.000000 0.000000 0.000000 0.000000 1.000000
0.987322 0.129811 0.091345 -0.000000 -0.120192 0.987295 -0.103933 8.558700 -0.103676 0.091637 0.990381 0.000000 0.000000 0.000000 0.000000 1.000000
0.987280 0.128033 0.094265 0.000000 -0.118115 0.987518 -0.104193 8.558700 -0.106428 0.091733 0.990080 0.000000 0.000000 0.000000 0.000000 1.000000
0.987377 0.124563 0.097826 0.000000 -0.114584 0.988189 -0.101752 8.558700 -0.109345 0.089259 0.989988 -0.000000 0.000000 0.000000 0.000000 1.000000
0.987261 0.120052 0.104420 0.000000 -0.110021 0.989180 -0.097048 8.558700 -0.114941 0.084323 0.989787 0.000000 0.000000 0.000000 0.000000 1.000000
0.988085 0.108068 0.109587 0.000000 -0.097974 0.990772 -0.093659 8.558700 -0.118698 0.081806 0.989555 -0.000000 0.000000 0.000000 0.000000 1.000000
0.988837 0.099100 0.111264 0.000000 -0.089044 0.991771 -0.091984 8.558700 -0.119464 0.081050 0.989525 0.000000 0.000000 0.000000 0.000000 1.000000
0.989472 0.092843 0.111020 0.000000 -0.082914 0.992399 -0.090937 8.558700 -0.118619 0.080775 0.989649 -0.000000 0.000000 0.000000 0.000000 1.000000
0.990107 0.086888 0.110171 0.000000 -0.077058 0.992906 -0.090548 8.558700 -0.117257 0.081163 0.989779 0.000000 0.000000 0.000000 0.000000 1.000000
0.990582 0.083222 0.108722 0.000000 -0.073234 0.992984 -0.092838 8.558700 -0.115686 0.084002 0.989727 0.000000 0.000000 0.000000 0.000000 1.000000
0.991096 0.081192 0.105527 0.000000 -0.070869 0.992645 -0.098150 8.558700 -0.112720 0.089798 0.989561 0.000000 0.000000 0.000000 0.000000 1.000000
0.991482 0.079631 0.103067 -0.000000 -0.068888 0.992200 -0.103894 8.558700 -0.110537 0.095909 0.989234 0.000000 0.000000 0.000000 0.000000 1.000000
0.991628 0.079815 0.101502 -0.000000 -0.068712 0.991714 -0.108542 8.558700 -0.109324 0.100659 0.988896 -0.000000 0.000000 0.000000 0.000000 1.000000
0.991732 0.079489 0.100748 0.000000 -0.068112 0.991402 -0.111728 8.558700 -0.108763 0.103942 0.988619 0.000000 0.000000 0.000000 0.000000 1.000000
0.991819 0.079290 0.100041 0.000000 -0.067909 0.991334 -0.112449 8.558700 -0.108090 0.104735 0.988609 -0.000000 0.000000 0.000000 0.000000 1.000000
0.991907 0.079116 0.099305 -0.000000 -0.067702 0.991232 -0.113472 8.558700 -0.107412 0.105831 0.988566 0.000000 0.000000 0.000000 0.000000 1.000000
0.991923 0.078930 0.099287 0.000000 -0.067530 0.991256 -0.113366 8.558700 -0.107367 0.105746 0.988580 0.000000 0.000000 0.000000 0.000000 1.000000
0.992107 0.077443 0.098626 0.000000 -0.066220 0.991457 -0.112376 8.558700 -0.106486 0.104958 0.988759 -0.000000 0.000000 0.000000 0.000000 1.000000
0.992196 0.076547 0.098429 -0.000000 -0.065434 0.991601 -0.111562 8.558700 -0.106143 0.104251 0.988871 -0.000000 0.000000 0.000000 0.000000 1.000000
0.992308 0.073959 0.099267 0.000000 -0.062841 0.991853 -0.110806 8.558700 -0.106653 0.103715 0.988872 0.000000 0.000000 0.000000 0.000000 1.000000
0.992350 0.071542 0.100615 -0.000000 -0.060403 0.992128 -0.109701 8.558700 -0.107671 0.102785 0.988859 0.000000 0.000000 0.000000 0.000000 1.000000
0.992454 0.067915 0.102089 -0.000000 -0.056819 0.992534 -0.107923 8.558700 -0.108656 0.101308 0.988904 0.000000 0.000000 0.000000 0.000000 1.000000
0.992503 0.064835 0.103610 0.000000 -0.053856 0.992964 -0.105459 8.558700 -0.109719 0.099089 0.989011 0.000000 0.000000 0.000000 0.000000 1.000000</float_array>
        <technique_common>
          <accessor source="#mixamorig_Spine1-Matrix-animation-output-transform-array" count="54" stride="16">
            <param type="float4x4"/>
          </accessor>
        </technique_common>
      </source>
      <source id="mixamorig_Spine1-Interpolations">
        <Name_array id="mixamorig_Spine1-Interpolations-array" count="54">
 LINEAR LINEAR LINEAR LINEAR LINEAR LINEAR LINEAR LINEAR LINEAR LINEAR LINEAR
LINEAR LINEAR LINEAR LINEAR LINEAR LINEAR LINEAR LINEAR LINEAR LINEAR LINEAR LINEAR
LINEAR LINEAR LINEAR LINEAR LINEAR LINEAR LINEAR LINEAR LINEAR LINEAR LINEAR LINEAR
LINEAR LINEAR LINEAR LINEAR LINEAR LINEAR LINEAR LINEAR LINEAR LINEAR LINEAR LINEAR
LINEAR LINEAR LINEAR LINEAR LINEAR LINEAR LINEAR</Name_array>
        <technique_common>
          <accessor source="#mixamorig_Spine1-Interpolations-array" count="54">
            <param type="name"/>
          </accessor>
        </technique_common>
      </source>
      <sampler id="mixamorig_Spine1-Matrix-animation-transform">
        <input semantic="INPUT" source="#mixamorig_Spine1-Matrix-animation-input"/>
        <input semantic="OUTPUT" source="#mixamorig_Spine1-Matrix-animation-output-transform"/>
        <input semantic="INTERPOLATION" source="#mixamorig_Spine1-Interpolations"/>
      </sampler>
      <channel source="#mixamorig_Spine1-Matrix-animation-transform" target="mixamorig_Spine1/matrix"/>
    </animation>
    <animation id="mixamorig_Spine2-anim" name="mixamorig_Spine2">
      <source id="mixamorig_Spine2-Matrix-animation-input">
        <float_array id="mixamorig_Spine2-Matrix-animation-input-array" count="54">

0.000000 0.033333 0.066667 0.100000 0.133333 0.166667 0.200000 0.233333 0.266667 0.300000 0.333333 0.366667 0.400000 0.433333 0.466667 0.500000
0.533333 0.566667 0.600000 0.633333 0.666667 0.700000 0.733333 0.766667 0.800000 0.833333 0.866667 0.900000 0.933333 0.966667 1.000000 1.033333
1.066667 1.100000 1.133333 1.166667 1.200000 1.233333 1.266667 1.300000 1.333333 1.366667 1.400000 1.433333 1.466667 1.500000 1.533333 1.566667
1.600000 1.633333 1.666667 1.700000 1.733333 1.766667</float_array>
        <technique_common>
          <accessor source="#mixamorig_Spine2-Matrix-animation-input-array" count="54">
            <param name="TIME" type="float"/>
          </accessor>
        </technique_common>
      </source>
      <source id="mixamorig_Spine2-Matrix-animation-output-transform">
        <float_array id="mixamorig_Spine2-Matrix-animation-output-transform-array" count="864">

0.992503 0.052817 0.110222 0.000000 -0.053813 0.998533 0.006080 29.149500 -0.109740 -0.011966 0.993888 1.721100 0.000000 0.000000 0.000000 1.000000
0.993945 0.042181 0.101460 0.000000 -0.042861 0.999071 0.004525 29.149500 -0.101175 -0.008846 0.994829 1.721100 0.000000 0.000000 0.000000 1.000000
0.996109 0.022062 0.085324 -0.000000 -0.022322 0.999749 0.002096 29.149500 -0.085256 -0.003992 0.996351 1.721100 0.000000 0.000000 0.000000 1.000000
0.998306 -0.012316 0.056856 0.000000 0.013037 0.999839 -0.012329 29.149500 -0.056695 0.013050 0.998306 1.721100 0.000000 0.000000 0.000000 1.000000
0.998858 -0.045674 0.014039 -0.000000 0.045971 0.998710 -0.021578 29.149500 -0.013036 0.022199 0.999669 1.721100 0.000000 0.000000 0.000000 1.000000
0.997683 -0.063639 -0.024052 0.000000 0.063862 0.997922 0.008600 29.149500 0.023455 -0.010116 0.999674 1.721100 0.000000 0.000000 0.000000 1.000000
0.996226 -0.072542 -0.047663 0.000000 0.074692 0.996191 0.044994 29.149500 0.044218 -0.048384 0.997850 1.721100 0.000000 0.000000 0.000000 1.000000
0.996599 -0.065168 -0.050425 -0.000000 0.068678 0.995084 0.071345 29.149500 0.045528 -0.074566 0.996176 1.721100 0.000000 0.000000 0.000000 1.000000
0.998621 -0.022966 -0.047201 -0.000000 0.026690 0.996449 0.079853 29.149500 0.045200 -0.081003 0.995688 1.721100 0.000000 0.000000 0.000000 1.000000
0.998794 0.037619 -0.031556 0.000000 -0.035103 0.996427 0.076821 29.149500 0.034333 -0.075620 0.996545 1.721100 0.000000 0.000000 0.000000 1.000000
0.995661 0.093047 0.000686 -0.000000 -0.092818 0.992627 0.077956 29.149500 0.006572 -0.077681 0.996957 1.721100 0.000000 0.000000 0.000000 1.000000
0.990545 0.133897 0.029872 0.000000 -0.135759 0.988056 0.072902 29.149500 -0.019754 -0.076268 0.996892 1.721100 0.000000 0.000000 0.000000 1.000000
0.989453 0.142939 0.023461 0.000000 -0.144102 0.987793 0.059151 29.149500 -0.014720 -0.061908 0.997973 1.721100 0.000000 0.000000 0.000000 1.000000
0.987764 0.155479 0.012209 0.000000 -0.155912 0.986347 0.053018 29.149500 -0.003799 -0.054272 0.998519 1.721100 0.000000 0.000000 0.000000 1.000000
0.988475 0.150096 0.019707 0.000000 -0.150941 0.987145 0.052544 29.149500 -0.011567 -0.054913 0.998424 1.721100 0.000000 0.000000 0.000000 1.000000
0.989104 0.144348 0.028914 0.000000 -0.145596 0.988221 0.047129 29.149500 -0.021771 -0.050826 0.998470 1.721100 0.000000 0.000000 0.000000 1.000000
0.989323 0.141712 0.034039 0.000000 -0.143097 0.988799 0.042432 29.149500 -0.027644 -0.046850 0.998519 1.721100 0.000000 0.000000 0.000000 1.000000
0.989928 0.136186 0.038689 0.000000 -0.137488 0.989946 0.033228 29.149500 -0.033774 -0.038212 0.998699 1.721100 0.000000 0.000000 0.000000 1.000000
0.990465 0.130367 0.044541 -0.000000 -0.131742 0.990847 0.029448 29.149500 -0.040294 -0.035035 0.998573 1.721100 0.000000 0.000000 0.000000 1.000000
0.990920 0.124884 0.049819 0.000000 -0.126364 0.991596 0.027754 29.149500 -0.045934 -0.033797 0.998373 1.721100 0.000000 0.000000 0.000000 1.000000
0.990878 0.124412 0.051800 -0.000000 -0.125712 0.991809 0.022632 29.149500 -0.048560 -0.028937 0.998401 1.721100 0.000000 0.000000 0.000000 1.000000
0.990416 0.125788 0.057038 0.000000 -0.126848 0.991803 0.015345 29.149500 -0.054640 -0.022433 0.998254 1.721100 0.000000 0.000000 0.000000 1.000000
0.989475 0.128113 0.067277 0.000000 -0.129084 0.991580 0.010274 29.149500 -0.065395 -0.018850 0.997681 1.721100 0.000000 0.000000 0.000000 1.000000
0.988148 0.132774 0.077041 0.000000 -0.133629 0.991013 0.006033 29.149500 -0.075547 -0.016257 0.997010 1.721100 0.000000 0.000000 0.000000 1.000000
0.987125 0.135603 0.084827 0.000000 -0.136218 0.990678 0.001472 29.149500 -0.083837 -0.013008 0.996395 1.721100 0.000000 0.000000 0.000000 1.000000
0.987192 0.133229 0.087763 -0.000000 -0.133894 0.990994 0.001704 29.149500 -0.086745 -0.013433 0.996140 1.721100 0.000000 0.000000 0.000000 1.000000
0.987861 0.127170 0.089211 0.000000 -0.128120 0.991746 0.004981 29.149500 -0.087841 -0.016350 0.996000 1.721100 0.000000 0.000000 0.000000 1.000000
0.988493 0.121017 0.090759 0.000000 -0.122044 0.992508 0.005831 29.149500 -0.089373 -0.016841 0.995856 1.721100 0.000000 0.000000 0.000000 1.000000
0.988749 0.116274 0.094107 0.000000 -0.117209 0.993097 0.004446 29.149500 -0.092941 -0.015427 0.995552 1.721100 0.000000 0.000000 0.000000 1.000000
0.988738 0.116291 0.094196 0.000000 -0.117121 0.993112 0.003318 29.149500 -0.093162 -0.014313 0.995548 1.721100 0.000000 0.000000 0.000000 1.000000
0.988921 0.115521 0.093226 -0.000000 -0.116309 0.993208 0.003047 29.149500 -0.092241 -0.013856 0.995640 1.721100 0.000000 0.000000 0.000000 1.000000
0.988876 0.113916 0.095641 0.000000 -0.114855 0.993373 0.004358 29.149500 -0.094511 -0.015295 0.995406 1.721100 0.000000 0.000000 0.000000 1.000000
0.988731 0.112933 0.098275 0.000000 -0.113954 0.993474 0.004824 29.149500 -0.097089 -0.015969 0.995148 1.721100 0.000000 0.000000 0.000000 1.000000
0.988657 0.111750 0.100344 -0.000000 -0.112857 0.993596 0.005408 29.149500 -0.099097 -0.016671 0.994938 1.721100 0.000000 0.000000 0.000000 1.000000
0.988694 0.108834 0.103151 0.000000 -0.110308 0.993860 0.008674 29.149500 -0.101573 -0.019954 0.994628 1.721100 0.000000 0.000000 0.000000 1.000000
0.988472 0.104862 0.109213 0.000000 -0.107012 0.994159 0.013998 29.149500 -0.107108 -0.025523 0.993920 1.721100 0.000000 0.000000 0.000000 1.000000
0.989003 0.093522 0.114572 0.000000 -0.096159 0.995209 0.017692 29.149500 -0.112368 -0.028514 0.993257 1.721100 0.000000 0.000000 0.000000 1.000000
0.989571 0.085013 0.116283 0.000000 -0.087869 0.995938 0.019650 29.149500 -0.114140 -0.029662 0.993022 1.721100 0.000000 0.000000 0.000000 1.000000
0.990138 0.078918 0.115754 0.000000 -0.081881 0.996419 0.021067 29.149500 -0.113677 -0.030337 0.993054 1.721100 0.000000 0.000000 0.000000 1.000000
0.990699 0.073031 0.114813 -0.000000 -0.075993 0.996874 0.021632 29.149500 -0.112875 -0.030156 0.993152 1.721100 0.000000 0.000000 0.000000 1.000000
0.991092 0.069527 0.113593 -0.000000 -0.072166 0.997206 0.019285 29.149500 -0.111935 -0.027311 0.993340 1.721100 0.000000 0.000000 0.000000 1.000000
0.991557 0.067647 0.110628 -0.000000 -0.069607 0.997477 0.013943 29.149500 -0.109406 -0.021526 0.993764 1.721100 0.000000 0.000000 0.000000 1.000000
0.991918 0.066160 0.108269 0.000000 -0.067442 0.997689 0.008212 29.149500 -0.107476 -0.015448 0.994088 1.721100 0.000000 0.000000 0.000000 1.000000
0.992062 0.066405 0.106791 -0.000000 -0.067165 0.997736 0.003532 29.149500 -0.106315 -0.010677 0.994275 1.721100 0.000000 0.000000 0.000000 1.000000
0.992146 0.066164 0.106156 0.000000 -0.066571 0.997782 0.000291 29.149500 -0.105901 -0.007355 0.994349 1.721100 0.000000 0.000000 0.000000 1.000000
