<?xml version="1.0" encoding="utf-8"?>
<COLLADA xmlns="http://www.collada.org/2005/11/COLLADASchema" version="1.4.1">
  <asset>
    <contributor>
      <author>Mixamo</author>
      <authoring_tool>COLLADA Mixamo exporter</authoring_tool>
      <comments/>
    </contributor>
    <created>2024-12-02T03:09:38Z</created>
    <modified>2024-12-02T03:09:38Z</modified>
    <revision/>
    <title/>
    <unit meter="0.010000"/>
    <up_axis>Y_UP</up_axis>
  </asset>
  <library_animations>
    <animation id="mixamorig_Hips-anim" name="mixamorig_Hips">
      <source id="mixamorig_Hips-Matrix-animation-input">
        <float_array id="mixamorig_Hips-Matrix-animation-input-array" count="76">

0.000000 0.033333 0.066667 0.100000 0.133333 0.166667 0.200000 0.233333 0.266667 0.300000 0.333333 0.366667 0.400000 0.433333 0.466667 0.500000
0.533333 0.566667 0.600000 0.633333 0.666667 0.700000 0.733333 0.766667 0.800000 0.833333 0.866667 0.900000 0.933333 0.966667 1.000000 1.033333
1.066667 1.100000 1.133333 1.166667 1.200000 1.233333 1.266667 1.300000 1.333333 1.366667 1.400000 1.433333 1.466667 1.500000 1.533333 1.566667
1.600000 1.633333 1.666667 1.700000 1.733333 1.766667 1.800000 1.833333 1.866667 1.900000 1.933333 1.966667 2.000000 2.033333 2.066667 2.100000
2.133333 2.166667 2.200000 2.233333 2.266667 2.300000 2.333333 2.366667 2.400000 2.433333 2.466667 2.500000</float_array>
        <technique_common>
          <accessor source="#mixamorig_Hips-Matrix-animation-input-array" count="76">
            <param name="TIME" type="float"/>
          </accessor>
        </technique_common>
      </source>
      <source id="mixamorig_Hips-Matrix-animation-output-transform">
        <float_array id="mixamorig_Hips-Matrix-animation-output-transform-array" count="1216">

0.633755 -0.133388 -0.761947 -1.160512 0.049916 0.990019 -0.131797 95.828255 0.771922 0.045494 0.634087 0.508206 0.000000 0.000000 0.000000 1.000000
0.628672 -0.117021 -0.768816 -0.549839 0.042765 0.992320 -0.116072 95.278801 0.776494 0.040093 0.628848 0.825125 0.000000 0.000000 0.000000 1.000000
0.635763 -0.093603 -0.766188 0.865482 0.029233 0.994828 -0.097279 94.424454 0.771330 0.039449 0.635211 1.435119 0.000000 0.000000 0.000000 1.000000
0.643659 -0.068455 -0.762244 2.960439 0.017126 0.997031 -0.075079 93.846611 0.765120 0.035271 0.642921 2.170153 0.000000 0.000000 0.000000 1.000000
0.633139 -0.054206 -0.772138 5.573791 -0.002238 0.997413 -0.071856 92.899025 0.774035 0.047222 0.631379 2.908304 0.000000 0.000000 0.000000 1.000000
0.591354 -0.038929 -0.805472 8.638705 -0.037899 0.996389 -0.075981 93.725906 0.805521 0.075458 0.587743 3.909182 0.000000 0.000000 0.000000 1.000000
0.479376 -0.014712 -0.877486 12.037077 -0.110377 0.990909 -0.076913 95.554222 0.870641 0.133725 0.473394 5.467997 0.000000 0.000000 0.000000 1.000000
0.307417 -0.039868 -0.950739 14.313992 -0.194523 0.975390 -0.103800 97.409935 0.931480 0.216851 0.292096 7.631457 0.000000 0.000000 0.000000 1.000000
0.178690 -0.076219 -0.980949 16.859550 -0.264109 0.956689 -0.122444 99.475815 0.947796 0.280957 0.150820 11.103463 0.000000 0.000000 0.000000 1.000000
0.178250 -0.118721 -0.976797 19.702314 -0.287370 0.943136 -0.167071 100.431732 0.941087 0.310483 0.133997 15.362274 0.000000 0.000000 0.000000 1.000000
0.138355 -0.152398 -0.978587 20.682547 -0.315904 0.929685 -0.189446 100.986336 0.938649 0.335350 0.080484 20.235853 0.000000 0.000000 0.000000 1.000000
0.034892 -0.174578 -0.984025 19.714567 -0.345939 0.921644 -0.175777 101.774170 0.937608 0.346546 -0.028235 24.294937 0.000000 0.000000 0.000000 1.000000
-0.103042 -0.192887 -0.975796 17.560509 -0.357562 0.922624 -0.144619 103.340286 0.928187 0.334006 -0.164038 28.050524 0.000000 0.000000 0.000000 1.000000
-0.252857 -0.199067 -0.946803 15.006279 -0.359508 0.927867 -0.099074 105.433083 0.898230 0.315332 -0.306184 31.101181 0.000000 0.000000 0.000000 1.000000
-0.413582 -0.193510 -0.889665 12.337595 -0.370600 0.928320 -0.029636 107.769829 0.831628 0.317453 -0.455652 32.989727 0.000000 0.000000 0.000000 1.000000
-0.577783 -0.197090 -0.792037 10.110638 -0.368927 0.928680 0.038036 110.361168 0.728052 0.314180 -0.609287 33.620838 0.000000 0.000000 0.000000 1.000000
-0.736571 -0.197393 -0.646916 8.088568 -0.335944 0.936913 0.096623 112.947952 0.587031 0.288497 -0.756415 33.431801 0.000000 0.000000 0.000000 1.000000
-0.877798 -0.189896 -0.439785 6.575167 -0.281556 0.947277 0.152949 114.703430 0.387553 0.258082 -0.884984 32.369442 0.000000 0.000000 0.000000 1.000000
-0.964052 -0.175400 -0.199595 5.925635 -0.216142 0.954573 0.205115 115.271614 0.154551 0.240882 -0.958170 31.409296 0.000000 0.000000 0.000000 1.000000
-0.985880 -0.161214 0.045291 5.831275 -0.145439 0.958405 0.245576 114.715088 -0.082997 0.235521 -0.968319 30.952847 0.000000 0.000000 0.000000 1.000000
-0.951266 -0.149618 0.269643 5.849721 -0.073996 0.959614 0.271415 113.144669 -0.299362 0.238235 -0.923919 30.782915 0.000000 0.000000 0.000000 1.000000
-0.857408 -0.142602 0.494487 6.273937 0.002625 0.959619 0.281289 110.340660 -0.514631 0.242477 -0.822411 30.541021 0.000000 0.000000 0.000000 1.000000
-0.703496 -0.135349 0.697692 6.859067 0.082448 0.959527 0.269277 107.120064 -0.705901 0.246958 -0.663864 30.245609 0.000000 0.000000 0.000000 1.000000
-0.494627 -0.132279 0.858980 7.321676 0.145083 0.961914 0.231674 103.894073 -0.856910 0.239216 -0.456597 30.185602 0.000000 0.000000 0.000000 1.000000
-0.249300 -0.115230 0.961547 6.926530 0.153898 0.975564 0.156811 100.749710 -0.956120 0.187073 -0.225474 30.871166 0.000000 0.000000 0.000000 1.000000
-0.019556 -0.040255 0.998998 5.264675 0.124765 0.991281 0.042387 98.649712 -0.991994 0.125469 -0.014363 32.247326 0.000000 0.000000 0.000000 1.000000
0.136369 0.057655 0.988979 3.637291 0.117746 0.990285 -0.073967 95.129700 -0.983636 0.126535 0.128255 34.163132 0.000000 0.000000 0.000000 1.000000
0.277673 0.137886 0.950729 1.614845 0.108218 0.978857 -0.173572 90.872520 -0.954561 0.151082 0.256880 34.372410 0.000000 0.000000 0.000000 1.000000
0.403863 0.206458 0.891218 1.501483 0.095108 0.959446 -0.265363 87.493797 -0.909862 0.191933 0.367849 32.750862 0.000000 0.000000 0.000000 1.000000
0.493274 0.271336 0.826473 3.657262 0.092333 0.928407 -0.359909 85.356094 -0.864960 0.253845 0.432906 32.338955 0.000000 0.000000 0.000000 1.000000
0.535597 0.347112 0.769837 6.263908 0.090698 0.882699 -0.461103 85.081482 -0.839589 0.316788 0.441289 33.285141 0.000000 0.000000 0.000000 1.000000
0.578850 0.398428 0.711468 8.460438 0.083682 0.838871 -0.537859 85.742752 -0.811129 0.370877 0.452240 34.297409 0.000000 0.000000 0.000000 1.000000
0.627618 0.386702 0.675690 10.131458 0.072900 0.834909 -0.545539 87.140739 -0.775101 0.391648 0.495813 35.297630 0.000000 0.000000 0.000000 1.000000
0.685945 0.350223 0.637827 11.158221 0.052628 0.850380 -0.523531 89.403824 -0.725748 0.392681 0.564882 36.214073 0.000000 0.000000 0.000000 1.000000
0.741289 0.322423 0.588672 12.185741 0.036858 0.856183 -0.515356 92.557632 -0.670173 0.403725 0.622795 37.238083 0.000000 0.000000 0.000000 1.000000
0.785458 0.274602 0.554662 13.285885 0.032148 0.876873 -0.479646 95.939308 -0.618079 0.394573 0.679919 38.159504 0.000000 0.000000 0.000000 1.000000
0.820966 0.227289 0.523789 14.364630 0.023853 0.902902 -0.429185 98.639420 -0.570478 0.364840 0.735830 38.506569 0.000000 0.000000 0.000000 1.000000
0.846137 0.191107 0.497525 15.245201 0.013440 0.925553 -0.378378 100.368690 -0.532797 0.326847 0.780576 38.822659 0.000000 0.000000 0.000000 1.000000
0.867324 0.154080 0.473295 15.537786 0.011245 0.944573 -0.328109 101.321762 -0.497617 0.289899 0.817518 39.542889 0.000000 0.000000 0.000000 1.000000
0.886349 0.108077 0.450228 15.312579 0.023185 0.960797 -0.276281 101.996063 -0.462437 0.255320 0.849096 39.950993 0.000000 0.000000 0.000000 1.000000
0.907529 0.068754 0.414325 14.924088 0.029582 0.973595 -0.226356 102.451653 -0.418947 0.217681 0.881532 40.052277 0.000000 0.000000 0.000000 1.000000
0.932468 0.042623 0.358730 14.987135 0.028432 0.981276 -0.190495 102.540321 -0.360132 0.187830 0.913797 40.189152 0.000000 0.000000 0.000000 1.000000
0.960100 0.023676 0.278654 15.417157 0.024119 0.985687 -0.166854 103.036263 -0.278616 0.166917 0.945786 40.070923 0.000000 0.000000 0.000000 1.000000
0.980463 0.014434 0.196173 15.817581 0.018288 0.986296 -0.163970 104.380966 -0.195851 0.164354 0.966763 39.245110 0.000000 0.000000 0.000000 1.000000
0.991448 0.005400 0.130394 15.934029 0.017319 0.984862 -0.172473 105.213470 -0.129351 0.173257 0.976345 37.368454 0.000000 0.000000 0.000000 1.000000
0.996655 -0.005814 0.081516 16.176470 0.019992 0.984506 -0.174208 105.497948 -0.079240 0.175255 0.981329 34.872784 0.000000 0.000000 0.000000 1.000000
0.999947 -0.010218 -0.001353 16.681393 0.009863 0.986681 -0.162367 106.360703 0.002994 0.162345 0.986730 32.161541 0.000000 0.000000 0.000000 1.000000
0.990786 -0.008707 -0.135157 16.977167 -0.012196 0.988141 -0.153064 107.190468 0.134887 0.153303 0.978930 29.629881 0.000000 0.000000 0.000000 1.000000
0.965874 -0.007966 -0.258890 16.816425 -0.029606 0.989580 -0.140905 107.638489 0.257315 0.143761 0.955574 27.306004 0.000000 0.000000 0.000000 1.000000
0.938825 -0.009732 -0.344258 16.472490 -0.036009 0.991348 -0.126223 108.009766 0.342508 0.130897 0.930352 24.880054 0.000000 0.000000 0.000000 1.000000
0.908115 -0.012130 -0.418545 15.881857 -0.035914 0.993640 -0.106720 108.373833 0.417177 0.111946 0.901904 22.505003 0.000000 0.000000 0.000000 1.000000
0.873778 -0.009748 -0.486227 14.991019 -0.038209 0.995333 -0.088617 108.440231 0.484821 0.096010 0.869328 20.320242 0.000000 0.000000 0.000000 1.000000
0.836914 -0.006311 -0.547298 13.830230 -0.040760 0.996438 -0.073819 108.253525 0.545814 0.084088 0.833676 18.453547 0.000000 0.000000 0.000000 1.000000
0.798857 0.001941 -0.601518 12.457962 -0.045728 0.997297 -0.057511 107.926582 0.599780 0.073449 0.796787 16.911718 0.000000 0.000000 0.000000 1.000000
0.759345 0.010570 -0.650602 10.983653 -0.051130 0.997746 -0.043467 107.566345 0.648676 0.066272 0.758174 15.880298 0.000000 0.000000 0.000000 1.000000
0.721307 0.016341 -0.692422 9.373130 -0.057472 0.997686 -0.036324 107.007370 0.690227 0.065996 0.720577 15.023466 0.000000 0.000000 0.000000 1.000000
0.684133 0.017532 -0.729146 7.462937 -0.058837 0.997779 -0.031213 105.831795 0.726980 0.064255 0.683646 13.660257 0.000000 0.000000 0.000000 1.000000
0.657767 0.008799 -0.753170 5.606802 -0.057556 0.997595 -0.038610 104.894470 0.751019 0.068746 0.656692 11.862262 0.000000 0.000000 0.000000 1.000000
0.645879 -0.004448 -0.763427 3.982853 -0.047908 0.997776 -0.046345 103.682167 0.761935 0.066508 0.644230 9.600862 0.000000 0.000000 0.000000 1.000000
0.638175 -0.030750 -0.769277 2.760587 -0.028409 0.997581 -0.063443 101.981033 0.769367 0.062342 0.635758 7.023973 0.000000 0.000000 0.000000 1.000000
0.621473 -0.061577 -0.781012 1.654199 -0.010190 0.996187 -0.086650 99.819572 0.783369 0.061810 0.618476 4.305357 0.000000 0.000000 0.000000 1.000000
0.611174 -0.092166 -0.786112 0.537064 0.009025 0.993944 -0.109516 97.762039 0.791445 0.059839 0.608305 1.971245 0.000000 0.000000 0.000000 1.000000
0.616261 -0.110925 -0.779691 -0.706817 0.027049 0.992428 -0.119811 95.973190 0.787077 0.052745 0.614595 0.060857 0.000000 0.000000 0.000000 1.000000
0.627981 -0.127098 -0.767779 -1.382929 0.045040 0.990856 -0.127187 94.758331 0.776924 0.045290 0.627963 -1.409948 0.000000 0.000000 0.000000 1.000000
0.635065 -0.146343 -0.758469 -1.758630 0.056813 0.988080 -0.143075 93.796432 0.770366 0.047771 0.635809 -2.381938 0.000000 0.000000 0.000000 1.000000
0.644053 -0.157991 -0.748488 -1.985360 0.060522 0.985897 -0.156027 92.746536 0.762583 0.055190 0.644532 -3.083102 0.000000 0.000000 0.000000 1.000000
0.647807 -0.160352 -0.744737 -1.994860 0.065146 0.985676 -0.155562 91.878365 0.759014 0.052257 0.648974 -3.473133 0.000000 0.000000 0.000000 1.000000
0.640997 -0.170204 -0.748434 -1.934106 0.067255 0.983808 -0.166131 91.299698 0.764591 0.056154 0.642065 -3.637519 0.000000 0.000000 0.000000 1.000000
0.635028 -0.175812 -0.752217 -1.757538 0.062073 0.982221 -0.177168 91.056129 0.769991 0.065815 0.634651 -3.450356 0.000000 0.000000 0.000000 1.000000
0.634699 -0.174864 -0.752715 -1.535277 0.058371 0.982127 -0.178939 91.106659 0.770552 0.069636 0.633562 -3.029696 0.000000 0.000000 0.000000 1.000000
0.633820 -0.172195 -0.754070 -1.353954 0.056189 0.982579 -0.177148 91.378654 0.771437 0.069909 0.632453 -2.523070 0.000000 0.000000 0.000000 1.000000
0.629053 -0.169176 -0.758730 -1.219930 0.055405 0.983307 -0.173315 91.907440 0.775385 0.066987 0.627925 -1.919138 0.000000 0.000000 0.000000 1.000000
0.628028 -0.159855 -0.761595 -1.102723 0.054462 0.985303 -0.161900 92.691315 0.776282 0.060200 0.627504 -1.249717 0.000000 0.000000 0.000000 1.000000
0.629054 -0.153484 -0.762059 -1.091853 0.050957 0.986348 -0.156595 93.562096 0.775690 0.059674 0.628287 -0.634461 0.000000 0.000000 0.000000 1.000000
0.632432 -0.143644 -0.761180 -1.079204 0.050211 0.988191 -0.144766 94.653107 0.772987 0.053335 0.632177 -0.032717 0.000000 0.000000 0.000000 1.000000
0.633755 -0.133388 -0.761947 -1.160509 0.049916 0.990019 -0.131797 95.828232 0.771922 0.045494 0.634087 0.508207 0.000000 0.000000 0.000000 1.000000</float_array>
        <technique_common>
          <accessor source="#mixamorig_Hips-Matrix-animation-output-transform-array" count="76" stride="16">
            <param type="float4x4"/>
          </accessor>
        </technique_common>
      </source>
      <source id="mixamorig_Hips-Interpolations">
        <Name_array id="mixamorig_Hips-Interpolations-array" count="76">
 LINEAR LINEAR LINEAR LINEAR LINEAR LINEAR LINEAR LINEAR LINEAR LINEAR LINEAR
LINEAR LINEAR LINEAR LINEAR LINEAR LINEAR LINEAR LINEAR LINEAR LINEAR LINEAR LINEAR
LINEAR LINEAR LINEAR LINEAR LINEAR LINEAR LINEAR LINEAR LINEAR LINEAR LINEAR LINEAR
LINEAR LINEAR LINEAR LINEAR LINEAR LINEAR LINEAR LINEAR LINEAR LINEAR LINEAR LINEAR
LINEAR LINEAR LINEAR LINEAR LINEAR LINEAR LINEAR LINEAR LINEAR LINEAR LINEAR LINEAR
LINEAR LINEAR LINEAR LINEAR LINEAR LINEAR LINEAR LINEAR LINEAR LINEAR LINEAR LINEAR
LINEAR LINEAR LINEAR LINEAR LINEAR</Name_array>
        <technique_common>
          <accessor source="#mixamorig_Hips-Interpolations-array" count="76">
            <param type="name"/>
          </accessor>
        </technique_common>
      </source>
      <sampler id="mixamorig_Hips-Matrix-animation-transform">
        <input semantic="INPUT" source="#mixamorig_Hips-Matrix-animation-input"/>
        <input semantic="OUTPUT" source="#mixamorig_Hips-Matrix-animation-output-transform"/>
        <input semantic="INTERPOLATION" source="#mixamorig_Hips-Interpolations"/>
      </sampler>
      <channel source="#mixamorig_Hips-Matrix-animation-transform" target="mixamorig_Hips/matrix"/>
    </animation>
    <animation id="mixamorig_Spine-anim" name="mixamorig_Spine">
      <source id="mixamorig_Spine-Matrix-animation-input">
        <float_array id="mixamorig_Spine-Matrix-animation-input-array" count="76">

0.000000 0.033333 0.066667 0.100000 0.133333 0.166667 0.200000 0.233333 0.266667 0.300000 0.333333 0.366667 0.400000 0.433333 0.466667 0.500000
0.533333 0.566667 0.600000 0.633333 0.666667 0.700000 0.733333 0.766667 0.800000 0.833333 0.866667 0.900000 0.933333 0.966667 1.000000 1.033333
1.066667 1.100000 1.133333 1.166667 1.200000 1.233333 1.266667 1.300000 1.333333 1.366667 1.400000 1.433333 1.466667 1.500000 1.533333 1.566667
1.600000 1.633333 1.666667 1.700000 1.733333 1.766667 1.800000 1.833333 1.866667 1.900000 1.933333 1.966667 2.000000 2.033333 2.066667 2.100000
2.133333 2.166667 2.200000 2.233333 2.266667 2.300000 2.333333 2.366667 2.400000 2.433333 2.466667 2.500000</float_array>
        <technique_common>
          <accessor source="#mixamorig_Spine-Matrix-animation-input-array" count="76">
            <param name="TIME" type="float"/>
          </accessor>
        </technique_common>
      </source>
      <source id="mixamorig_Spine-Matrix-animation-output-transform">
        <float_array id="mixamorig_Spine-Matrix-animation-output-transform-array" count="1216">

0.997688 0.040861 0.054302 0.072000 -0.035468 0.994671 -0.096808 7.257300 -0.057968 0.094658 0.993821 -0.789700 0.000000 0.000000 0.000000 1.000000
0.997736 0.034897 0.057497 0.072000 -0.028990 0.994509 -0.100551 7.257300 -0.060691 0.098657 0.993269 -0.789700 0.000000 0.000000 0.000000 1.000000
0.997852 0.025293 0.060430 0.072000 -0.018789 0.994202 -0.105871 7.257300 -0.062757 0.104509 0.992542 -0.789700 0.000000 0.000000 0.000000 1.000000
0.997962 0.018649 0.061019 0.072000 -0.011612 0.993446 -0.113710 7.257300 -0.062740 0.112770 0.991638 -0.789700 0.000000 0.000000 0.000000 1.000000
0.998149 0.010572 0.059889 0.072000 -0.003321 0.992781 -0.119896 7.257300 -0.060724 0.119475 0.990979 -0.789700 0.000000 0.000000 0.000000 1.000000
0.998559 0.005854 0.053346 0.072000 0.000954 0.991940 -0.126706 7.257300 -0.053657 0.126574 0.990505 -0.789700 0.000000 0.000000 0.000000 1.000000
0.998684 -0.002603 0.051226 0.072000 0.009406 0.991069 -0.133018 7.257300 -0.050422 0.133325 0.989789 -0.789700 0.000000 0.000000 0.000000 1.000000
0.998604 -0.010675 0.051739 0.072000 0.017133 0.991879 -0.126027 7.257300 -0.049973 0.126737 0.990677 -0.789700 0.000000 0.000000 0.000000 1.000000
0.998994 -0.023081 0.038443 0.072000 0.027485 0.992600 -0.118275 7.257300 -0.035429 0.119213 0.992236 -0.789700 0.000000 0.000000 0.000000 1.000000
0.999506 -0.029416 0.011070 0.072000 0.030493 0.992940 -0.114628 7.257300 -0.007620 0.114909 0.993347 -0.789700 0.000000 0.000000 0.000000 1.000000
0.999163 -0.040696 -0.004145 0.072000 0.039988 0.993061 -0.110594 7.257300 0.008616 0.110335 0.993857 -0.789700 0.000000 0.000000 0.000000 1.000000
0.998788 -0.045706 -0.018270 0.072000 0.043560 0.993592 -0.104294 7.257300 0.022920 0.103372 0.994379 -0.789700 0.000000 0.000000 0.000000 1.000000
0.998819 -0.041773 -0.024795 0.072000 0.039220 0.994628 -0.095796 7.257300 0.028663 0.094710 0.995092 -0.789700 0.000000 0.000000 0.000000 1.000000
0.998961 -0.037251 -0.026261 0.072000 0.034747 0.995326 -0.090103 7.257300 0.029494 0.089097 0.995586 -0.789700 0.000000 0.000000 0.000000 1.000000
0.999019 -0.035506 -0.026465 0.072000 0.033050 0.995564 -0.088087 7.257300 0.029475 0.087126 0.995761 -0.789700 0.000000 0.000000 0.000000 1.000000
0.999264 -0.027591 -0.026652 0.072000 0.025293 0.996228 -0.083011 7.257300 0.028842 0.082276 0.996192 -0.789700 0.000000 0.000000 0.000000 1.000000
0.999604 -0.014719 -0.023976 0.072000 0.012860 0.997031 -0.075922 7.257300 0.025022 0.075583 0.996825 -0.789700 0.000000 0.000000 0.000000 1.000000
0.999870 -0.002811 -0.015869 0.072000 0.001728 0.997692 -0.067887 7.257300 0.016023 0.067851 0.997567 -0.789700 0.000000 0.000000 0.000000 1.000000
0.999987 0.002659 -0.004269 0.072000 -0.002909 0.998223 -0.059521 7.257300 0.004104 0.059533 0.998218 -0.789700 0.000000 0.000000 0.000000 1.000000
0.999959 0.006196 0.006590 0.072000 -0.005826 0.998482 -0.054774 7.257300 -0.006919 0.054733 0.998477 -0.789700 0.000000 0.000000 0.000000 1.000000
0.999841 0.000068 0.017825 0.072000 0.000869 0.998617 -0.052561 7.257300 -0.017804 0.052568 0.998459 -0.789700 0.000000 0.000000 0.000000 1.000000
0.999596 -0.014040 0.024696 0.072000 0.015327 0.998491 -0.052738 7.257300 -0.023919 0.053095 0.998303 -0.789700 0.000000 0.000000 0.000000 1.000000
0.999281 -0.027728 0.025854 0.072000 0.029174 0.997927 -0.057356 7.257300 -0.024210 0.058069 0.998019 -0.789700 0.000000 0.000000 0.000000 1.000000
0.999282 -0.033695 0.017317 0.072000 0.034790 0.997118 -0.067414 7.257300 -0.014996 0.067968 0.997575 -0.789700 0.000000 0.000000 0.000000 1.000000
0.998649 -0.051951 -0.000706 0.072000 0.051726 0.995421 -0.080384 7.257300 0.004878 0.080239 0.996764 -0.789700 0.000000 0.000000 0.000000 1.000000
0.997384 -0.069959 -0.018199 0.072000 0.067876 0.992955 -0.097127 7.257300 0.024865 0.095638 0.995106 -0.789700 0.000000 0.000000 0.000000 1.000000
0.997990 -0.051394 -0.037067 0.072000 0.047004 0.992721 -0.110882 7.257300 0.042496 0.108917 0.993142 -0.789700 0.000000 0.000000 0.000000 1.000000
0.998387 -0.047674 -0.030820 0.072000 0.043844 0.992417 -0.114828 7.257300 0.036060 0.113292 0.992907 -0.789700 0.000000 0.000000 0.000000 1.000000
0.998502 -0.051482 -0.018558 0.072000 0.048018 0.986885 -0.154120 7.257300 0.026249 0.152998 0.987878 -0.789700 0.000000 0.000000 0.000000 1.000000
0.998870 -0.047057 -0.006598 0.072000 0.045343 0.985450 -0.163807 7.257300 0.014210 0.163323 0.986470 -0.789700 0.000000 0.000000 0.000000 1.000000
0.998074 -0.061766 -0.005779 0.072000 0.059776 0.982450 -0.176691 7.257300 0.016591 0.176005 0.984249 -0.789700 0.000000 0.000000 0.000000 1.000000
0.997682 -0.065162 -0.019592 0.072000 0.060455 0.981016 -0.184261 7.257300 0.031227 0.182650 0.982682 -0.789700 0.000000 0.000000 0.000000 1.000000
0.997339 -0.066521 -0.029844 0.072000 0.059853 0.980750 -0.185867 7.257300 0.041634 0.183586 0.982122 -0.789700 0.000000 0.000000 0.000000 1.000000
0.997573 -0.060688 -0.034141 0.072000 0.053411 0.981474 -0.184001 7.257300 0.044675 0.181731 0.982333 -0.789700 0.000000 0.000000 0.000000 1.000000
0.997898 -0.051888 -0.038812 0.072000 0.044603 0.984532 -0.169431 7.257300 0.047003 0.167344 0.984777 -0.789700 0.000000 0.000000 0.000000 1.000000
0.998230 -0.042305 -0.041804 0.072000 0.035172 0.986706 -0.158661 7.257300 0.047961 0.156910 0.986448 -0.789700 0.000000 0.000000 0.000000 1.000000
0.998148 -0.040475 -0.045411 0.072000 0.033040 0.987524 -0.153961 7.257300 0.051076 0.152176 0.987033 -0.789700 0.000000 0.000000 0.000000 1.000000
0.997956 -0.040902 -0.049105 0.072000 0.033213 0.988387 -0.148286 7.257300 0.054600 0.146352 0.987725 -0.789700 0.000000 0.000000 0.000000 1.000000
0.998088 -0.034503 -0.051286 0.072000 0.026936 0.989567 -0.141534 7.257300 0.055635 0.139881 0.988604 -0.789700 0.000000 0.000000 0.000000 1.000000
0.998314 -0.025788 -0.051997 0.072000 0.018405 0.990292 -0.137776 7.257300 0.055045 0.136587 0.989098 -0.789700 0.000000 0.000000 0.000000 1.000000
0.998613 -0.017508 -0.049648 0.072000 0.010547 0.990493 -0.137157 7.257300 0.051577 0.136443 0.989304 -0.789700 0.000000 0.000000 0.000000 1.000000
0.999003 -0.009345 -0.043658 0.072000 0.003374 0.990856 -0.134882 7.257300 0.044519 0.134600 0.989899 -0.789700 0.000000 0.000000 0.000000 1.000000
0.999401 0.000222 -0.034620 0.072000 -0.004694 0.991615 -0.129144 7.257300 0.034301 0.129229 0.991021 -0.789700 0.000000 0.000000 0.000000 1.000000
0.999609 0.007544 -0.026943 0.072000 -0.010715 0.992771 -0.119542 7.257300 0.025846 0.119784 0.992463 -0.789700 0.000000 0.000000 0.000000 1.000000
0.999624 0.012106 -0.024610 0.072000 -0.014722 0.993925 -0.109073 7.257300 0.023140 0.109394 0.993729 -0.789700 0.000000 0.000000 0.000000 1.000000
0.999560 0.014926 -0.025650 0.072000 -0.017494 0.994525 -0.103021 7.257300 0.023972 0.103424 0.994348 -0.789700 0.000000 0.000000 0.000000 1.000000
0.999672 0.016107 -0.019910 0.072000 -0.018049 0.994664 -0.101574 7.257300 0.018168 0.101900 0.994629 -0.789700 0.000000 0.000000 0.000000 1.000000
0.999858 0.016114 -0.004915 0.072000 -0.016518 0.995078 -0.097711 7.257300 0.003317 0.097778 0.995203 -0.789700 0.000000 0.000000 0.000000 1.000000
0.999834 0.017234 0.005990 0.072000 -0.016622 0.995765 -0.090417 7.257300 -0.007522 0.090302 0.995886 -0.789700 0.000000 0.000000 0.000000 1.000000
0.999757 0.019814 0.009616 0.072000 -0.018946 0.996353 -0.083198 7.257300 -0.011230 0.082996 0.996487 -0.789700 0.000000 0.000000 0.000000 1.000000
0.999649 0.021208 0.015861 0.072000 -0.019903 0.996729 -0.078330 7.257300 -0.017470 0.077987 0.996801 -0.789700 0.000000 0.000000 0.000000 1.000000
0.999501 0.020065 0.024398 0.072000 -0.018190 0.997034 -0.074775 7.257300 -0.025826 0.074294 0.996902 -0.789700 0.000000 0.000000 0.000000 1.000000
0.999268 0.017312 0.034115 0.072000 -0.014856 0.997368 -0.070963 7.257300 -0.035254 0.070404 0.996895 -0.789700 0.000000 0.000000 0.000000 1.000000
0.999021 0.012692 0.042369 0.072000 -0.009814 0.997674 -0.067462 7.257300 -0.043127 0.066980 0.996822 -0.789700 0.000000 0.000000 0.000000 1.000000
0.998777 0.006723 0.048975 0.072000 -0.003557 0.997915 -0.064441 7.257300 -0.049306 0.064188 0.996719 -0.789700 0.000000 0.000000 0.000000 1.000000
0.998562 0.000487 0.053611 0.072000 0.002840 0.998074 -0.061965 7.257300 -0.053538 0.062028 0.996637 -0.789700 0.000000 0.000000 0.000000 1.000000
0.998372 -0.001130 0.057031 0.072000 0.004605 0.998138 -0.060827 7.257300 -0.056856 0.060990 0.996518 -0.789700 0.000000 0.000000 0.000000 1.000000
0.998296 -0.002337 0.058308 0.072000 0.005800 0.998223 -0.059299 7.257300 -0.058066 0.059537 0.996536 -0.789700 0.000000 0.000000 0.000000 1.000000
0.998326 -0.000183 0.057830 0.072000 0.003683 0.998167 -0.060410 7.257300 -0.057713 0.060522 0.996497 -0.789700 0.000000 0.000000 0.000000 1.000000
0.998337 0.006431 0.057290 0.072000 -0.002813 0.998009 -0.063002 7.257300 -0.057581 0.062736 0.996368 -0.789700 0.000000 0.000000 0.000000 1.000000
0.998132 0.017233 0.058617 0.072000 -0.013235 0.997604 -0.067912 7.257300 -0.059647 0.067010 0.995968 -0.789700 0.000000 0.000000 0.000000 1.000000
0.998033 0.027448 0.056354 0.072000 -0.023212 0.996951 -0.074495 7.257300 -0.058227 0.073040 0.995628 -0.789700 0.000000 0.000000 0.000000 1.000000
0.998111 0.033972 0.051185 0.072000 -0.029735 0.996240 -0.081379 7.257300 -0.053757 0.079703 0.995368 -0.789700 0.000000 0.000000 0.000000 1.000000
0.998080 0.040356 0.046991 0.072000 -0.036199 0.995622 -0.086174 7.257300 -0.050263 0.084307 0.995171 -0.789700 0.000000 0.000000 0.000000 1.000000
0.997987 0.044303 0.045369 0.072000 -0.040130 0.995216 -0.089080 7.257300 -0.049099 0.087080 0.994991 -0.789700 0.000000 0.000000 0.000000 1.000000
0.997998 0.045103 0.044335 0.072000 -0.040848 0.994865 -0.092604 7.257300 -0.048284 0.090607 0.994716 -0.789700 0.000000 0.000000 0.000000 1.000000
0.997962 0.044771 0.045467 0.072000 -0.040107 0.994302 -0.098770 7.257300 -0.049630 0.096745 0.994071 -0.789700 0.000000 0.000000 0.000000 1.000000
0.997788 0.045536 0.048429 0.072000 -0.040448 0.994032 -0.101310 7.257300 -0.052753 0.099127 0.993675 -0.789700 0.000000 0.000000 0.000000 1.000000
0.997701 0.045239 0.050464 0.072000 -0.039900 0.993962 -0.102218 7.257300 -0.054784 0.099969 0.993481 -0.789700 0.000000 0.000000 0.000000 1.000000
0.997728 0.044234 0.050816 0.072000 -0.038824 0.993931 -0.102922 7.257300 -0.055060 0.100715 0.993391 -0.789700 0.000000 0.000000 0.000000 1.000000
0.997737 0.043480 0.051278 0.072000 -0.038024 0.993957 -0.102971 7.257300 -0.055445 0.100788 0.993362 -0.789700 0.000000 0.000000 0.000000 1.000000
0.997653 0.043493 0.052880 0.072000 -0.037911 0.994027 -0.102341 7.257300 -0.057016 0.100096 0.993343 -0.789700 0.000000 0.000000 0.000000 1.000000
0.997611 0.042771 0.054257 0.072000 -0.037062 0.994076 -0.102178 7.257300 -0.058306 0.099923 0.993285 -0.789700 0.000000 0.000000 0.000000 1.000000
0.997617 0.041866 0.054840 0.072000 -0.036232 0.994329 -0.099985 7.257300 -0.058715 0.097760 0.993477 -0.789700 0.000000 0.000000 0.000000 1.000000
0.997672 0.040934 0.054534 0.072000 -0.035418 0.994503 -0.098531 7.257300 -0.058268 0.096370 0.993639 -0.789700 0.000000 0.000000 0.000000 1.000000
0.997688 0.040861 0.054301 0.072000 -0.035469 0.994671 -0.096809 7.257300 -0.057967 0.094659 0.993821 -0.789700 0.000000 0.000000 0.000000 1.000000</float_array>
        <technique_common>
          <accessor source="#mixamorig_Spine-Matrix-animation-output-transform-array" count="76" stride="16">
            <param type="float4x4"/>
          </accessor>
        </technique_common>
      </source>
      <source id="mixamorig_Spine-Interpolations">
        <Name_array id="mixamorig_Spine-Interpolations-array" count="76">
 LINEAR LINEAR LINEAR LINEAR LINEAR LINEAR LINEAR LINEAR LINEAR LINEAR LINEAR
LINEAR LINEAR LINEAR LINEAR LINEAR LINEAR LINEAR LINEAR LINEAR LINEAR LINEAR LINEAR
LINEAR LINEAR LINEAR LINEAR LINEAR LINEAR LINEAR LINEAR LINEAR LINEAR LINEAR LINEAR
LINEAR LINEAR LINEAR LINEAR LINEAR LINEAR LINEAR LINEAR LINEAR LINEAR LINEAR LINEAR
LINEAR LINEAR LINEAR LINEAR LINEAR LINEAR LINEAR LINEAR LINEAR LINEAR LINEAR LINEAR
LINEAR LINEAR LINEAR LINEAR LINEAR LINEAR LINEAR LINEAR LINEAR LINEAR LINEAR LINEAR
LINEAR LINEAR LINEAR LINEAR LINEAR</Name_array>
        <technique_common>
          <accessor source="#mixamorig_Spine-Interpolations-array" count="76">
            <param type="name"/>
          </accessor>
        </technique_common>
      </source>
      <sampler id="mixamorig_Spine-Matrix-animation-transform">
        <input semantic="INPUT" source="#mixamorig_Spine-Matrix-animation-input"/>
        <input semantic="OUTPUT" source="#mixamorig_Spine-Matrix-animation-output-transform"/>
        <input semantic="INTERPOLATION" source="#mixamorig_Spine-Interpolations"/>
      </sampler>
      <channel source="#mixamorig_Spine-Matrix-animation-transform" target="mixamorig_Spine/matrix"/>
    </animation>
    <animation id="mixamorig_Spine1-anim" name="mixamorig_Spine1">
      <source id="mixamorig_Spine1-Matrix-animation-input">
        <float_array id="mixamorig_Spine1-Matrix-animation-input-array" count="76">

0.000000 0.033333 0.066667 0.100000 0.133333 0.166667 0.200000 0.233333 0.266667 0.300000 0.333333 0.366667 0.400000 0.433333 0.466667 0.500000
0.533333 0.566667 0.600000 0.633333 0.666667 0.700000 0.733333 0.766667 0.800000 0.833333 0.866667 0.900000 0.933333 0.966667 1.000000 1.033333
1.066667 1.100000 1.133333 1.166667 1.200000 1.233333 1.266667 1.300000 1.333333 1.366667 1.400000 1.433333 1.466667 1.500000 1.533333 1.566667
1.600000 1.633333 1.666667 1.700000 1.733333 1.766667 1.800000 1.833333 1.866667 1.900000 1.933333 1.966667 2.000000 2.033333 2.066667 2.100000
2.133333 2.166667 2.200000 2.233333 2.266667 2.300000 2.333333 2.366667 2.400000 2.433333 2.466667 2.500000</float_array>
        <technique_common>
          <accessor source="#mixamorig_Spine1-Matrix-animation-input-array" count="76">
            <param name="TIME" type="float"/>
          </accessor>
        </technique_common>
      </source>
      <source id="mixamorig_Spine1-Matrix-animation-output-transform">
        <float_array id="mixamorig_Spine1-Matrix-animation-output-transform-array" count="1216">

0.992503 0.064835 0.103610 0.000000 -0.053856 0.992964 -0.105460 8.558700 -0.109719 0.099089 0.989011 0.000000 0.000000 0.000000 0.000000 1.000000
0.992164 0.066415 0.105833 0.000000 -0.054276 0.992029 -0.113718 8.558700 -0.112542 0.107082 0.987860 0.000000 0.000000 0.000000 0.000000 1.000000
0.992436 0.061649 0.106164 0.000000 -0.048194 0.990993 -0.124938 8.558700 -0.112910 0.118876 0.986468 0.000000 0.000000 0.000000 0.000000 1.000000
0.993158 0.054536 0.103264 0.000000 -0.039705 0.989272 -0.140587 8.558700 -0.109824 0.135524 0.984668 0.000000 0.000000 0.000000 0.000000 1.000000
0.994040 0.047197 0.098274 0.000000 -0.031762 0.987704 -0.153074 8.558700 -0.104290 0.149041 0.983316 0.000000 0.000000 0.000000 0.000000 1.000000
0.995500 0.043392 0.084244 0.000000 -0.028864 0.985606 -0.166577 8.558700 -0.090259 0.163395 0.982423 0.000000 0.000000 0.000000 0.000000 1.000000
0.996159 0.043847 0.075790 0.000000 -0.029598 0.983254 -0.179823 8.558700 -0.082405 0.176889 0.980775 0.000000 0.000000 0.000000 0.000000 1.000000
0.996501 0.043692 0.071256 0.000000 -0.031293 0.985519 -0.166653 8.558700 -0.077506 0.163840 0.983437 0.000000 0.000000 0.000000 0.000000 1.000000
0.998800 0.033968 0.035284 -0.000000 -0.028296 0.988225 -0.150367 8.558700 -0.039976 0.149188 0.988000 0.000000 0.000000 0.000000 0.000000 1.000000
0.999211 0.027235 -0.028908 0.000000 -0.031030 0.989642 -0.140164 8.558700 0.024792 0.140951 0.989706 -0.000000 0.000000 0.000000 0.000000 1.000000
0.998179 0.005489 -0.060076 0.000000 -0.013319 0.991330 -0.130720 8.558700 0.058837 0.131282 0.989597 0.000000 0.000000 0.000000 0.000000 1.000000
0.997036 -0.020352 -0.074201 -0.000000 0.011483 0.992941 -0.118049 8.558700 0.076080 0.116847 0.990232 0.000000 0.000000 0.000000 0.000000 1.000000
0.996842 -0.026371 -0.074902 0.000000 0.018692 0.994667 -0.101429 8.558700 0.077177 0.099708 0.992019 -0.000000 0.000000 0.000000 0.000000 1.000000
0.997232 -0.030784 -0.067685 -0.000000 0.024583 0.995583 -0.090615 8.558700 0.070176 0.088700 0.993583 0.000000 0.000000 0.000000 0.000000 1.000000
0.997185 -0.047830 -0.057752 0.000000 0.042671 0.995252 -0.087482 8.558700 0.061662 0.084771 0.994491 0.000000 0.000000 0.000000 0.000000 1.000000
0.996822 -0.062019 -0.049997 0.000000 0.057995 0.995243 -0.078280 8.558700 0.054614 0.075132 0.995677 0.000000 0.000000 0.000000 0.000000 1.000000
0.996770 -0.069019 -0.041056 0.000000 0.066277 0.995697 -0.064763 8.558700 0.045349 0.061832 0.997056 0.000000 0.000000 0.000000 0.000000 1.000000
0.996922 -0.074142 -0.025483 0.000000 0.072844 0.996160 -0.048561 8.558700 0.028986 0.046555 0.998495 0.000000 0.000000 0.000000 0.000000 1.000000
0.996156 -0.087283 -0.007436 0.000000 0.087015 0.995728 -0.030898 8.558700 0.010101 0.030133 0.999495 0.000000 0.000000 0.000000 0.000000 1.000000
0.995467 -0.094879 0.006639 0.000000 0.094995 0.995274 -0.020116 8.558700 -0.004699 0.020656 0.999776 -0.000000 0.000000 0.000000 0.000000 1.000000
0.994361 -0.103854 0.021465 0.000000 0.104176 0.994454 -0.014462 8.558700 -0.019844 0.016617 0.999665 0.000000 0.000000 0.000000 0.000000 1.000000
0.992966 -0.113643 0.033212 -0.000000 0.114159 0.993363 -0.014055 8.558700 -0.031394 0.017748 0.999350 0.000000 0.000000 0.000000 0.000000 1.000000
0.991628 -0.123008 0.039290 0.000000 0.123978 0.992012 -0.023285 8.558700 -0.036112 0.027961 0.998957 0.000000 0.000000 0.000000 0.000000 1.000000
0.992834 -0.115460 0.030820 0.000000 0.116763 0.992164 -0.044475 8.558700 -0.025443 0.047755 0.998535 0.000000 0.000000 0.000000 0.000000 1.000000
0.992938 -0.118523 0.005201 0.000000 0.118589 0.990333 -0.071950 8.558700 0.003377 0.072058 0.997395 -0.000000 0.000000 0.000000 0.000000 1.000000
0.993119 -0.112769 -0.031587 0.000000 0.108861 0.988392 -0.105978 8.558700 0.043171 0.101810 0.993867 -0.000000 0.000000 0.000000 0.000000 1.000000
0.993363 -0.093000 -0.067680 -0.000000 0.083310 0.987458 -0.134111 8.558700 0.079304 0.127583 0.988652 0.000000 0.000000 0.000000 0.000000 1.000000
0.994602 -0.091749 -0.048465 0.000000 0.084070 0.986307 -0.141884 8.558700 0.060819 0.137044 0.988696 0.000000 0.000000 0.000000 0.000000 1.000000
0.995561 -0.092081 -0.019458 0.000000 0.085612 0.971929 -0.219146 8.558700 0.039091 0.216507 0.975498 0.000000 0.000000 0.000000 0.000000 1.000000
0.997138 -0.075405 0.005461 0.000000 0.074537 0.968440 -0.237842 8.558700 0.012646 0.237568 0.971289 -0.000000 0.000000 0.000000 0.000000 1.000000
0.994775 -0.101712 0.008787 0.000000 0.100433 0.959536 -0.263065 8.558700 0.018326 0.262573 0.964738 0.000000 0.000000 0.000000 0.000000 1.000000
0.993906 -0.108664 -0.018526 0.000000 0.099261 0.955350 -0.278306 8.558700 0.047941 0.274771 0.960314 0.000000 0.000000 0.000000 0.000000 1.000000
0.992855 -0.113342 -0.037311 0.000000 0.098367 0.954428 -0.281764 8.558700 0.067547 0.276080 0.958758 0.000000 0.000000 0.000000 0.000000 1.000000
0.993601 -0.103544 -0.045114 -0.000000 0.087056 0.956581 -0.278161 8.558700 0.071957 0.272453 0.959475 -0.000000 0.000000 0.000000 0.000000 1.000000
0.994549 -0.087231 -0.057119 0.000000 0.070377 0.965799 -0.249557 8.558700 0.076935 0.244177 0.966674 0.000000 0.000000 0.000000 0.000000 1.000000
0.995292 -0.068698 -0.068370 0.000000 0.051437 0.972268 -0.228145 8.558700 0.082148 0.223554 0.971224 0.000000 0.000000 0.000000 0.000000 1.000000
0.994834 -0.059466 -0.082276 -0.000000 0.040217 0.975023 -0.218434 8.558700 0.093210 0.213997 0.972377 0.000000 0.000000 0.000000 0.000000 1.000000
0.994085 -0.051971 -0.095365 0.000000 0.031311 0.977933 -0.206560 8.558700 0.103995 0.202352 0.973775 -0.000000 0.000000 0.000000 0.000000 1.000000
0.994096 -0.034809 -0.102770 0.000000 0.014460 0.981196 -0.192471 8.558700 0.107537 0.189849 0.975906 0.000000 0.000000 0.000000 0.000000 1.000000
0.994139 -0.014254 -0.107169 0.000000 -0.005774 0.982857 -0.184281 8.558700 0.107959 0.183820 0.977013 0.000000 0.000000 0.000000 0.000000 1.000000
0.994440 0.004564 -0.105206 0.000000 -0.023814 0.982924 -0.182462 8.558700 0.102577 0.183953 0.977568 0.000000 0.000000 0.000000 0.000000 1.000000
0.995331 0.019409 -0.094546 -0.000000 -0.036091 0.983355 -0.178074 8.558700 0.089516 0.180655 0.979464 0.000000 0.000000 0.000000 0.000000 1.000000
0.996558 0.032653 -0.076197 0.000000 -0.045062 0.984877 -0.167290 8.558700 0.069582 0.170148 0.982959 0.000000 0.000000 0.000000 0.000000 1.000000
0.997458 0.039906 -0.059041 -0.000000 -0.048325 0.987680 -0.148836 8.558700 0.052374 0.151310 0.987098 0.000000 0.000000 0.000000 0.000000 1.000000
0.997813 0.041402 -0.051523 0.000000 -0.047729 0.990580 -0.128348 8.558700 0.045724 0.130527 0.990390 -0.000000 0.000000 0.000000 0.000000 1.000000
0.998001 0.038668 -0.049992 0.000000 -0.044281 0.992200 -0.116529 8.558700 0.045096 0.118510 0.991928 -0.000000 0.000000 0.000000 0.000000 1.000000
0.998622 0.036903 -0.037318 -0.000000 -0.040939 0.992647 -0.113912 8.558700 0.032840 0.115283 0.992790 -0.000000 0.000000 0.000000 0.000000 1.000000
0.999283 0.037021 -0.007935 0.000000 -0.037656 0.993597 -0.106519 8.558700 0.003941 0.106741 0.994279 0.000000 0.000000 0.000000 0.000000 1.000000
0.999271 0.035217 0.014766 -0.000000 -0.033712 0.995180 -0.092088 8.558700 -0.017938 0.091523 0.995641 0.000000 0.000000 0.000000 0.000000 1.000000
0.999203 0.032056 0.023790 0.000000 -0.030124 0.996535 -0.077527 8.558700 -0.026193 0.076749 0.996706 0.000000 0.000000 0.000000 0.000000 1.000000
0.998929 0.028355 0.036566 0.000000 -0.025837 0.997380 -0.067572 8.558700 -0.038386 0.066555 0.997044 0.000000 0.000000 0.000000 0.000000 1.000000
0.998333 0.024495 0.052260 0.000000 -0.021333 0.997957 -0.060221 8.558700 -0.053629 0.059006 0.996816 0.000000 0.000000 0.000000 0.000000 1.000000
0.997315 0.023832 0.069251 0.000000 -0.020206 0.998411 -0.052600 8.558700 -0.070394 0.051060 0.996212 0.000000 0.000000 0.000000 0.000000 1.000000
0.996212 0.024971 0.083296 0.000000 -0.021189 0.998717 -0.045992 8.558700 -0.084338 0.044053 0.995463 -0.000000 0.000000 0.000000 0.000000 1.000000
0.995117 0.026836 0.094987 -0.000000 -0.023054 0.998906 -0.040693 8.558700 -0.095975 0.038305 0.994646 0.000000 0.000000 0.000000 0.000000 1.000000
0.994175 0.029279 0.103725 0.000000 -0.025592 0.998999 -0.036701 8.558700 -0.104696 0.033833 0.993929 0.000000 0.000000 0.000000 0.000000 1.000000
0.993272 0.033280 0.110918 -0.000000 -0.029548 0.998946 -0.035126 8.558700 -0.111970 0.031612 0.993209 -0.000000 0.000000 0.000000 0.000000 1.000000
0.992774 0.039044 0.113471 0.000000 -0.035524 0.998828 -0.032878 8.558700 -0.114622 0.028610 0.992997 0.000000 0.000000 0.000000 0.000000 1.000000
0.992670 0.045305 0.112048 0.000000 -0.041567 0.998506 -0.035475 8.558700 -0.113488 0.030558 0.993069 0.000000 0.000000 0.000000 0.000000 1.000000
0.992530 0.053574 0.109611 0.000000 -0.049368 0.997950 -0.040735 8.558700 -0.111568 0.035019 0.993140 0.000000 0.000000 0.000000 0.000000 1.000000
0.991946 0.061077 0.110961 -0.000000 -0.055786 0.997181 -0.050178 8.558700 -0.113713 0.043584 0.992557 -0.000000 0.000000 0.000000 0.000000 1.000000
0.992208 0.064808 0.106411 -0.000000 -0.058377 0.996338 -0.062479 8.558700 -0.110070 0.055780 0.992357 -0.000000 0.000000 0.000000 0.000000 1.000000
0.993255 0.063568 0.096969 -0.000000 -0.056366 0.995568 -0.075281 8.558700 -0.101325 0.069308 0.992436 0.000000 0.000000 0.000000 0.000000 1.000000
0.993821 0.065329 0.089732 0.000000 -0.057773 0.994758 -0.084369 8.558700 -0.094773 0.078664 0.992386 0.000000 0.000000 0.000000 0.000000 1.000000
0.993991 0.064940 0.088116 0.000000 -0.057004 0.994330 -0.089769 8.558700 -0.093446 0.084207 0.992057 -0.000000 0.000000 0.000000 0.000000 1.000000
0.994274 0.062637 0.086580 0.000000 -0.054205 0.993854 -0.096522 8.558700 -0.092094 0.091276 0.991558 0.000000 0.000000 0.000000 0.000000 1.000000
