<?xml version="1.0" encoding="utf-8"?>
<COLLADA xmlns="http://www.collada.org/2005/11/COLLADASchema" version="1.4.1">
  <asset>
    <contributor>
      <author>Mixamo</author>
      <authoring_tool>COLLADA Mixamo exporter</authoring_tool>
      <comments/>
    </contributor>
    <created>2024-12-02T02:21:47Z</created>
    <modified>2024-12-02T02:21:47Z</modified>
    <revision/>
    <title/>
    <unit meter="0.010000"/>
    <up_axis>Y_UP</up_axis>
  </asset>
  <library_animations>
    <animation id="mixamorig_Hips-anim" name="mixamorig_Hips">
      <source id="mixamorig_Hips-Matrix-animation-input">
        <float_array id="mixamorig_Hips-Matrix-animation-input-array" count="40">

0.000000 0.033333 0.066667 0.100000 0.133333 0.166667 0.200000 0.233333 0.266667 0.300000 0.333333 0.366667 0.400000 0.433333 0.466667 0.500000
0.533333 0.566667 0.600000 0.633333 0.666667 0.700000 0.733333 0.766667 0.800000 0.833333 0.866667 0.900000 0.933333 0.966667 1.000000 1.033333
1.066667 1.100000 1.133333 1.166667 1.200000 1.233333 1.266667 1.300000</float_array>
        <technique_common>
          <accessor source="#mixamorig_Hips-Matrix-animation-input-array" count="40">
            <param name="TIME" type="float"/>
          </accessor>
        </technique_common>
      </source>
      <source id="mixamorig_Hips-Matrix-animation-output-transform">
        <float_array id="mixamorig_Hips-Matrix-animation-output-transform-array" count="640">

0.896981 -0.029952 -0.441053 1.404122 0.005097 0.998336 -0.057431 106.924393 0.442039 0.049267 0.895642 -0.620742 0.000000 0.000000 0.000000 1.000000
0.905913 -0.023857 -0.422791 1.654217 0.002328 0.998677 -0.051364 106.146782 0.423457 0.045547 0.904771 -4.137141 0.000000 0.000000 0.000000 1.000000
0.910271 -0.017432 -0.413645 1.915537 -0.001852 0.998932 -0.046173 105.252319 0.414008 0.042796 0.909267 -7.580488 0.000000 0.000000 0.000000 1.000000
0.913597 -0.010982 -0.406472 2.196460 -0.005965 0.999166 -0.040402 104.389465 0.406576 0.039336 0.912770 -10.970321 0.000000 0.000000 0.000000 1.000000
0.918009 -0.004260 -0.396536 2.548616 -0.010090 0.999368 -0.034096 103.659050 0.396431 0.035302 0.917386 -14.427219 0.000000 0.000000 0.000000 1.000000
0.925354 0.004487 -0.379078 2.951782 -0.015955 0.999505 -0.027115 103.045097 0.378768 0.031139 0.924967 -18.304533 0.000000 0.000000 0.000000 1.000000
0.934245 0.010346 -0.356483 3.363773 -0.018299 0.999653 -0.018943 102.802803 0.356163 0.024220 0.934110 -22.674458 0.000000 0.000000 0.000000 1.000000
0.941861 0.010644 -0.335835 3.843851 -0.014904 0.999838 -0.010109 102.880814 0.335673 0.014527 0.941867 -27.681412 0.000000 0.000000 0.000000 1.000000
0.946500 0.002007 -0.322699 4.362575 -0.003274 0.999989 -0.003382 103.577675 0.322688 0.004258 0.946496 -32.858398 0.000000 0.000000 0.000000 1.000000
0.949485 -0.011602 -0.313598 5.100023 0.011405 0.999932 -0.002464 104.532387 0.313605 -0.001237 0.949553 -38.091259 0.000000 0.000000 0.000000 1.000000
0.953304 -0.026822 -0.300820 6.028167 0.025363 0.999640 -0.008756 105.433594 0.300946 0.000718 0.953641 -43.375736 0.000000 0.000000 0.000000 1.000000
0.958633 -0.038647 -0.282011 6.997086 0.034414 0.999209 -0.019950 106.031509 0.282558 0.009419 0.959204 -48.477055 0.000000 0.000000 0.000000 1.000000
0.962911 -0.043101 -0.266354 7.815345 0.035695 0.998831 -0.032587 106.366318 0.267447 0.021871 0.963324 -53.069992 0.000000 0.000000 0.000000 1.000000
0.962696 -0.041768 -0.267343 8.449346 0.030891 0.998520 -0.044766 106.666916 0.268817 0.034837 0.962561 -57.168175 0.000000 0.000000 0.000000 1.000000
0.956705 -0.039161 -0.288413 9.001024 0.024040 0.998153 -0.055786 106.980125 0.290065 0.046437 0.955880 -60.972965 0.000000 0.000000 0.000000 1.000000
0.946338 -0.038556 -0.320871 9.540126 0.018435 0.997682 -0.065512 107.192604 0.322653 0.056081 0.944855 -64.530060 0.000000 0.000000 0.000000 1.000000
0.934535 -0.040526 -0.353555 10.054605 0.015148 0.997124 -0.074257 107.174042 0.355548 0.064040 0.932462 -67.868980 0.000000 0.000000 0.000000 1.000000
0.923535 -0.043002 -0.381096 10.479046 0.012714 0.996581 -0.081639 106.875038 0.383303 0.070551 0.920924 -71.072220 0.000000 0.000000 0.000000 1.000000
0.913773 -0.043544 -0.403886 10.773699 0.009380 0.996235 -0.086185 106.346390 0.406118 0.074965 0.910741 -74.236526 0.000000 0.000000 0.000000 1.000000
0.904583 -0.041668 -0.424256 10.965681 0.005085 0.996195 -0.087000 105.691742 0.426267 0.076541 0.901353 -77.378105 0.000000 0.000000 0.000000 1.000000
0.894947 -0.039307 -0.444437 11.055412 0.001609 0.996390 -0.084883 105.016556 0.446169 0.075251 0.891779 -80.573051 0.000000 0.000000 0.000000 1.000000
0.883333 -0.038339 -0.467176 11.054760 0.000324 0.996699 -0.081181 104.413742 0.468747 0.071558 0.880429 -83.898048 0.000000 0.000000 0.000000 1.000000
0.867912 -0.038631 -0.495213 10.936903 0.000596 0.997051 -0.076734 103.978905 0.496717 0.066303 0.865376 -87.424339 0.000000 0.000000 0.000000 1.000000
0.848078 -0.039116 -0.528425 10.674550 0.000799 0.997365 -0.072545 103.791321 0.529870 0.061102 0.845875 -91.243233 0.000000 0.000000 0.000000 1.000000
0.825748 -0.039769 -0.562636 10.197916 0.000177 0.997530 -0.070248 103.858337 0.564039 0.057907 0.823715 -95.477280 0.000000 0.000000 0.000000 1.000000
0.804627 -0.043302 -0.592199 9.459406 0.001263 0.997460 -0.071218 103.978996 0.593779 0.056556 0.802638 -100.472870 0.000000 0.000000 0.000000 1.000000
0.789945 -0.046234 -0.611432 8.627127 -0.000077 0.997146 -0.075499 104.269951 0.613177 0.059688 0.787687 -106.095406 0.000000 0.000000 0.000000 1.000000
0.784781 -0.046513 -0.618025 7.642354 -0.005210 0.996650 -0.081624 104.815834 0.619751 0.067277 0.781910 -112.238480 0.000000 0.000000 0.000000 1.000000
0.789858 -0.044458 -0.611676 6.554956 -0.011741 0.996090 -0.087560 105.755783 0.613177 0.076341 0.786248 -118.729401 0.000000 0.000000 0.000000 1.000000
0.804548 -0.040431 -0.592509 5.377175 -0.017764 0.995595 -0.092057 106.980728 0.593622 0.084590 0.800286 -125.311562 0.000000 0.000000 0.000000 1.000000
0.825689 -0.037053 -0.562907 4.176404 -0.019920 0.995303 -0.094735 108.218681 0.563774 0.089435 0.821073 -131.598434 0.000000 0.000000 0.000000 1.000000
0.846796 -0.035099 -0.530758 3.040053 -0.018313 0.995305 -0.095038 109.153641 0.531602 0.090198 0.842178 -137.185120 0.000000 0.000000 0.000000 1.000000
0.861584 -0.033632 -0.506500 2.115699 -0.015516 0.995592 -0.092502 109.647240 0.507378 0.087557 0.857264 -141.947937 0.000000 0.000000 0.000000 1.000000
0.868225 -0.033067 -0.495067 1.465705 -0.012286 0.996038 -0.088074 109.794083 0.496018 0.082551 0.864379 -146.097183 0.000000 0.000000 0.000000 1.000000
0.870141 -0.035171 -0.491546 1.088458 -0.007146 0.996445 -0.083947 109.678467 0.492750 0.076558 0.866796 -149.780090 0.000000 0.000000 0.000000 1.000000
0.872764 -0.039928 -0.486506 0.913180 0.000223 0.996682 -0.081398 109.464996 0.488142 0.070933 0.869877 -153.154953 0.000000 0.000000 0.000000 1.000000
0.878985 -0.043932 -0.474822 0.873983 0.007077 0.996839 -0.079131 109.137169 0.476797 0.066195 0.876517 -156.309921 0.000000 0.000000 0.000000 1.000000
0.887196 -0.043108 -0.459374 0.954962 0.009785 0.997160 -0.074678 108.613815 0.461288 0.061760 0.885098 -159.268127 0.000000 0.000000 0.000000 1.000000
0.894255 -0.037383 -0.445994 1.111358 0.008325 0.997722 -0.066937 107.907051 0.447480 0.056146 0.892530 -162.116516 0.000000 0.000000 0.000000 1.000000
0.896981 -0.029952 -0.441053 1.404122 0.005097 0.998336 -0.057432 106.924408 0.442039 0.049267 0.895642 -164.916275 0.000000 0.000000 0.000000 1.000000</float_array>
        <technique_common>
          <accessor source="#mixamorig_Hips-Matrix-animation-output-transform-array" count="40" stride="16">
            <param type="float4x4"/>
          </accessor>
        </technique_common>
      </source>
      <source id="mixamorig_Hips-Interpolations">
        <Name_array id="mixamorig_Hips-Interpolations-array" count="40">
 LINEAR LINEAR LINEAR LINEAR LINEAR LINEAR LINEAR LINEAR LINEAR LINEAR LINEAR
LINEAR LINEAR LINEAR LINEAR LINEAR LINEAR LINEAR LINEAR LINEAR LINEAR LINEAR LINEAR
LINEAR LINEAR LINEAR LINEAR LINEAR LINEAR LINEAR LINEAR LINEAR LINEAR LINEAR LINEAR
LINEAR LINEAR LINEAR LINEAR LINEAR</Name_array>
        <technique_common>
          <accessor source="#mixamorig_Hips-Interpolations-array" count="40">
            <param type="name"/>
          </accessor>
        </technique_common>
      </source>
      <sampler id="mixamorig_Hips-Matrix-animation-transform">
        <input semantic="INPUT" source="#mixamorig_Hips-Matrix-animation-input"/>
        <input semantic="OUTPUT" source="#mixamorig_Hips-Matrix-animation-output-transform"/>
        <input semantic="INTERPOLATION" source="#mixamorig_Hips-Interpolations"/>
      </sampler>
      <channel source="#mixamorig_Hips-Matrix-animation-transform" target="mixamorig_Hips/matrix"/>
    </animation>
    <animation id="mixamorig_Spine-anim" name="mixamorig_Spine">
      <source id="mixamorig_Spine-Matrix-animation-input">
        <float_array id="mixamorig_Spine-Matrix-animation-input-array" count="40">

0.000000 0.033333 0.066667 0.100000 0.133333 0.166667 0.200000 0.233333 0.266667 0.300000 0.333333 0.366667 0.400000 0.433333 0.466667 0.500000
0.533333 0.566667 0.600000 0.633333 0.666667 0.700000 0.733333 0.766667 0.800000 0.833333 0.866667 0.900000 0.933333 0.966667 1.000000 1.033333
1.066667 1.100000 1.133333 1.166667 1.200000 1.233333 1.266667 1.300000</float_array>
        <technique_common>
          <accessor source="#mixamorig_Spine-Matrix-animation-input-array" count="40">
            <param name="TIME" type="float"/>
          </accessor>
        </technique_common>
      </source>
      <source id="mixamorig_Spine-Matrix-animation-output-transform">
        <float_array id="mixamorig_Spine-Matrix-animation-output-transform-array" count="640">

0.994505 -0.088491 -0.055945 -0.006600 0.065443 0.942560 -0.327563 10.822600 0.081718 0.322101 0.943172 -0.430700 0.000000 0.000000 0.000000 1.000000
0.992031 -0.109034 -0.063142 -0.006600 0.083639 0.944663 -0.317199 10.822600 0.094233 0.309390 0.946255 -0.430700 0.000000 0.000000 0.000000 1.000000
0.989643 -0.128440 -0.064108 -0.006600 0.103634 0.948278 -0.300047 10.822600 0.099330 0.290296 0.951768 -0.430700 0.000000 0.000000 0.000000 1.000000
0.986689 -0.149305 -0.064439 -0.006600 0.125582 0.951348 -0.281366 10.822600 0.103313 0.269529 0.957434 -0.430700 0.000000 0.000000 0.000000 1.000000
0.982856 -0.171751 -0.067053 -0.006600 0.148400 0.952729 -0.265112 10.822600 0.109416 0.250617 0.961883 -0.430700 0.000000 0.000000 0.000000 1.000000
0.978157 -0.193536 -0.075846 -0.006600 0.168380 0.951672 -0.256843 10.822600 0.121889 0.238462 0.963472 -0.430700 0.000000 0.000000 0.000000 1.000000
0.975061 -0.203035 -0.089626 -0.006600 0.173711 0.949531 -0.261180 10.822600 0.138132 0.239097 0.961120 -0.430700 0.000000 0.000000 0.000000 1.000000
0.975383 -0.194281 -0.104324 -0.006600 0.158693 0.946890 -0.279671 10.822600 0.153118 0.256231 0.954411 -0.430700 0.000000 0.000000 0.000000 1.000000
0.978658 -0.168433 -0.117727 -0.006600 0.125240 0.943064 -0.308132 10.822600 0.162924 0.286812 0.944031 -0.430700 0.000000 0.000000 0.000000 1.000000
0.981372 -0.140428 -0.131103 -0.006600 0.088558 0.936263 -0.339954 10.822600 0.170487 0.322011 0.931259 -0.430700 0.000000 0.000000 0.000000 1.000000
0.981726 -0.122092 -0.145968 -0.006600 0.061236 0.928938 -0.365137 10.822600 0.180176 0.349526 0.919439 -0.430700 0.000000 0.000000 0.000000 1.000000
0.980264 -0.118646 -0.158135 -0.006600 0.050612 0.923844 -0.379408 10.822600 0.191107 0.363916 0.911616 -0.430700 0.000000 0.000000 0.000000 1.000000
0.978751 -0.127338 -0.160724 -0.006600 0.057338 0.922502 -0.381710 10.822600 0.196875 0.364383 0.910201 -0.430700 0.000000 0.000000 0.000000 1.000000
0.978905 -0.136555 -0.151983 -0.006600 0.073698 0.929765 -0.360702 10.822600 0.190564 0.341892 0.920215 -0.430700 0.000000 0.000000 0.000000 1.000000
0.980578 -0.143536 -0.133660 -0.006600 0.093261 0.940740 -0.326054 10.822600 0.172539 0.307256 0.935855 -0.430700 0.000000 0.000000 0.000000 1.000000
0.982170 -0.152247 -0.110283 -0.006600 0.113998 0.948804 -0.294577 10.822600 0.149485 0.276752 0.949243 -0.430700 0.000000 0.000000 0.000000 1.000000
0.982674 -0.164188 -0.085991 -0.006600 0.134236 0.950382 -0.280632 10.822600 0.127801 0.264227 0.955956 -0.430700 0.000000 0.000000 0.000000 1.000000
0.982096 -0.177328 -0.063578 -0.006600 0.153100 0.947980 -0.279094 10.822600 0.109762 0.264364 0.958157 -0.430700 0.000000 0.000000 0.000000 1.000000
0.980769 -0.189934 -0.044917 -0.006600 0.170612 0.946097 -0.275303 10.822600 0.094785 0.262345 0.960308 -0.430700 0.000000 0.000000 0.000000 1.000000
0.978891 -0.202215 -0.029689 -0.006600 0.186931 0.944544 -0.269988 10.822600 0.082638 0.258739 0.962406 -0.430700 0.000000 0.000000 0.000000 1.000000
0.976663 -0.214097 -0.017087 -0.006600 0.202167 0.943262 -0.263410 10.822600 0.072513 0.253808 0.964533 -0.430700 0.000000 0.000000 0.000000 1.000000
0.974091 -0.226098 -0.005217 -0.006600 0.217257 0.941910 -0.256134 10.822600 0.062825 0.248364 0.966627 -0.430700 0.000000 0.000000 0.000000 1.000000
0.971859 -0.235281 0.011519 -0.006600 0.230087 0.937652 -0.260516 10.822600 0.050494 0.255836 0.965401 -0.430700 0.000000 0.000000 0.000000 1.000000
0.971045 -0.236747 0.031977 -0.006600 0.236553 0.934155 -0.267203 10.822600 0.033388 0.267030 0.963110 -0.430700 0.000000 0.000000 0.000000 1.000000
0.971992 -0.228570 0.054649 -0.006600 0.234724 0.932666 -0.273932 10.822600 0.011643 0.279087 0.960195 -0.430700 0.000000 0.000000 0.000000 1.000000
0.975108 -0.208488 0.075474 -0.006600 0.221441 0.933009 -0.283651 10.822600 -0.011280 0.293304 0.955953 -0.430700 0.000000 0.000000 0.000000 1.000000
0.979023 -0.182664 0.090264 -0.006600 0.201544 0.933204 -0.297505 10.822600 -0.029891 0.309457 0.950444 -0.430700 0.000000 0.000000 0.000000 1.000000
0.983090 -0.155860 0.096129 -0.006600 0.178683 0.931326 -0.317339 10.822600 -0.040067 0.329149 0.943427 -0.430700 0.000000 0.000000 0.000000 1.000000
0.987455 -0.129106 0.090913 -0.006600 0.152704 0.927319 -0.341704 10.822600 -0.040189 0.351300 0.935400 -0.430700 0.000000 0.000000 0.000000 1.000000
0.991825 -0.104017 0.073912 -0.006600 0.123968 0.922732 -0.364963 10.822600 -0.030238 0.371143 0.928083 -0.430700 0.000000 0.000000 0.000000 1.000000
0.995562 -0.081491 0.047071 -0.006600 0.093309 0.919792 -0.381152 10.822600 -0.012235 0.383853 0.923313 -0.430700 0.000000 0.000000 0.000000 1.000000
0.997821 -0.063528 0.017789 -0.006600 0.065466 0.920164 -0.386021 10.822600 0.008155 0.386345 0.922318 -0.430700 0.000000 0.000000 0.000000 1.000000
0.998929 -0.045914 -0.005732 -0.006600 0.039973 0.918717 -0.392887 10.822600 0.023306 0.392238 0.919569 -0.430700 0.000000 0.000000 0.000000 1.000000
0.999243 -0.033761 -0.019347 -0.006600 0.023511 0.920028 -0.391146 10.822600 0.031006 0.390395 0.920125 -0.430700 0.000000 0.000000 0.000000 1.000000
0.999323 -0.025643 -0.026388 -0.006600 0.013528 0.922987 -0.384593 10.822600 0.034218 0.383976 0.922709 -0.430700 0.000000 0.000000 0.000000 1.000000
0.999173 -0.024186 -0.032685 -0.006600 0.010233 0.927553 -0.373551 10.822600 0.039352 0.372908 0.927034 -0.430700 0.000000 0.000000 0.000000 1.000000
0.998651 -0.031877 -0.040977 -0.006600 0.014980 0.932657 -0.360453 10.822600 0.049708 0.359353 0.931877 -0.430700 0.000000 0.000000 0.000000 1.000000
0.997581 -0.048770 -0.049537 -0.006600 0.028520 0.937004 -0.348152 10.822600 0.063396 0.345896 0.936129 -0.430700 0.000000 0.000000 0.000000 1.000000
0.995974 -0.070265 -0.055669 -0.006600 0.047411 0.939906 -0.338125 10.822600 0.076082 0.334125 0.939453 -0.430700 0.000000 0.000000 0.000000 1.000000
0.994505 -0.088491 -0.055945 -0.006600 0.065443 0.942560 -0.327563 10.822600 0.081718 0.322101 0.943172 -0.430700 0.000000 0.000000 0.000000 1.000000</float_array>
        <technique_common>
          <accessor source="#mixamorig_Spine-Matrix-animation-output-transform-array" count="40" stride="16">
            <param type="float4x4"/>
          </accessor>
        </technique_common>
      </source>
      <source id="mixamorig_Spine-Interpolations">
        <Name_array id="mixamorig_Spine-Interpolations-array" count="40">
 LINEAR LINEAR LINEAR LINEAR LINEAR LINEAR LINEAR LINEAR LINEAR LINEAR LINEAR
LINEAR LINEAR LINEAR LINEAR LINEAR LINEAR LINEAR LINEAR LINEAR LINEAR LINEAR LINEAR
LINEAR LINEAR LINEAR LINEAR LINEAR LINEAR LINEAR LINEAR LINEAR LINEAR LINEAR LINEAR
LINEAR LINEAR LINEAR LINEAR LINEAR</Name_array>
        <technique_common>
          <accessor source="#mixamorig_Spine-Interpolations-array" count="40">
            <param type="name"/>
          </accessor>
        </technique_common>
      </source>
      <sampler id="mixamorig_Spine-Matrix-animation-transform">
        <input semantic="INPUT" source="#mixamorig_Spine-Matrix-animation-input"/>
        <input semantic="OUTPUT" source="#mixamorig_Spine-Matrix-animation-output-transform"/>
        <input semantic="INTERPOLATION" source="#mixamorig_Spine-Interpolations"/>
      </sampler>
      <channel source="#mixamorig_Spine-Matrix-animation-transform" target="mixamorig_Spine/matrix"/>
    </animation>
    <animation id="mixamorig_Spine1-anim" name="mixamorig_Spine1">
      <source id="mixamorig_Spine1-Matrix-animation-input">
        <float_array id="mixamorig_Spine1-Matrix-animation-input-array" count="40">

0.000000 0.033333 0.066667 0.100000 0.133333 0.166667 0.200000 0.233333 0.266667 0.300000 0.333333 0.366667 0.400000 0.433333 0.466667 0.500000
0.533333 0.566667 0.600000 0.633333 0.666667 0.700000 0.733333 0.766667 0.800000 0.833333 0.866667 0.900000 0.933333 0.966667 1.000000 1.033333
1.066667 1.100000 1.133333 1.166667 1.200000 1.233333 1.266667 1.300000</float_array>
        <technique_common>
          <accessor source="#mixamorig_Spine1-Matrix-animation-input-array" count="40">
            <param name="TIME" type="float"/>
          </accessor>
        </technique_common>
      </source>
      <source id="mixamorig_Spine1-Matrix-animation-output-transform">
        <float_array id="mixamorig_Spine1-Matrix-animation-output-transform-array" count="640">

0.999791 -0.001913 -0.020377 0.000000 -0.000540 0.992806 -0.119730 12.655100 0.020460 0.119716 0.992597 0.000000 0.000000 0.000000 0.000000 1.000000
0.999652 0.000303 -0.026393 0.000000 -0.003599 0.992163 -0.124899 12.655100 0.026148 0.124951 0.991818 0.000000 0.000000 0.000000 0.000000 1.000000
0.999533 0.003027 -0.030398 0.000000 -0.006979 0.991389 -0.130761 12.655100 0.029740 0.130912 0.990948 0.000000 0.000000 0.000000 0.000000 1.000000
0.999401 0.006132 -0.034056 0.000000 -0.010723 0.990611 -0.136289 12.655100 0.032900 0.136573 0.990084 0.000000 0.000000 0.000000 0.000000 1.000000
0.999229 0.009056 -0.038208 0.000000 -0.014339 0.989996 -0.140364 12.655100 0.036555 0.140804 0.989362 0.000000 0.000000 0.000000 0.000000 1.000000
0.998995 0.011172 -0.043408 -0.000000 -0.017254 0.989663 -0.142371 12.655100 0.041369 0.142977 0.988861 0.000000 0.000000 0.000000 0.000000 1.000000
0.998677 0.011703 -0.050082 -0.000000 -0.018720 0.989688 -0.142012 12.655100 0.047903 0.142762 0.988597 0.000000 0.000000 0.000000 0.000000 1.000000
0.998321 0.009923 -0.057061 0.000000 -0.017800 0.990099 -0.139239 12.655100 0.055114 0.140021 0.988614 0.000000 0.000000 0.000000 0.000000 1.000000
0.997987 0.006416 -0.063100 0.000000 -0.014874 0.990801 -0.134510 12.655100 0.061656 0.135178 0.988901 0.000000 0.000000 0.000000 0.000000 1.000000
0.997660 0.002691 -0.068315 -0.000000 -0.011423 0.991740 -0.127757 12.655100 0.067407 0.128238 0.989450 0.000000 0.000000 0.000000 0.000000 1.000000
0.997278 -0.000620 -0.073736 0.000000 -0.008386 0.992523 -0.121772 12.655100 0.073260 0.122059 0.989815 0.000000 0.000000 0.000000 0.000000 1.000000
0.996833 -0.003604 -0.079438 -0.000000 -0.005756 0.993081 -0.117292 12.655100 0.079311 0.117378 0.989915 0.000000 0.000000 0.000000 0.000000 1.000000
0.996487 -0.005087 -0.083590 0.000000 -0.004617 0.993297 -0.115494 12.655100 0.083617 0.115474 0.989785 0.000000 0.000000 0.000000 0.000000 1.000000
0.996525 -0.005305 -0.083121 0.000000 -0.005523 0.991563 -0.129506 12.655100 0.083106 0.129515 0.988089 -0.000000 0.000000 0.000000 0.000000 1.000000
0.996889 -0.004558 -0.078685 0.000000 -0.007548 0.988217 -0.152873 12.655100 0.078454 0.152991 0.985108 0.000000 0.000000 0.000000 0.000000 1.000000
0.997311 -0.002742 -0.073229 0.000000 -0.009874 0.985157 -0.171372 12.655100 0.072612 0.171634 0.982481 0.000000 0.000000 0.000000 0.000000 1.000000
0.997629 -0.000822 -0.068823 -0.000000 -0.011030 0.985097 -0.171647 12.655100 0.067938 0.171999 0.982752 -0.000000 0.000000 0.000000 0.000000 1.000000
0.997833 0.000259 -0.065790 0.000000 -0.010696 0.987328 -0.158335 12.655100 0.064915 0.158696 0.985191 0.000000 0.000000 0.000000 0.000000 1.000000
0.997973 0.000545 -0.063635 0.000000 -0.009859 0.989212 -0.146159 12.655100 0.062869 0.146491 0.987212 0.000000 0.000000 0.000000 0.000000 1.000000
0.998088 0.000976 -0.061801 -0.000000 -0.009404 0.990633 -0.136230 12.655100 0.061089 0.136550 0.988748 0.000000 0.000000 0.000000 0.000000 1.000000
0.998208 0.002958 -0.059764 0.000000 -0.010694 0.991516 -0.129545 12.655100 0.058874 0.129952 0.989771 0.000000 0.000000 0.000000 0.000000 1.000000
0.998320 0.008028 -0.057381 0.000000 -0.015273 0.991789 -0.126971 12.655100 0.055891 0.127634 0.990245 0.000000 0.000000 0.000000 0.000000 1.000000
0.998468 0.014034 -0.053524 -0.000000 -0.020318 0.992720 -0.118721 12.655100 0.051468 0.119627 0.991484 0.000000 0.000000 0.000000 0.000000 1.000000
0.998788 0.017757 -0.045902 0.000000 -0.022893 0.993226 -0.113921 12.655100 0.043569 0.114834 0.992429 0.000000 0.000000 0.000000 0.000000 1.000000
0.999202 0.018805 -0.035247 -0.000000 -0.022680 0.993340 -0.112967 12.655100 0.032888 0.113676 0.992973 0.000000 0.000000 0.000000 0.000000 1.000000
0.999565 0.017938 -0.023421 -0.000000 -0.020456 0.993482 -0.112140 12.655100 0.021257 0.112571 0.993416 0.000000 0.000000 0.000000 0.000000 1.000000
0.999809 0.015271 -0.012167 0.000000 -0.016530 0.993662 -0.111186 12.655100 0.010392 0.111366 0.993725 0.000000 0.000000 0.000000 0.000000 1.000000
0.999932 0.011306 -0.002846 0.000000 -0.011551 0.993833 -0.110281 12.655100 0.001581 0.110306 0.993896 0.000000 0.000000 0.000000 0.000000 1.000000
0.999971 0.006833 0.003438 0.000000 -0.006412 0.993861 -0.110447 12.655100 -0.004171 0.110421 0.993876 0.000000 0.000000 0.000000 0.000000 1.000000
0.999978 0.002956 0.005928 -0.000000 -0.002272 0.993680 -0.112227 12.655100 -0.006222 0.112211 0.993665 0.000000 0.000000 0.000000 0.000000 1.000000
0.999990 0.000655 0.004483 -0.000000 -0.000136 0.993379 -0.114886 12.655100 -0.004528 0.114884 0.993369 0.000000 0.000000 0.000000 0.000000 1.000000
1.000000 0.000509 0.000118 0.000000 -0.000491 0.992799 -0.119789 12.655100 -0.000178 0.119789 0.992799 0.000000 0.000000 0.000000 0.000000 1.000000
0.999991 -0.002570 -0.003397 0.000000 0.002159 0.993251 -0.115961 12.655100 0.003672 0.115953 0.993248 0.000000 0.000000 0.000000 0.000000 1.000000
0.999978 -0.003646 -0.005562 0.000000 0.002980 0.993305 -0.115483 12.655100 0.005946 0.115464 0.993294 0.000000 0.000000 0.000000 0.000000 1.000000
0.999971 -0.003744 -0.006591 0.000000 0.002957 0.993301 -0.115516 12.655100 0.006979 0.115493 0.993284 0.000000 0.000000 0.000000 0.000000 1.000000
0.999962 -0.002562 -0.008389 -0.000000 0.001569 0.993212 -0.116308 12.655100 0.008630 0.116290 0.993178 0.000000 0.000000 0.000000 0.000000 1.000000
0.999930 -0.001332 -0.011771 0.000000 -0.000058 0.993095 -0.117313 12.655100 0.011846 0.117305 0.993025 0.000000 0.000000 0.000000 0.000000 1.000000
0.999874 -0.000868 -0.015824 0.000000 -0.001010 0.992978 -0.118295 12.655100 0.015816 0.118296 0.992852 0.000000 0.000000 0.000000 0.000000 1.000000
0.999818 -0.001311 -0.019019 0.000000 -0.000964 0.992878 -0.119132 12.655100 0.019040 0.119128 0.992696 -0.000000 0.000000 0.000000 0.000000 1.000000
0.999791 -0.001913 -0.020377 0.000000 -0.000540 0.992806 -0.119731 12.655100 0.020460 0.119716 0.992597 0.000000 0.000000 0.000000 0.000000 1.000000</float_array>
        <technique_common>
          <accessor source="#mixamorig_Spine1-Matrix-animation-output-transform-array" count="40" stride="16">
            <param type="float4x4"/>
          </accessor>
        </technique_common>
      </source>
      <source id="mixamorig_Spine1-Interpolations">
        <Name_array id="mixamorig_Spine1-Interpolations-array" count="40">
 LINEAR LINEAR LINEAR LINEAR LINEAR LINEAR LINEAR LINEAR LINEAR LINEAR LINEAR
LINEAR LINEAR LINEAR LINEAR LINEAR LINEAR LINEAR LINEAR LINEAR LINEAR LINEAR LINEAR
LINEAR LINEAR LINEAR LINEAR LINEAR LINEAR LINEAR LINEAR LINEAR LINEAR LINEAR LINEAR
LINEAR LINEAR LINEAR LINEAR LINEAR</Name_array>
        <technique_common>
          <accessor source="#mixamorig_Spine1-Interpolations-array" count="40">
            <param type="name"/>
          </accessor>
        </technique_common>
      </source>
      <sampler id="mixamorig_Spine1-Matrix-animation-transform">
        <input semantic="INPUT" source="#mixamorig_Spine1-Matrix-animation-input"/>
        <input semantic="OUTPUT" source="#mixamorig_Spine1-Matrix-animation-output-transform"/>
        <input semantic="INTERPOLATION" source="#mixamorig_Spine1-Interpolations"/>
      </sampler>
      <channel source="#mixamorig_Spine1-Matrix-animation-transform" target="mixamorig_Spine1/matrix"/>
    </animation>
    <animation id="mixamorig_Spine2-anim" name="mixamorig_Spine2">
      <source id="mixamorig_Spine2-Matrix-animation-input">
        <float_array id="mixamorig_Spine2-Matrix-animation-input-array" count="40">

0.000000 0.033333 0.066667 0.100000 0.133333 0.166667 0.200000 0.233333 0.266667 0.300000 0.333333 0.366667 0.400000 0.433333 0.466667 0.500000
0.533333 0.566667 0.600000 0.633333 0.666667 0.700000 0.733333 0.766667 0.800000 0.833333 0.866667 0.900000 0.933333 0.966667 1.000000 1.033333
1.066667 1.100000 1.133333 1.166667 1.200000 1.233333 1.266667 1.300000</float_array>
        <technique_common>
          <accessor source="#mixamorig_Spine2-Matrix-animation-input-array" count="40">
            <param name="TIME" type="float"/>
          </accessor>
        </technique_common>
      </source>
      <source id="mixamorig_Spine2-Matrix-animation-output-transform">
        <float_array id="mixamorig_Spine2-Matrix-animation-output-transform-array" count="640">

0.999506 -0.029694 0.010267 -0.000000 0.029734 0.999551 -0.003763 14.459700 -0.010151 0.004066 0.999940 0.000000 0.000000 0.000000 0.000000 1.000000
0.999627 -0.027015 0.003924 0.000000 0.027050 0.999594 -0.009005 14.459700 -0.003679 0.009108 0.999952 0.000000 0.000000 0.000000 0.000000 1.000000
0.999713 -0.023970 -0.000485 0.000000 0.023960 0.999603 -0.014855 14.459700 0.000841 0.014839 0.999890 0.000000 0.000000 0.000000 0.000000 1.000000
0.999779 -0.020567 -0.004453 0.000000 0.020472 0.999583 -0.020387 14.459700 0.004870 0.020292 0.999782 -0.000000 0.000000 0.000000 0.000000 1.000000
0.999810 -0.017387 -0.008835 -0.000000 0.017167 0.999553 -0.024469 14.459700 0.009256 0.024313 0.999662 0.000000 0.000000 0.000000 0.000000 1.000000
0.999785 -0.015174 -0.014167 0.000000 0.014795 0.999540 -0.026482 14.459700 0.014563 0.026267 0.999549 0.000000 0.000000 0.000000 0.000000 1.000000
0.999675 -0.014649 -0.020849 -0.000000 0.014102 0.999559 -0.026127 14.459700 0.021222 0.025825 0.999441 0.000000 0.000000 0.000000 0.000000 1.000000
0.999480 -0.016684 -0.027608 -0.000000 0.016040 0.999598 -0.023387 14.459700 0.027987 0.022932 0.999345 0.000000 0.000000 0.000000 0.000000 1.000000
0.999236 -0.020726 -0.033129 0.000000 0.020112 0.999622 -0.018768 14.459700 0.033506 0.018087 0.999275 -0.000000 0.000000 0.000000 0.000000 1.000000
0.998980 -0.025157 -0.037485 -0.000000 0.024716 0.999620 -0.012202 14.459700 0.037778 0.011263 0.999223 0.000000 0.000000 0.000000 0.000000 1.000000
0.998688 -0.029441 -0.041899 0.000000 0.029195 0.999553 -0.006463 14.459700 0.042071 0.005231 0.999101 0.000000 0.000000 0.000000 0.000000 1.000000
0.998324 -0.033816 -0.046961 0.000000 0.033753 0.999428 -0.002129 14.459700 0.047006 0.000540 0.998894 0.000000 0.000000 0.000000 0.000000 1.000000
0.998036 -0.036929 -0.050607 -0.000000 0.036954 0.999317 -0.000435 14.459700 0.050589 -0.001436 0.998719 0.000000 0.000000 0.000000 0.000000 1.000000
0.998044 -0.037542 -0.049983 -0.000000 0.036861 0.999216 -0.014471 14.459700 0.050487 0.012600 0.998645 -0.000000 0.000000 0.000000 0.000000 1.000000
0.998306 -0.036030 -0.045683 0.000000 0.034313 0.998694 -0.037844 14.459700 0.046987 0.036213 0.998239 -0.000000 0.000000 0.000000 0.000000 1.000000
0.998634 -0.033247 -0.040318 -0.000000 0.030944 0.997924 -0.056475 14.459700 0.042111 0.055151 0.997590 0.000000 0.000000 0.000000 0.000000 1.000000
0.998870 -0.031065 -0.035955 0.000000 0.028987 0.997956 -0.056948 14.459700 0.037650 0.055841 0.997730 0.000000 0.000000 0.000000 0.000000 1.000000
0.999009 -0.029793 -0.033080 0.000000 0.028329 0.998636 -0.043856 14.459700 0.034341 0.042875 0.998490 0.000000 0.000000 0.000000 0.000000 1.000000
0.999099 -0.028639 -0.031328 0.000000 0.027635 0.999105 -0.032012 14.459700 0.032216 0.031117 0.998996 0.000000 0.000000 0.000000 0.000000 1.000000
0.999184 -0.027143 -0.029900 0.000000 0.026478 0.999398 -0.022423 14.459700 0.030490 0.021614 0.999301 0.000000 0.000000 0.000000 0.000000 1.000000
0.999300 -0.024513 -0.028242 0.000000 0.024068 0.999583 -0.015985 14.459700 0.028622 0.015295 0.999473 0.000000 0.000000 0.000000 0.000000 1.000000
0.999470 -0.019270 -0.026220 -0.000000 0.018921 0.999730 -0.013490 14.459700 0.026473 0.012987 0.999565 0.000000 0.000000 0.000000 0.000000 1.000000
0.999655 -0.013517 -0.022535 0.000000 0.013408 0.999898 -0.005006 14.459700 0.022601 0.004702 0.999734 0.000000 0.000000 0.000000 0.000000 1.000000
0.999839 -0.009995 -0.014889 -0.000000 0.010001 0.999950 0.000358 14.459700 0.014884 -0.000507 0.999889 -0.000000 0.000000 0.000000 0.000000 1.000000
0.999949 -0.009043 -0.004489 0.000000 0.009053 0.999956 0.002290 14.459700 0.004468 -0.002331 0.999987 0.000000 0.000000 0.000000 0.000000 1.000000
0.999926 -0.010161 0.006623 0.000000 0.010131 0.999938 0.004517 14.459700 -0.006668 -0.004449 0.999968 0.000000 0.000000 0.000000 0.000000 1.000000
0.999771 -0.013133 0.016924 0.000000 0.013023 0.999893 0.006618 14.459700 -0.017009 -0.006396 0.999835 0.000000 0.000000 0.000000 0.000000 1.000000
0.999527 -0.017364 0.025372 -0.000000 0.017164 0.999820 0.008074 14.459700 -0.025507 -0.007635 0.999645 0.000000 0.000000 0.000000 0.000000 1.000000
0.999276 -0.022010 0.031028 0.000000 0.021773 0.999731 0.007948 14.459700 -0.031194 -0.007267 0.999487 0.000000 0.000000 0.000000 0.000000 1.000000
0.999108 -0.025988 0.033297 0.000000 0.025809 0.999650 0.005797 14.459700 -0.033436 -0.004933 0.999429 0.000000 0.000000 0.000000 0.000000 1.000000
0.999071 -0.028259 0.032521 0.000000 0.028190 0.999599 0.002584 14.459700 -0.032581 -0.001665 0.999468 0.000000 0.000000 0.000000 0.000000 1.000000
0.999146 -0.028204 0.030191 -0.000000 0.028309 0.999595 -0.003048 14.459700 -0.030093 0.003900 0.999539 0.000000 0.000000 0.000000 0.000000 1.000000
0.999121 -0.030470 0.028775 0.000000 0.030463 0.999536 0.000687 14.459700 -0.028782 0.000190 0.999586 0.000000 0.000000 0.000000 0.000000 1.000000
0.999115 -0.031357 0.028026 0.000000 0.031339 0.999508 0.001071 14.459700 -0.028046 -0.000192 0.999607 -0.000000 0.000000 0.000000 0.000000 1.000000
0.999128 -0.031503 0.027393 0.000000 0.031489 0.999504 0.000971 14.459700 -0.027410 -0.000107 0.999624 0.000000 0.000000 0.000000 0.000000 1.000000
0.999215 -0.030393 0.025395 -0.000000 0.030401 0.999538 0.000066 14.459700 -0.025386 0.000707 0.999677 0.000000 0.000000 0.000000 0.000000 1.000000
0.999349 -0.029148 0.021253 0.000000 0.029178 0.999574 -0.001083 14.459700 -0.021212 0.001702 0.999774 0.000000 0.000000 0.000000 0.000000 1.000000
0.999459 -0.028636 0.016170 0.000000 0.028675 0.999586 -0.002190 14.459700 -0.016101 0.002653 0.999867 -0.000000 0.000000 0.000000 0.000000 1.000000
0.999506 -0.029029 0.012011 0.000000 0.029068 0.999573 -0.003105 14.459700 -0.011915 0.003453 0.999923 0.000000 0.000000 0.000000 0.000000 1.000000
0.999506 -0.029694 0.010267 0.000000 0.029734 0.999551 -0.003763 14.459700 -0.010151 0.004066 0.999940 0.000000 0.000000 0.000000 0.000000 1.000000</float_array>
        <technique_common>
          <accessor source="#mixamorig_Spine2-Matrix-animation-output-transform-array" count="40" stride="16">
            <param type="float4x4"/>
          </accessor>
        </technique_common>
      </source>
      <source id="mixamorig_Spine2-Interpolations">
        <Name_array id="mixamorig_Spine2-Interpolations-array" count="40">
 LINEAR LINEAR LINEAR LINEAR LINEAR LINEAR LINEAR LINEAR LINEAR LINEAR LINEAR
LINEAR LINEAR LINEAR LINEAR LINEAR LINEAR LINEAR LINEAR LINEAR LINEAR LINEAR LINEAR
LINEAR LINEAR LINEAR LINEAR LINEAR LINEAR LINEAR LINEAR LINEAR LINEAR LINEAR LINEAR
LINEAR LINEAR LINEAR LINEAR LINEAR</Name_array>
        <technique_common>
          <accessor source="#mixamorig_Spine2-Interpolations-array" count="40">
            <param type="name"/>
          </accessor>
        </technique_common>
      </source>
      <sampler id="mixamorig_Spine2-Matrix-animation-transform">
        <input semantic="INPUT" source="#mixamorig_Spine2-Matrix-animation-input"/>
        <input semantic="OUTPUT" source="#mixamorig_Spine2-Matrix-animation-output-transform"/>
        <input semantic="INTERPOLATION" source="#mixamorig_Spine2-Interpolations"/>
      </sampler>
      <channel source="#mixamorig_Spine2-Matrix-animation-transform" target="mixamorig_Spine2/matrix"/>
    </animation>
    <animation id="mixamorig_Neck-anim" name="mixamorig_Neck">
      <source id="mixamorig_Neck-Matrix-animation-input">
        <float_array id="mixamorig_Neck-Matrix-animation-input-array" count="40">

0.000000 0.033333 0.066667 0.100000 0.133333 0.166667 0.200000 0.233333 0.266667 0.300000 0.333333 0.366667 0.400000 0.433333 0.466667 0.500000
0.533333 0.566667 0.600000 0.633333 0.666667 0.700000 0.733333 0.766667 0.800000 0.833333 0.866667 0.900000 0.933333 0.966667 1.000000 1.033333
1.066667 1.100000 1.133333 1.166667 1.200000 1.233333 1.266667 1.300000</float_array>
        <technique_common>
          <accessor source="#mixamorig_Neck-Matrix-animation-input-array" count="40">
            <param name="TIME" type="float"/>
          </accessor>
        </technique_common>
      </source>
      <source id="mixamorig_Neck-Matrix-animation-output-transform">
        <float_array id="mixamorig_Neck-Matrix-animation-output-transform-array" count="640">

0.990385 0.121981 0.065260 0.000000 -0.136699 0.935360 0.326214 16.135700 -0.021250 -0.331998 0.943041 -0.000000 0.000000 0.000000 0.000000 1.000000
0.990457 0.120349 0.067160 0.000000 -0.135782 0.935610 0.325879 16.135700 -0.023616 -0.331889 0.943023 -0.000000 0.000000 0.000000 0.000000 1.000000
0.990136 0.121929 0.069014 0.000000 -0.137794 0.936575 0.322242 16.135700 -0.025346 -0.328573 0.944138 -0.000000 0.000000 0.000000 0.000000 1.000000
0.989597 0.124256 0.072514 0.000000 -0.141006 0.937730 0.317459 16.135700 -0.028553 -0.324381 0.945495 0.000000 0.000000 0.000000 0.000000 1.000000
0.989002 0.127236 0.075404 -0.000000 -0.144635 0.938583 0.313278 16.135700 -0.030913 -0.320739 0.946663 0.000000 0.000000 0.000000 0.000000 1.000000
0.988590 0.128852 0.078023 0.000000 -0.146928 0.939020 0.310893 16.135700 -0.033207 -0.318809 0.947237 0.000000 0.000000 0.000000 0.000000 1.000000
0.988657 0.128001 0.078564 0.000000 -0.146278 0.939256 0.310486 16.135700 -0.034050 -0.318456 0.947326 0.000000 0.000000 0.000000 0.000000 1.000000
0.989264 0.124758 0.076107 -0.000000 -0.142429 0.939691 0.310957 16.135700 -0.032723 -0.318459 0.947372 0.000000 0.000000 0.000000 0.000000 1.000000
0.990163 0.119892 0.072129 -0.000000 -0.136569 0.940252 0.311889 16.135700 -0.030427 -0.318671 0.947377 0.000000 0.000000 0.000000 0.000000 1.000000
0.991079 0.114983 0.067384 0.000000 -0.130464 0.940298 0.314356 16.135700 -0.027216 -0.320343 0.946911 -0.000000 0.000000 0.000000 0.000000 1.000000
0.991763 0.111412 0.063198 0.000000 -0.125922 0.938405 0.321777 16.135700 -0.023455 -0.327084 0.944704 0.000000 0.000000 0.000000 0.000000 1.000000
0.992002 0.109890 0.062097 0.000000 -0.124394 0.934559 0.333355 16.135700 -0.021401 -0.338413 0.940754 0.000000 0.000000 0.000000 0.000000 1.000000
0.991843 0.110694 0.063206 0.000000 -0.125912 0.928057 0.350508 16.135700 -0.019860 -0.355607 0.934424 0.000000 0.000000 0.000000 0.000000 1.000000
0.993081 0.101920 0.058337 0.000000 -0.116253 0.923488 0.365589 16.135700 -0.016613 -0.369842 0.928946 -0.000000 0.000000 0.000000 0.000000 1.000000
0.993294 0.100986 0.056295 0.000000 -0.114926 0.915562 0.385405 16.135700 -0.012621 -0.389291 0.921029 0.000000 0.000000 0.000000 0.000000 1.000000
0.992526 0.106920 0.058825 0.000000 -0.121647 0.905208 0.407186 16.135700 -0.009713 -0.411298 0.911449 0.000000 0.000000 0.000000 0.000000 1.000000
0.991332 0.115160 0.063243 0.000000 -0.131087 0.899230 0.417375 16.135700 -0.008805 -0.422047 0.906531 -0.000000 0.000000 0.000000 0.000000 1.000000
0.990508 0.120398 0.066319 -0.000000 -0.137109 0.899626 0.414578 16.135700 -0.009748 -0.419736 0.907594 0.000000 0.000000 0.000000 0.000000 1.000000
0.990473 0.120276 0.067065 0.000000 -0.137220 0.903015 0.407105 16.135700 -0.011595 -0.412429 0.910916 0.000000 0.000000 0.000000 0.000000 1.000000
0.990872 0.117507 0.066074 -0.000000 -0.134072 0.910156 0.391970 16.135700 -0.014078 -0.397250 0.917602 0.000000 0.000000 0.000000 0.000000 1.000000
0.991121 0.115765 0.065402 0.000000 -0.131898 0.918146 0.373646 16.135700 -0.016794 -0.378954 0.925263 0.000000 0.000000 0.000000 0.000000 1.000000
0.990654 0.118344 0.067815 0.000000 -0.134911 0.923369 0.359429 16.135700 -0.020082 -0.365219 0.930705 0.000000 0.000000 0.000000 0.000000 1.000000
0.988577 0.131199 0.074173 -0.000000 -0.148777 0.928169 0.341127 16.135700 -0.024090 -0.348266 0.937086 0.000000 0.000000 0.000000 0.000000 1.000000
0.984275 0.155602 0.083613 0.000000 -0.174605 0.928734 0.327058 16.135700 -0.026763 -0.336514 0.941298 0.000000 0.000000 0.000000 0.000000 1.000000
0.981877 0.167821 0.088055 0.000000 -0.187539 0.927366 0.323762 16.135700 -0.027325 -0.334409 0.942032 0.000000 0.000000 0.000000 0.000000 1.000000
0.980848 0.172999 0.089493 0.000000 -0.192891 0.926509 0.323069 16.135700 -0.027026 -0.334144 0.942135 0.000000 0.000000 0.000000 0.000000 1.000000
0.979826 0.177803 0.091247 -0.000000 -0.198009 0.925543 0.322743 16.135700 -0.027068 -0.334299 0.942078 0.000000 0.000000 0.000000 0.000000 1.000000
0.978963 0.181618 0.092989 -0.000000 -0.202224 0.924287 0.323726 16.135700 -0.027154 -0.335721 0.941570 -0.000000 0.000000 0.000000 0.000000 1.000000
0.978847 0.181986 0.093484 0.000000 -0.202807 0.923337 0.326066 16.135700 -0.026978 -0.338128 0.940713 0.000000 0.000000 0.000000 0.000000 1.000000
0.980302 0.175883 0.089851 0.000000 -0.195904 0.923706 0.329224 16.135700 -0.025091 -0.340341 0.939967 0.000000 0.000000 0.000000 0.000000 1.000000
0.983273 0.163037 0.081198 0.000000 -0.180930 0.925585 0.332500 16.135700 -0.020946 -0.341629 0.939601 -0.000000 0.000000 0.000000 0.000000 1.000000
0.986780 0.146256 0.069815 -0.000000 -0.161364 0.926677 0.339458 16.135700 -0.015048 -0.346236 0.938027 0.000000 0.000000 0.000000 0.000000 1.000000
0.989007 0.134962 0.060419 0.000000 -0.147480 0.929919 0.336898 16.135700 -0.010716 -0.342105 0.939601 0.000000 0.000000 0.000000 0.000000 1.000000
0.990385 0.127122 0.054565 0.000000 -0.138115 0.931002 0.337875 16.135700 -0.007849 -0.342162 0.939608 0.000000 0.000000 0.000000 0.000000 1.000000
0.990914 0.123856 0.052433 0.000000 -0.134311 0.931776 0.337275 16.135700 -0.007083 -0.341253 0.939945 0.000000 0.000000 0.000000 0.000000 1.000000
