<?xml version="1.0" encoding="utf-8"?>
<COLLADA xmlns="http://www.collada.org/2005/11/COLLADASchema" version="1.4.1">
  <asset>
    <contributor>
      <author>Mixamo</author>
      <authoring_tool>COLLADA Mixamo exporter</authoring_tool>
      <comments/>
    </contributor>
    <created>2024-12-02T02:30:08Z</created>
    <modified>2024-12-02T02:30:08Z</modified>
    <revision/>
    <title/>
    <unit meter="0.010000"/>
    <up_axis>Y_UP</up_axis>
  </asset>
  <library_animations>
    <animation id="mixamorig_Hips-anim" name="mixamorig_Hips">
      <source id="mixamorig_Hips-Matrix-animation-input">
        <float_array id="mixamorig_Hips-Matrix-animation-input-array" count="186">

0.000000 0.033333 0.066667 0.100000 0.133333 0.166667 0.200000 0.233333 0.266667 0.300000 0.333333 0.366667 0.400000 0.433333 0.466667 0.500000
0.533333 0.566667 0.600000 0.633333 0.666667 0.700000 0.733333 0.766667 0.800000 0.833333 0.866667 0.900000 0.933333 0.966667 1.000000 1.033333
1.066667 1.100000 1.133333 1.166667 1.200000 1.233333 1.266667 1.300000 1.333333 1.366667 1.400000 1.433333 1.466667 1.500000 1.533333 1.566667
1.600000 1.633333 1.666667 1.700000 1.733333 1.766667 1.800000 1.833333 1.866667 1.900000 1.933333 1.966667 2.000000 2.033333 2.066667 2.100000
2.133333 2.166667 2.200000 2.233333 2.266667 2.300000 2.333333 2.366667 2.400000 2.433333 2.466667 2.500000 2.533333 2.566667 2.600000 2.633333
2.666667 2.700000 2.733333 2.766667 2.800000 2.833333 2.866667 2.900000 2.933333 2.966667 3.000000 3.033333 3.066667 3.100000 3.133333 3.166667
3.200000 3.233333 3.266667 3.300000 3.333333 3.366667 3.400000 3.433333 3.466667 3.500000 3.533333 3.566667 3.600000 3.633333 3.666667 3.700000
3.733333 3.766667 3.800000 3.833333 3.866667 3.900000 3.933333 3.966667 4.000000 4.033333 4.066667 4.100000 4.133333 4.166667 4.200000 4.233333
4.266667 4.300000 4.333333 4.366667 4.400000 4.433333 4.466667 4.500000 4.533333 4.566667 4.600000 4.633333 4.666667 4.700000 4.733333 4.766667
4.800000 4.833333 4.866667 4.900000 4.933333 4.966667 5.000000 5.033333 5.066667 5.100000 5.133333 5.166667 5.200000 5.233333 5.266667 5.300000
5.333333 5.366667 5.400000 5.433333 5.466667 5.500000 5.533333 5.566667 5.600000 5.633333 5.666667 5.700000 5.733333 5.766667 5.800000 5.833333
5.866667 5.900000 5.933333 5.966667 6.000000 6.033333 6.066667 6.100000 6.133333 6.166667</float_array>
        <technique_common>
          <accessor source="#mixamorig_Hips-Matrix-animation-input-array" count="186">
            <param name="TIME" type="float"/>
          </accessor>
        </technique_common>
      </source>
      <source id="mixamorig_Hips-Matrix-animation-output-transform">
        <float_array id="mixamorig_Hips-Matrix-animation-output-transform-array" count="2976">

0.834514 -0.397300 0.381757 1.904878 0.201895 0.865165 0.459051 91.792046 -0.512664 -0.306010 0.802206 -0.267885 0.000000 0.000000 0.000000 1.000000
0.916231 -0.292836 0.273437 -1.086297 0.181372 0.911704 0.368645 97.177345 -0.357246 -0.288170 0.888444 -1.920217 0.000000 0.000000 0.000000 1.000000
0.974189 -0.180725 0.135255 -4.111391 0.139984 0.953727 0.266102 102.698959 -0.177087 -0.240300 0.954409 -3.633307 0.000000 0.000000 0.000000 1.000000
0.995234 -0.072130 -0.065624 -7.219264 0.081985 0.983282 0.162588 108.103500 0.052800 -0.167194 0.984509 -5.744457 0.000000 0.000000 0.000000 1.000000
0.968701 -0.000548 -0.248231 -10.395929 0.019519 0.997069 0.073970 112.649330 0.247463 -0.076500 0.965873 -7.575741 0.000000 0.000000 0.000000 1.000000
0.936633 0.031705 -0.348874 -13.311583 -0.020890 0.999179 0.034720 114.775482 0.349688 -0.025232 0.936526 -9.843858 0.000000 0.000000 0.000000 1.000000
0.900341 0.058914 -0.431179 -16.047729 -0.050755 0.998248 0.030414 114.525444 0.432216 -0.005498 0.901753 -12.277556 0.000000 0.000000 0.000000 1.000000
0.857942 0.059569 -0.510281 -18.889637 -0.053691 0.998212 0.026256 112.887115 0.510933 0.004872 0.859607 -14.519962 0.000000 0.000000 0.000000 1.000000
0.822783 0.060190 -0.565160 -21.861870 -0.056913 0.998104 0.023443 111.008636 0.565499 0.012876 0.824648 -16.765697 0.000000 0.000000 0.000000 1.000000
0.799734 0.060575 -0.597291 -25.061438 -0.060092 0.997977 0.020753 109.168518 0.597340 0.019295 0.801756 -19.237368 0.000000 0.000000 0.000000 1.000000
0.761001 0.076369 -0.644240 -29.184223 -0.067523 0.996978 0.038422 108.759087 0.645227 0.014262 0.763857 -22.140541 0.000000 0.000000 0.000000 1.000000
0.744671 0.096649 -0.660397 -33.226170 -0.093134 0.994826 0.040574 111.608131 0.660901 0.031291 0.749820 -24.924768 0.000000 0.000000 0.000000 1.000000
0.736511 0.108827 -0.667614 -37.270317 -0.127390 0.991628 0.021108 115.832191 0.664322 0.069501 0.744208 -28.186600 0.000000 0.000000 0.000000 1.000000
0.728782 0.097835 -0.677721 -41.233349 -0.145915 0.989196 -0.014110 120.186035 0.669019 0.109173 0.735184 -31.545994 0.000000 0.000000 0.000000 1.000000
0.721433 0.081461 -0.687676 -44.559780 -0.151851 0.987497 -0.042328 123.065346 0.675629 0.134961 0.724783 -34.921787 0.000000 0.000000 0.000000 1.000000
0.709311 0.081399 -0.700180 -47.339584 -0.155481 0.986912 -0.042777 124.233948 0.687534 0.139207 0.712684 -38.172237 0.000000 0.000000 0.000000 1.000000
0.678724 0.092789 -0.728508 -50.131836 -0.166689 0.985560 -0.029768 124.448723 0.715226 0.141638 0.684390 -40.910294 0.000000 0.000000 0.000000 1.000000
0.632613 0.090077 -0.769212 -53.117317 -0.177352 0.983670 -0.030666 123.514969 0.753888 0.155821 0.638257 -43.383324 0.000000 0.000000 0.000000 1.000000
0.574890 0.085031 -0.813800 -56.727562 -0.195869 0.979970 -0.035974 121.279739 0.794441 0.180080 0.580030 -45.590275 0.000000 0.000000 0.000000 1.000000
0.516133 0.062227 -0.854245 -60.421619 -0.219131 0.973757 -0.061465 117.516113 0.828003 0.218916 0.516224 -48.109631 0.000000 0.000000 0.000000 1.000000
0.497866 0.048363 -0.865904 -64.355301 -0.254105 0.962760 -0.092329 113.361275 0.829192 0.265998 0.491615 -50.300102 0.000000 0.000000 0.000000 1.000000
0.483923 0.044110 -0.873998 -68.440331 -0.265836 0.958943 -0.098794 108.887878 0.833756 0.280149 0.475781 -52.180435 0.000000 0.000000 0.000000 1.000000
0.434678 0.025683 -0.900220 -72.323708 -0.236676 0.967715 -0.086672 105.705727 0.868930 0.250735 0.426723 -52.973293 0.000000 0.000000 0.000000 1.000000
0.355120 0.002272 -0.934818 -76.689255 -0.220454 0.971996 -0.081384 104.006729 0.908455 0.234986 0.345676 -51.883842 0.000000 0.000000 0.000000 1.000000
0.250817 -0.026735 -0.967665 -81.809891 -0.196929 0.977307 -0.078045 103.637390 0.947792 0.210136 0.239860 -49.905514 0.000000 0.000000 0.000000 1.000000
0.113679 -0.043308 -0.992573 -87.846474 -0.144045 0.987775 -0.059596 103.217964 0.983020 0.149750 0.106050 -47.482861 0.000000 0.000000 0.000000 1.000000
-0.008727 -0.028044 -0.999569 -94.112160 -0.061774 0.997713 -0.027453 101.957146 0.998052 0.061507 -0.010440 -44.454330 0.000000 0.000000 0.000000 1.000000
-0.088352 0.004921 -0.996077 -100.035179 0.038136 0.999271 0.001554 99.472244 0.995359 -0.037849 -0.088476 -41.026405 0.000000 0.000000 0.000000 1.000000
-0.179382 0.038153 -0.983039 -106.406593 0.144909 0.989373 0.011957 95.689743 0.973048 -0.140307 -0.183005 -37.167702 0.000000 0.000000 0.000000 1.000000
-0.259308 0.061777 -0.963817 -113.230263 0.229220 0.973374 0.000719 91.817734 0.938199 -0.220740 -0.266564 -33.318535 0.000000 0.000000 0.000000 1.000000
-0.335212 0.085708 -0.938236 -120.044327 0.308654 0.950886 -0.023412 87.046867 0.890149 -0.297439 -0.345202 -29.839043 0.000000 0.000000 0.000000 1.000000
-0.397289 0.110731 -0.910989 -126.465881 0.369656 0.927906 -0.048423 80.984528 0.839950 -0.355990 -0.409579 -26.218189 0.000000 0.000000 0.000000 1.000000
-0.419930 0.123337 -0.899137 -132.662506 0.403549 0.912768 -0.063265 76.004745 0.812900 -0.389413 -0.433071 -23.881889 0.000000 0.000000 0.000000 1.000000
-0.445648 0.146643 -0.883116 -137.771133 0.438136 0.895995 -0.072315 71.471420 0.780663 -0.419152 -0.463548 -22.230633 0.000000 0.000000 0.000000 1.000000
-0.470681 0.173835 -0.865009 -142.507797 0.448182 0.891598 -0.064693 67.111641 0.759995 -0.418131 -0.497568 -21.223688 0.000000 0.000000 0.000000 1.000000
-0.483116 0.205188 -0.851174 -147.012070 0.432543 0.901170 -0.028266 62.531853 0.761252 -0.381825 -0.524123 -20.560968 0.000000 0.000000 0.000000 1.000000
-0.495630 0.234934 -0.836156 -151.702484 0.404602 0.914334 0.017073 57.613060 0.768537 -0.329848 -0.548226 -21.021952 0.000000 0.000000 0.000000 1.000000
-0.530722 0.270385 -0.803259 -156.487686 0.356913 0.930914 0.077539 52.449554 0.768731 -0.245541 -0.590561 -22.251371 0.000000 0.000000 0.000000 1.000000
-0.585529 0.281894 -0.760060 -160.687759 0.286630 0.949020 0.131165 47.308666 0.758287 -0.141055 -0.636478 -23.964361 0.000000 0.000000 0.000000 1.000000
-0.651584 0.241983 -0.718945 -163.768021 0.181903 0.969946 0.161604 46.508186 0.736444 -0.025480 -0.676019 -26.229219 0.000000 0.000000 0.000000 1.000000
-0.726377 0.179641 -0.663405 -165.179688 0.080064 0.980783 0.177919 45.641960 0.682617 0.076121 -0.726801 -28.707520 0.000000 0.000000 0.000000 1.000000
-0.787220 0.088301 -0.610318 -165.212265 -0.029270 0.983230 0.180007 44.871994 0.615978 0.159569 -0.771433 -30.615360 0.000000 0.000000 0.000000 1.000000
-0.811131 -0.058178 -0.581964 -163.671402 -0.177875 0.972445 0.150705 42.976471 0.557160 0.225759 -0.799128 -30.294308 0.000000 0.000000 0.000000 1.000000
-0.792198 -0.235101 -0.563161 -161.353928 -0.344274 0.934119 0.094327 42.498928 0.503883 0.268608 -0.820946 -28.918177 0.000000 0.000000 0.000000 1.000000
-0.732909 -0.401855 -0.548960 -158.800949 -0.483652 0.875246 0.005012 45.876038 0.478461 0.269179 -0.835834 -28.673721 0.000000 0.000000 0.000000 1.000000
-0.636317 -0.554656 -0.536151 -156.104324 -0.582162 0.801275 -0.138007 51.785606 0.506150 0.224310 -0.832765 -29.450741 0.000000 0.000000 0.000000 1.000000
-0.515993 -0.704205 -0.487695 -153.786743 -0.639899 0.695383 -0.327066 58.087654 0.569456 0.143312 -0.809433 -29.399109 0.000000 0.000000 0.000000 1.000000
-0.395352 -0.827875 -0.397894 -151.383133 -0.639212 0.559059 -0.528073 64.687073 0.659625 0.045564 -0.750212 -28.676634 0.000000 0.000000 0.000000 1.000000
-0.303498 -0.906926 -0.292189 -150.182434 -0.571405 0.418629 -0.705865 69.277824 0.762486 -0.047270 -0.645275 -28.151762 0.000000 0.000000 0.000000 1.000000
-0.245944 -0.953488 -0.174275 -148.861053 -0.447319 0.271158 -0.852279 73.072388 0.859894 -0.131656 -0.493203 -27.403097 0.000000 0.000000 0.000000 1.000000
-0.216613 -0.974719 -0.054781 -148.933487 -0.275068 0.114776 -0.954549 75.668678 0.936705 -0.191700 -0.292976 -28.252796 0.000000 0.000000 0.000000 1.000000
-0.216539 -0.975081 0.048252 -149.966522 -0.076991 -0.032215 -0.996511 76.579391 0.973233 -0.219499 -0.068097 -29.880146 0.000000 0.000000 0.000000 1.000000
-0.260620 -0.960848 0.094064 -150.909653 0.123149 -0.129721 -0.983873 75.232727 0.957555 -0.244833 0.152135 -31.603874 0.000000 0.000000 0.000000 1.000000
-0.313232 -0.942884 0.113383 -151.288849 0.272047 -0.203476 -0.940525 73.291809 0.909877 -0.263757 0.320244 -32.359665 0.000000 0.000000 0.000000 1.000000
-0.368883 -0.921855 0.118781 -152.038391 0.395255 -0.271242 -0.877611 71.574310 0.841248 -0.276787 0.464425 -32.886864 0.000000 0.000000 0.000000 1.000000
-0.418188 -0.902117 0.106315 -153.355148 0.501742 -0.326969 -0.800841 69.651108 0.757214 -0.281559 0.589365 -33.214985 0.000000 0.000000 0.000000 1.000000
-0.456017 -0.886935 0.073453 -155.030991 0.597596 -0.366321 -0.713224 68.073792 0.659491 -0.281347 0.697077 -33.464176 0.000000 0.000000 0.000000 1.000000
-0.478761 -0.877854 0.012638 -156.047577 0.690285 -0.385282 -0.612425 66.484901 0.542489 -0.284481 0.790427 -33.676369 0.000000 0.000000 0.000000 1.000000
-0.472728 -0.877038 -0.085630 -157.376953 0.780686 -0.371749 -0.502327 65.361702 0.408727 -0.304314 0.860427 -34.351223 0.000000 0.000000 0.000000 1.000000
-0.458330 -0.871593 -0.173953 -158.794968 0.840121 -0.360983 -0.404831 65.170464 0.290054 -0.331688 0.897693 -34.916279 0.000000 0.000000 0.000000 1.000000
-0.447667 -0.859466 -0.246804 -159.538940 0.874405 -0.362998 -0.321945 65.712234 0.187111 -0.359930 0.914024 -35.086357 0.000000 0.000000 0.000000 1.000000
-0.435087 -0.843723 -0.314374 -159.953674 0.895562 -0.369417 -0.247990 66.793289 0.093100 -0.389439 0.916335 -35.211807 0.000000 0.000000 0.000000 1.000000
-0.419514 -0.824347 -0.380079 -160.127472 0.907740 -0.379101 -0.179696 68.015800 0.004044 -0.420397 0.907331 -35.293472 0.000000 0.000000 0.000000 1.000000
-0.399355 -0.801293 -0.445471 -160.425537 0.913116 -0.391135 -0.115032 69.061485 -0.082065 -0.452705 0.887876 -35.356792 0.000000 0.000000 0.000000 1.000000
-0.373781 -0.773851 -0.511314 -161.016861 0.913038 -0.404011 -0.055997 69.674103 -0.163244 -0.487780 0.857568 -35.490047 0.000000 0.000000 0.000000 1.000000
-0.344002 -0.740998 -0.576701 -161.789047 0.909344 -0.415969 -0.007949 69.988701 -0.234000 -0.527154 0.816917 -35.559780 0.000000 0.000000 0.000000 1.000000
-0.291525 -0.712954 -0.637738 -162.748810 0.899801 -0.430632 0.070102 70.549217 -0.324610 -0.553400 0.767057 -36.047176 0.000000 0.000000 0.000000 1.000000
-0.223046 -0.688825 -0.689761 -163.684402 0.878761 -0.448352 0.163581 71.244949 -0.421934 -0.569649 0.705316 -36.863304 0.000000 0.000000 0.000000 1.000000
-0.176220 -0.674379 -0.717049 -164.207245 0.858930 -0.461165 0.222634 72.160988 -0.480818 -0.576662 0.660511 -37.761642 0.000000 0.000000 0.000000 1.000000
-0.143453 -0.663947 -0.733890 -164.521774 0.844800 -0.468419 0.258645 73.116531 -0.515495 -0.582887 0.628099 -38.708641 0.000000 0.000000 0.000000 1.000000
-0.111718 -0.653299 -0.748812 -164.806091 0.830358 -0.475325 0.290812 73.985725 -0.545916 -0.589293 0.595575 -39.850967 0.000000 0.000000 0.000000 1.000000
-0.064974 -0.638864 -0.766571 -165.003845 0.808148 -0.484330 0.335144 74.266548 -0.585385 -0.597727 0.547765 -41.025543 0.000000 0.000000 0.000000 1.000000
-0.010496 -0.622945 -0.782195 -165.077759 0.780087 -0.494483 0.383342 74.151863 -0.625583 -0.606157 0.491141 -42.164032 0.000000 0.000000 0.000000 1.000000
0.017299 -0.614667 -0.788597 -164.742935 0.764770 -0.499930 0.406444 73.756950 -0.644071 -0.610127 0.461430 -42.907280 0.000000 0.000000 0.000000 1.000000
0.018786 -0.616142 -0.787411 -163.990677 0.764148 -0.499028 0.408716 73.119026 -0.644767 -0.609377 0.461449 -43.317505 0.000000 0.000000 0.000000 1.000000
0.021079 -0.623695 -0.781384 -163.122437 0.763695 -0.494354 0.415192 72.289986 -0.645233 -0.605491 0.465892 -43.831364 0.000000 0.000000 0.000000 1.000000
0.025004 -0.636156 -0.771155 -162.326187 0.762324 -0.486894 0.426376 71.440964 -0.646713 -0.598531 0.472782 -44.496517 0.000000 0.000000 0.000000 1.000000
0.030154 -0.652647 -0.757062 -161.574829 0.760466 -0.476556 0.441119 70.535927 -0.648677 -0.589021 0.481946 -45.207710 0.000000 0.000000 0.000000 1.000000
0.037215 -0.672250 -0.739388 -160.738724 0.758135 -0.463042 0.459156 69.545876 -0.651035 -0.577643 0.492424 -45.933762 0.000000 0.000000 0.000000 1.000000
0.046816 -0.694032 -0.718421 -159.708344 0.754987 -0.446342 0.480388 68.378670 -0.654066 -0.564888 0.503089 -46.630585 0.000000 0.000000 0.000000 1.000000
0.058460 -0.717053 -0.694562 -158.568588 0.751210 -0.426622 0.503665 67.095863 -0.657470 -0.551206 0.513717 -47.313129 0.000000 0.000000 0.000000 1.000000
0.071986 -0.740424 -0.668275 -157.321686 0.746588 -0.404285 0.528355 65.692635 -0.661380 -0.536960 0.523689 -48.002911 0.000000 0.000000 0.000000 1.000000
0.087352 -0.763304 -0.640107 -155.919037 0.740934 -0.379724 0.553918 64.195152 -0.665872 -0.522663 0.532388 -48.832024 0.000000 0.000000 0.000000 1.000000
0.103539 -0.785006 -0.610775 -154.461502 0.734149 -0.353983 0.579414 62.704266 -0.671047 -0.508392 0.539661 -49.829391 0.000000 0.000000 0.000000 1.000000
0.119926 -0.805016 -0.581005 -153.029831 0.725681 -0.328294 0.604657 61.313618 -0.677499 -0.494138 0.544814 -50.726978 0.000000 0.000000 0.000000 1.000000
0.133907 -0.822851 -0.552254 -151.975800 0.718250 -0.303365 0.626168 60.507118 -0.682778 -0.480505 0.550390 -51.393192 0.000000 0.000000 0.000000 1.000000
0.146341 -0.838212 -0.525342 -151.052322 0.711079 -0.280058 0.644929 59.882248 -0.687714 -0.467940 0.555051 -51.972042 0.000000 0.000000 0.000000 1.000000
0.157272 -0.850841 -0.501334 -150.249969 0.704601 -0.259023 0.660640 59.400978 -0.691956 -0.457140 0.558766 -52.468704 0.000000 0.000000 0.000000 1.000000
0.166249 -0.860647 -0.481298 -149.607880 0.699041 -0.241389 0.673107 59.007458 -0.695488 -0.448351 0.561497 -52.839844 0.000000 0.000000 0.000000 1.000000
0.172873 -0.867560 -0.466320 -149.151016 0.694825 -0.228145 0.682033 58.703407 -0.698093 -0.441916 0.563362 -53.077633 0.000000 0.000000 0.000000 1.000000
0.176691 -0.871507 -0.457444 -148.883011 0.692314 -0.220312 0.687142 58.577667 -0.699629 -0.438107 0.564430 -53.215042 0.000000 0.000000 0.000000 1.000000
0.177598 -0.872643 -0.454920 -148.806686 0.691518 -0.218242 0.688602 58.770901 -0.700187 -0.436880 0.564690 -53.250687 0.000000 0.000000 0.000000 1.000000
0.177803 -0.873021 -0.454115 -148.747391 0.690795 -0.217925 0.689428 58.881283 -0.700848 -0.436283 0.564331 -53.291428 0.000000 0.000000 0.000000 1.000000
0.177928 -0.873330 -0.453471 -148.680161 0.690000 -0.217832 0.690253 58.982624 -0.701599 -0.435710 0.563839 -53.347492 0.000000 0.000000 0.000000 1.000000
0.177989 -0.873575 -0.452976 -148.608765 0.689133 -0.217940 0.691085 59.070847 -0.702436 -0.435166 0.563218 -53.410347 0.000000 0.000000 0.000000 1.000000
0.178000 -0.873760 -0.452614 -148.537018 0.688192 -0.218229 0.691931 59.145378 -0.703355 -0.434649 0.562470 -53.470692 0.000000 0.000000 0.000000 1.000000
0.177965 -0.873892 -0.452372 -148.464066 0.687196 -0.218674 0.692779 59.207806 -0.704336 -0.434159 0.561619 -53.532551 0.000000 0.000000 0.000000 1.000000
0.177889 -0.873975 -0.452243 -148.390762 0.686157 -0.219259 0.693624 59.258892 -0.705368 -0.433698 0.560680 -53.594379 0.000000 0.000000 0.000000 1.000000
0.177780 -0.874014 -0.452210 -148.318146 0.685084 -0.219961 0.694462 59.299408 -0.706438 -0.433264 0.559668 -53.654541 0.000000 0.000000 0.000000 1.000000
0.177644 -0.874013 -0.452264 -148.247192 0.683987 -0.220761 0.695289 59.330097 -0.707535 -0.432857 0.558596 -53.711464 0.000000 0.000000 0.000000 1.000000
0.177488 -0.873979 -0.452391 -148.178787 0.682876 -0.221639 0.696101 59.351742 -0.708645 -0.432477 0.557481 -53.763531 0.000000 0.000000 0.000000 1.000000
0.177318 -0.873916 -0.452580 -148.113998 0.681763 -0.222574 0.696893 59.365086 -0.709759 -0.432124 0.556337 -53.809139 0.000000 0.000000 0.000000 1.000000
0.177140 -0.873829 -0.452818 -148.053589 0.680657 -0.223547 0.697662 59.370930 -0.710864 -0.431798 0.555179 -53.846661 0.000000 0.000000 0.000000 1.000000
0.176960 -0.873724 -0.453092 -147.998428 0.679571 -0.224537 0.698403 59.370178 -0.711947 -0.431497 0.554023 -53.875248 0.000000 0.000000 0.000000 1.000000
0.176772 -0.873605 -0.453394 -147.946259 0.678529 -0.225527 0.699096 59.364815 -0.712987 -0.431221 0.552900 -53.901775 0.000000 0.000000 0.000000 1.000000
0.176573 -0.873478 -0.453716 -147.896042 0.677551 -0.226498 0.699731 59.356419 -0.713965 -0.430969 0.551833 -53.930099 0.000000 0.000000 0.000000 1.000000
0.176371 -0.873349 -0.454043 -147.848434 0.676650 -0.227430 0.700301 59.345921 -0.714870 -0.430741 0.550839 -53.959621 0.000000 0.000000 0.000000 1.000000
0.176171 -0.873222 -0.454366 -147.804001 0.675836 -0.228302 0.700802 59.334282 -0.715688 -0.430538 0.549935 -53.989769 0.000000 0.000000 0.000000 1.000000
0.175978 -0.873102 -0.454670 -147.763382 0.675125 -0.229093 0.701230 59.322346 -0.716406 -0.430361 0.549137 -54.020073 0.000000 0.000000 0.000000 1.000000
0.175798 -0.872994 -0.454946 -147.727371 0.674527 -0.229784 0.701578 59.311115 -0.717013 -0.430210 0.548463 -54.049946 0.000000 0.000000 0.000000 1.000000
0.175638 -0.872905 -0.455180 -147.696381 0.674057 -0.230352 0.701844 59.301483 -0.717495 -0.430088 0.547929 -54.078842 0.000000 0.000000 0.000000 1.000000
0.175502 -0.872838 -0.455361 -147.671204 0.673727 -0.230779 0.702021 59.294365 -0.717838 -0.429995 0.547552 -54.106239 0.000000 0.000000 0.000000 1.000000
0.175395 -0.872799 -0.455476 -147.652527 0.673548 -0.231044 0.702105 59.290535 -0.718032 -0.429931 0.547348 -54.132114 0.000000 0.000000 0.000000 1.000000
0.174958 -0.872921 -0.455410 -147.632599 0.675464 -0.230110 0.700569 59.295914 -0.716337 -0.430183 0.549367 -54.140976 0.000000 0.000000 0.000000 1.000000
0.174852 -0.873711 -0.453933 -147.557785 0.677981 -0.227479 0.698996 59.299137 -0.713981 -0.429979 0.552585 -54.143593 0.000000 0.000000 0.000000 1.000000
0.175228 -0.875103 -0.451098 -147.433258 0.680287 -0.223591 0.698009 59.298267 -0.711691 -0.429187 0.556142 -54.144630 0.000000 0.000000 0.000000 1.000000
0.175947 -0.876920 -0.447274 -147.272614 0.682527 -0.218744 0.697358 59.294693 -0.709366 -0.427974 0.560034 -54.143562 0.000000 0.000000 0.000000 1.000000
0.176865 -0.878990 -0.442827 -147.089676 0.684844 -0.213237 0.696791 59.289852 -0.706900 -0.426506 0.564257 -54.139893 0.000000 0.000000 0.000000 1.000000
0.177838 -0.881144 -0.438131 -146.897827 0.687384 -0.207370 0.696061 59.285122 -0.704185 -0.424950 0.568806 -54.133060 0.000000 0.000000 0.000000 1.000000
0.178723 -0.883226 -0.433556 -146.711075 0.690291 -0.201440 0.694925 59.281879 -0.701111 -0.423479 0.573680 -54.122570 0.000000 0.000000 0.000000 1.000000
0.179371 -0.885084 -0.429479 -146.542999 0.693712 -0.195753 0.693141 59.281403 -0.697560 -0.422264 0.578881 -54.107899 0.000000 0.000000 0.000000 1.000000
0.179631 -0.886578 -0.426277 -146.407272 0.697792 -0.190608 0.690475 59.285168 -0.693412 -0.421483 0.584408 -54.088573 0.000000 0.000000 0.000000 1.000000
0.179345 -0.887572 -0.424324 -146.317657 0.702670 -0.186305 0.686692 59.294807 -0.688542 -0.421315 0.590257 -54.064095 0.000000 0.000000 0.000000 1.000000
0.178349 -0.887930 -0.423994 -146.287781 0.708483 -0.183141 0.681551 59.311596 -0.682820 -0.421947 0.596421 -54.033909 0.000000 0.000000 0.000000 1.000000
0.176459 -0.887513 -0.425657 -146.331924 0.715365 -0.181403 0.674793 59.336163 -0.676103 -0.423573 0.602885 -53.997398 0.000000 0.000000 0.000000 1.000000
0.173477 -0.886167 -0.429667 -146.464355 0.723434 -0.181367 0.666145 59.369740 -0.668243 -0.426396 0.609621 -53.954292 0.000000 0.000000 0.000000 1.000000
0.169196 -0.883723 -0.436356 -146.697433 0.732759 -0.183293 0.655338 59.417500 -0.659118 -0.430625 0.616543 -53.904549 0.000000 0.000000 0.000000 1.000000
0.163673 -0.879982 -0.445918 -147.104446 0.742943 -0.187432 0.642577 59.463211 -0.649035 -0.436464 0.623099 -53.599480 0.000000 0.000000 0.000000 1.000000
0.157201 -0.874649 -0.458559 -147.874298 0.753811 -0.193706 0.627890 59.552193 -0.638010 -0.444372 0.628870 -52.647713 0.000000 0.000000 0.000000 1.000000
0.146977 -0.867150 -0.475867 -149.280396 0.769336 -0.202164 0.606013 60.289574 -0.621707 -0.455171 0.637416 -51.585148 0.000000 0.000000 0.000000 1.000000
0.130206 -0.854955 -0.502094 -151.069748 0.788479 -0.217737 0.575232 60.987385 -0.601122 -0.470789 0.645763 -50.591675 0.000000 0.000000 0.000000 1.000000
0.110080 -0.837135 -0.535806 -152.860092 0.809412 -0.237357 0.537135 61.527142 -0.576831 -0.492816 0.651459 -49.678211 0.000000 0.000000 0.000000 1.000000
0.090675 -0.815809 -0.571168 -154.758011 0.828634 -0.256322 0.497659 62.293652 -0.552398 -0.518415 0.652765 -48.712795 0.000000 0.000000 0.000000 1.000000
0.076601 -0.793515 -0.603710 -156.826782 0.844377 -0.270376 0.462519 63.343082 -0.530245 -0.545189 0.649315 -47.585667 0.000000 0.000000 0.000000 1.000000
0.064978 -0.769918 -0.634825 -159.055191 0.858592 -0.281058 0.428750 64.552055 -0.508526 -0.572915 0.642783 -46.438343 0.000000 0.000000 0.000000 1.000000
0.052294 -0.744137 -0.665978 -161.280853 0.872329 -0.290590 0.393191 65.757721 -0.486114 -0.601513 0.633936 -45.383480 0.000000 0.000000 0.000000 1.000000
0.041257 -0.717080 -0.695769 -163.413239 0.884453 -0.297736 0.359300 66.949097 -0.464802 -0.630198 0.621940 -44.400330 0.000000 0.000000 0.000000 1.000000
0.036404 -0.689839 -0.723047 -165.534515 0.893567 -0.301489 0.332630 68.109238 -0.447452 -0.658200 0.605442 -43.479275 0.000000 0.000000 0.000000 1.000000
0.048212 -0.662247 -0.747733 -167.376785 0.897503 -0.299822 0.323412 69.036316 -0.438365 -0.686685 0.579914 -42.407303 0.000000 0.000000 0.000000 1.000000
0.062534 -0.631549 -0.772810 -168.802078 0.899991 -0.299016 0.317184 69.578041 -0.431400 -0.715357 0.549689 -41.278957 0.000000 0.000000 0.000000 1.000000
0.070257 -0.595544 -0.800244 -170.202286 0.904789 -0.299745 0.302506 69.919556 -0.420024 -0.745306 0.517783 -40.003059 0.000000 0.000000 0.000000 1.000000
0.059551 -0.551757 -0.831876 -171.718109 0.914463 -0.304002 0.267097 70.005005 -0.400265 -0.776625 0.486458 -38.556839 0.000000 0.000000 0.000000 1.000000
0.026621 -0.502035 -0.864437 -173.086670 0.929364 -0.306085 0.206384 69.983002 -0.368203 -0.808872 0.458425 -37.084068 0.000000 0.000000 0.000000 1.000000
-0.031572 -0.442569 -0.896178 -174.457794 0.947520 -0.298642 0.114100 70.435005 -0.318133 -0.845545 0.428772 -35.535950 0.000000 0.000000 0.000000 1.000000
-0.108984 -0.376025 -0.920178 -175.805893 0.959584 -0.281419 0.001349 71.202415 -0.259463 -0.882841 0.391498 -34.040955 0.000000 0.000000 0.000000 1.000000
-0.197416 -0.306548 -0.931158 -176.903320 0.959167 -0.256654 -0.118861 72.051575 -0.202548 -0.916601 0.344699 -32.594646 0.000000 0.000000 0.000000 1.000000
-0.296087 -0.232825 -0.926351 -178.316742 0.942613 -0.227914 -0.244002 72.656586 -0.154319 -0.945435 0.286946 -31.408165 0.000000 0.000000 0.000000 1.000000
-0.407264 -0.150343 -0.900851 -180.573395 0.905515 -0.195069 -0.376817 73.544571 -0.119076 -0.969198 0.215583 -29.979488 0.000000 0.000000 0.000000 1.000000
-0.534655 -0.050860 -0.843539 -184.480682 0.838724 -0.154039 -0.522316 74.525246 -0.103373 -0.986755 0.125015 -27.751621 0.000000 0.000000 0.000000 1.000000
-0.667890 0.061655 -0.741702 -189.125244 0.735907 -0.094184 -0.670500 75.005768 -0.111196 -0.993644 0.017532 -25.120892 0.000000 0.000000 0.000000 1.000000
-0.782690 0.172224 -0.598110 -193.708603 0.604543 -0.018251 -0.796363 75.284630 -0.148069 -0.984889 -0.089832 -22.798697 0.000000 0.000000 0.000000 1.000000
-0.867697 0.277849 -0.412191 -198.590988 0.446706 0.072068 -0.891774 75.772614 -0.218073 -0.957918 -0.186650 -20.840458 0.000000 0.000000 0.000000 1.000000
-0.908884 0.374872 -0.182759 -203.952667 0.264672 0.179808 -0.947427 76.570549 -0.322302 -0.909473 -0.262642 -19.225191 0.000000 0.000000 0.000000 1.000000
-0.892002 0.449949 0.043337 -209.388184 0.095898 0.282054 -0.954594 77.801720 -0.441741 -0.847344 -0.294742 -18.821058 0.000000 0.000000 0.000000 1.000000
-0.814614 0.517049 0.262799 -215.199509 -0.062314 0.372457 -0.925955 79.232834 -0.576646 -0.770672 -0.271189 -20.147987 0.000000 0.000000 0.000000 1.000000
-0.671653 0.582124 0.458274 -221.062271 -0.201082 0.452108 -0.869002 80.977669 -0.713056 -0.675818 -0.186605 -23.204521 0.000000 0.000000 0.000000 1.000000
-0.480352 0.659582 0.578112 -225.717194 -0.278022 0.510637 -0.813606 82.724564 -0.831845 -0.551545 -0.061907 -29.201130 0.000000 0.000000 0.000000 1.000000
-0.277463 0.716300 0.640257 -229.765381 -0.286347 0.574477 -0.766799 84.592796 -0.917071 -0.396094 0.045714 -35.729099 0.000000 0.000000 0.000000 1.000000
-0.076357 0.733236 0.675674 -233.487442 -0.275161 0.635841 -0.721105 85.918961 -0.958361 -0.240980 0.153207 -41.609478 0.000000 0.000000 0.000000 1.000000
0.108976 0.705053 0.700732 -236.322693 -0.282348 0.697850 -0.658244 85.930252 -0.953102 -0.126117 0.275120 -47.142155 0.000000 0.000000 0.000000 1.000000
0.278073 0.655285 0.702337 -237.369751 -0.301209 0.753781 -0.584026 85.314178 -0.912112 -0.049149 0.406984 -52.230812 0.000000 0.000000 0.000000 1.000000
0.437869 0.592316 0.676337 -237.728546 -0.310448 0.805631 -0.504560 84.356262 -0.843737 0.010964 0.536645 -57.429806 0.000000 0.000000 0.000000 1.000000
0.587073 0.521080 0.619532 -237.745758 -0.304279 0.851214 -0.427608 83.154785 -0.750173 0.062527 0.658279 -62.925747 0.000000 0.000000 0.000000 1.000000
0.722327 0.453808 0.521825 -236.775299 -0.292300 0.884203 -0.364342 82.435989 -0.626740 0.110644 0.771333 -68.601357 0.000000 0.000000 0.000000 1.000000
0.834765 0.386530 0.392125 -234.505096 -0.275122 0.909705 -0.311039 82.185722 -0.476943 0.151763 0.865733 -73.754738 0.000000 0.000000 0.000000 1.000000
0.917586 0.312560 0.245645 -231.337952 -0.248056 0.933034 -0.260606 82.346893 -0.310650 0.178195 0.933672 -78.744392 0.000000 0.000000 0.000000 1.000000
0.966835 0.241387 0.083440 -227.086197 -0.218684 0.951182 -0.217785 83.486015 -0.131937 0.192315 0.972423 -83.209862 0.000000 0.000000 0.000000 1.000000
0.981816 0.166341 -0.091474 -221.845139 -0.180754 0.966404 -0.182731 85.572685 0.058006 0.195942 0.978898 -86.821060 0.000000 0.000000 0.000000 1.000000
0.963704 0.096939 -0.248753 -216.471512 -0.140319 0.976591 -0.163035 88.022339 0.227125 0.192022 0.954747 -89.513245 0.000000 0.000000 0.000000 1.000000
0.925758 0.023999 -0.377355 -210.864594 -0.089340 0.983610 -0.156622 90.764435 0.367412 0.178707 0.912728 -91.758583 0.000000 0.000000 0.000000 1.000000
0.869024 -0.051653 -0.492067 -206.071976 -0.029490 0.987360 -0.155725 92.848007 0.493891 0.149839 0.856516 -93.913704 0.000000 0.000000 0.000000 1.000000
0.791278 -0.122663 -0.599027 -201.615036 0.031434 0.986537 -0.160491 94.696159 0.610649 0.108164 0.784480 -95.968353 0.000000 0.000000 0.000000 1.000000
0.684180 -0.177806 -0.707306 -198.353592 0.079203 0.982204 -0.170298 97.216370 0.725000 0.060494 0.686088 -97.540527 0.000000 0.000000 0.000000 1.000000
0.550189 -0.201989 -0.810242 -196.258102 0.106698 0.979355 -0.171695 99.648766 0.828195 0.008014 0.560382 -99.063660 0.000000 0.000000 0.000000 1.000000
0.430634 -0.193041 -0.881640 -195.585968 0.108813 0.980837 -0.161612 102.406624 0.895943 -0.026339 0.443387 -100.200714 0.000000 0.000000 0.000000 1.000000
0.329942 -0.187924 -0.925107 -196.205246 0.098031 0.981507 -0.164418 105.721687 0.938897 -0.036440 0.342263 -101.492783 0.000000 0.000000 0.000000 1.000000
0.231788 -0.183187 -0.955362 -197.813248 0.090344 0.981918 -0.166360 109.664017 0.968562 -0.047752 0.244146 -103.077988 0.000000 0.000000 0.000000 1.000000
0.151029 -0.154786 -0.976336 -199.910233 0.079213 0.986384 -0.144125 113.631271 0.985350 -0.055571 0.161233 -105.225662 0.000000 0.000000 0.000000 1.000000
0.076273 -0.129233 -0.988677 -202.283707 0.055588 0.990574 -0.125193 116.335640 0.995536 -0.045410 0.082737 -107.620049 0.000000 0.000000 0.000000 1.000000
-0.006659 -0.093690 -0.995579 -204.802429 0.018760 0.995414 -0.093800 117.469307 0.999802 -0.019302 -0.004871 -110.211151 0.000000 0.000000 0.000000 1.000000
-0.088667 -0.020529 -0.995850 -206.939117 -0.030858 0.999364 -0.017854 116.685204 0.995583 0.029147 -0.089244 -113.252266 0.000000 0.000000 0.000000 1.000000
-0.166437 0.052330 -0.984663 -209.048996 -0.084284 0.994181 0.067083 113.794304 0.982443 0.094156 -0.161058 -116.703865 0.000000 0.000000 0.000000 1.000000
-0.241965 0.127265 -0.961902 -211.183899 -0.134633 0.977367 0.163178 109.473709 0.960899 0.168987 -0.219355 -120.183693 0.000000 0.000000 0.000000 1.000000
-0.316966 0.201455 -0.926795 -212.691956 -0.165953 0.950326 0.263326 103.924377 0.933805 0.237270 -0.267789 -123.293243 0.000000 0.000000 0.000000 1.000000
-0.392455 0.268976 -0.879563 -214.135696 -0.188567 0.912442 0.363169 97.764557 0.900234 0.308384 -0.307373 -126.277054 0.000000 0.000000 0.000000 1.000000
-0.467835 0.326424 -0.821327 -215.617798 -0.202232 0.865105 0.459016 91.815018 0.860368 0.380842 -0.338713 -129.193100 0.000000 0.000000 0.000000 1.000000</float_array>
        <technique_common>
          <accessor source="#mixamorig_Hips-Matrix-animation-output-transform-array" count="186" stride="16">
            <param type="float4x4"/>
          </accessor>
        </technique_common>
      </source>
      <source id="mixamorig_Hips-Interpolations">
        <Name_array id="mixamorig_Hips-Interpolations-array" count="186">
 LINEAR LINEAR LINEAR LINEAR LINEAR LINEAR LINEAR LINEAR LINEAR LINEAR LINEAR
LINEAR LINEAR LINEAR LINEAR LINEAR LINEAR LINEAR LINEAR LINEAR LINEAR LINEAR LINEAR
LINEAR LINEAR LINEAR LINEAR LINEAR LINEAR LINEAR LINEAR LINEAR LINEAR LINEAR LINEAR
LINEAR LINEAR LINEAR LINEAR LINEAR LINEAR LINEAR LINEAR LINEAR LINEAR LINEAR LINEAR
LINEAR LINEAR LINEAR LINEAR LINEAR LINEAR LINEAR LINEAR LINEAR LINEAR LINEAR LINEAR
LINEAR LINEAR LINEAR LINEAR LINEAR LINEAR LINEAR LINEAR LINEAR LINEAR LINEAR LINEAR
LINEAR LINEAR LINEAR LINEAR LINEAR LINEAR LINEAR LINEAR LINEAR LINEAR LINEAR LINEAR
LINEAR LINEAR LINEAR LINEAR LINEAR LINEAR LINEAR LINEAR LINEAR LINEAR LINEAR LINEAR
LINEAR LINEAR LINEAR LINEAR LINEAR LINEAR LINEAR LINEAR LINEAR LINEAR LINEAR LINEAR
LINEAR LINEAR LINEAR LINEAR LINEAR LINEAR LINEAR LINEAR LINEAR LINEAR LINEAR LINEAR
LINEAR LINEAR LINEAR LINEAR LINEAR LINEAR LINEAR LINEAR LINEAR LINEAR LINEAR LINEAR
LINEAR LINEAR LINEAR LINEAR LINEAR LINEAR LINEAR LINEAR LINEAR LINEAR LINEAR LINEAR
LINEAR LINEAR LINEAR LINEAR LINEAR LINEAR LINEAR LINEAR LINEAR LINEAR LINEAR LINEAR
LINEAR LINEAR LINEAR LINEAR LINEAR LINEAR LINEAR LINEAR LINEAR LINEAR LINEAR LINEAR
LINEAR LINEAR LINEAR LINEAR LINEAR LINEAR LINEAR LINEAR LINEAR LINEAR LINEAR LINEAR
LINEAR LINEAR LINEAR LINEAR LINEAR LINEAR LINEAR</Name_array>
        <technique_common>
          <accessor source="#mixamorig_Hips-Interpolations-array" count="186">
            <param type="name"/>
          </accessor>
        </technique_common>
      </source>
      <sampler id="mixamorig_Hips-Matrix-animation-transform">
        <input semantic="INPUT" source="#mixamorig_Hips-Matrix-animation-input"/>
        <input semantic="OUTPUT" source="#mixamorig_Hips-Matrix-animation-output-transform"/>
        <input semantic="INTERPOLATION" source="#mixamorig_Hips-Interpolations"/>
      </sampler>
      <channel source="#mixamorig_Hips-Matrix-animation-transform" target="mixamorig_Hips/matrix"/>
    </animation>
    <animation id="mixamorig_Spine-anim" name="mixamorig_Spine">
      <source id="mixamorig_Spine-Matrix-animation-input">
        <float_array id="mixamorig_Spine-Matrix-animation-input-array" count="186">

0.000000 0.033333 0.066667 0.100000 0.133333 0.166667 0.200000 0.233333 0.266667 0.300000 0.333333 0.366667 0.400000 0.433333 0.466667 0.500000
0.533333 0.566667 0.600000 0.633333 0.666667 0.700000 0.733333 0.766667 0.800000 0.833333 0.866667 0.900000 0.933333 0.966667 1.000000 1.033333
1.066667 1.100000 1.133333 1.166667 1.200000 1.233333 1.266667 1.300000 1.333333 1.366667 1.400000 1.433333 1.466667 1.500000 1.533333 1.566667
1.600000 1.633333 1.666667 1.700000 1.733333 1.766667 1.800000 1.833333 1.866667 1.900000 1.933333 1.966667 2.000000 2.033333 2.066667 2.100000
2.133333 2.166667 2.200000 2.233333 2.266667 2.300000 2.333333 2.366667 2.400000 2.433333 2.466667 2.500000 2.533333 2.566667 2.600000 2.633333
2.666667 2.700000 2.733333 2.766667 2.800000 2.833333 2.866667 2.900000 2.933333 2.966667 3.000000 3.033333 3.066667 3.100000 3.133333 3.166667
3.200000 3.233333 3.266667 3.300000 3.333333 3.366667 3.400000 3.433333 3.466667 3.500000 3.533333 3.566667 3.600000 3.633333 3.666667 3.700000
3.733333 3.766667 3.800000 3.833333 3.866667 3.900000 3.933333 3.966667 4.000000 4.033333 4.066667 4.100000 4.133333 4.166667 4.200000 4.233333
4.266667 4.300000 4.333333 4.366667 4.400000 4.433333 4.466667 4.500000 4.533333 4.566667 4.600000 4.633333 4.666667 4.700000 4.733333 4.766667
4.800000 4.833333 4.866667 4.900000 4.933333 4.966667 5.000000 5.033333 5.066667 5.100000 5.133333 5.166667 5.200000 5.233333 5.266667 5.300000
5.333333 5.366667 5.400000 5.433333 5.466667 5.500000 5.533333 5.566667 5.600000 5.633333 5.666667 5.700000 5.733333 5.766667 5.800000 5.833333
5.866667 5.900000 5.933333 5.966667 6.000000 6.033333 6.066667 6.100000 6.133333 6.166667</float_array>
        <technique_common>
          <accessor source="#mixamorig_Spine-Matrix-animation-input-array" count="186">
            <param name="TIME" type="float"/>
          </accessor>
        </technique_common>
      </source>
      <source id="mixamorig_Spine-Matrix-animation-output-transform">
        <float_array id="mixamorig_Spine-Matrix-animation-output-transform-array" count="2976">

0.981780 -0.057422 -0.181137 -0.006600 0.016057 0.974908 -0.222028 10.822600 0.189341 0.215074 0.958067 -0.430700 0.000000 0.000000 0.000000 1.000000
0.980535 -0.038035 -0.192625 -0.006600 -0.006892 0.973786 -0.227363 10.822600 0.196223 0.224264 0.954569 -0.430700 0.000000 0.000000 0.000000 1.000000
0.982518 -0.013898 -0.185649 -0.006600 -0.028590 0.974116 -0.224235 10.822600 0.183960 0.225622 0.956689 -0.430700 0.000000 0.000000 0.000000 1.000000
0.986364 0.007325 -0.164414 -0.006600 -0.042534 0.976416 -0.211668 10.822600 0.158985 0.215775 0.963413 -0.430700 0.000000 0.000000 0.000000 1.000000
0.989495 0.014128 -0.143874 -0.006600 -0.042945 0.979013 -0.199222 10.822600 0.138040 0.203308 0.969335 -0.430700 0.000000 0.000000 0.000000 1.000000
0.991136 0.007323 -0.132646 -0.006600 -0.033704 0.979673 -0.197751 10.822600 0.128501 0.200469 0.971236 -0.430700 0.000000 0.000000 0.000000 1.000000
0.992444 -0.001002 -0.122692 -0.006600 -0.024070 0.978946 -0.202696 10.822600 0.120312 0.204117 0.971525 -0.430700 0.000000 0.000000 0.000000 1.000000
0.994204 0.002057 -0.107489 -0.006600 -0.023906 0.979017 -0.202374 10.822600 0.104817 0.203770 0.973392 -0.430700 0.000000 0.000000 0.000000 1.000000
0.995835 0.015883 -0.089778 -0.006600 -0.033574 0.979396 -0.199139 10.822600 0.084765 0.201323 0.975850 -0.430700 0.000000 0.000000 0.000000 1.000000
0.997339 0.029128 -0.066835 -0.006600 -0.042149 0.978359 -0.202578 10.822600 0.059488 0.204856 0.976983 -0.430700 0.000000 0.000000 0.000000 1.000000
0.998956 0.031551 -0.033048 -0.006600 -0.037780 0.977165 -0.209098 10.822600 0.025696 0.210128 0.977336 -0.430700 0.000000 0.000000 0.000000 1.000000
0.999792 0.019938 0.004351 -0.006600 -0.018642 0.979048 -0.202773 10.822600 -0.008302 0.202650 0.979216 -0.430700 0.000000 0.000000 0.000000 1.000000
0.999563 0.003043 0.029387 -0.006600 0.002213 0.984176 -0.177179 10.822600 -0.029462 0.177166 0.983740 -0.430700 0.000000 0.000000 0.000000 1.000000
0.999355 -0.007859 0.035053 -0.006600 0.012950 0.988983 -0.147460 10.822600 -0.033508 0.147818 0.988447 -0.430700 0.000000 0.000000 0.000000 1.000000
0.999555 -0.013375 0.026664 -0.006600 0.016892 0.990514 -0.136371 10.822600 -0.024587 0.136761 0.990299 -0.430700 0.000000 0.000000 0.000000 1.000000
0.999654 -0.022274 0.014015 -0.006600 0.024128 0.988365 -0.150175 10.822600 -0.010507 0.150462 0.988560 -0.430700 0.000000 0.000000 0.000000 1.000000
0.999335 -0.036405 0.002235 -0.006600 0.036246 0.984426 -0.172023 10.822600 0.004062 0.171990 0.985090 -0.430700 0.000000 0.000000 0.000000 1.000000
0.998603 -0.052012 -0.009366 -0.006600 0.049478 0.982393 -0.180153 10.822600 0.018571 0.179438 0.983594 -0.430700 0.000000 0.000000 0.000000 1.000000
0.997049 -0.071223 -0.028657 -0.006600 0.065492 0.983849 -0.166590 10.822600 0.040059 0.164222 0.985610 -0.430700 0.000000 0.000000 0.000000 1.000000
0.993038 -0.096451 -0.067627 -0.006600 0.086142 0.986171 -0.141584 10.822600 0.080347 0.134773 0.987614 -0.430700 0.000000 0.000000 0.000000 1.000000
0.985348 -0.116819 -0.124266 -0.006600 0.101139 0.986889 -0.125782 10.822600 0.137330 0.111371 0.984244 -0.430700 0.000000 0.000000 0.000000 1.000000
0.976286 -0.123557 -0.177761 -0.006600 0.101169 0.986346 -0.129949 10.822600 0.191390 0.108884 0.975456 -0.430700 0.000000 0.000000 0.000000 1.000000
0.969163 -0.122289 -0.213934 -0.006600 0.092223 0.985080 -0.145304 10.822600 0.228512 0.121093 0.965981 -0.430700 0.000000 0.000000 0.000000 1.000000
0.962212 -0.134297 -0.236882 -0.006600 0.097724 0.982278 -0.159935 10.822600 0.254163 0.130742 0.958284 -0.430700 0.000000 0.000000 0.000000 1.000000
0.955810 -0.150783 -0.252371 -0.006600 0.109788 0.979419 -0.169368 10.822600 0.272715 0.134177 0.952693 -0.430700 0.000000 0.000000 0.000000 1.000000
