<?xml version="1.0" encoding="utf-8"?>
<COLLADA xmlns="http://www.collada.org/2005/11/COLLADASchema" version="1.4.1">
  <asset>
    <contributor>
      <author>Mixamo</author>
      <authoring_tool>COLLADA Mixamo exporter</authoring_tool>
      <comments/>
    </contributor>
    <created>2024-12-02T02:23:58Z</created>
    <modified>2024-12-02T02:23:58Z</modified>
    <revision/>
    <title/>
    <unit meter="0.010000"/>
    <up_axis>Y_UP</up_axis>
  </asset>
  <library_animations>
    <animation id="mixamorig_Hips-anim" name="mixamorig_Hips">
      <source id="mixamorig_Hips-Matrix-animation-input">
        <float_array id="mixamorig_Hips-Matrix-animation-input-array" count="118">

0.000000 0.033333 0.066667 0.100000 0.133333 0.166667 0.200000 0.233333 0.266667 0.300000 0.333333 0.366667 0.400000 0.433333 0.466667 0.500000
0.533333 0.566667 0.600000 0.633333 0.666667 0.700000 0.733333 0.766667 0.800000 0.833333 0.866667 0.900000 0.933333 0.966667 1.000000 1.033333
1.066667 1.100000 1.133333 1.166667 1.200000 1.233333 1.266667 1.300000 1.333333 1.366667 1.400000 1.433333 1.466667 1.500000 1.533333 1.566667
1.600000 1.633333 1.666667 1.700000 1.733333 1.766667 1.800000 1.833333 1.866667 1.900000 1.933333 1.966667 2.000000 2.033333 2.066667 2.100000
2.133333 2.166667 2.200000 2.233333 2.266667 2.300000 2.333333 2.366667 2.400000 2.433333 2.466667 2.500000 2.533333 2.566667 2.600000 2.633333
2.666667 2.700000 2.733333 2.766667 2.800000 2.833333 2.866667 2.900000 2.933333 2.966667 3.000000 3.033333 3.066667 3.100000 3.133333 3.166667
3.200000 3.233333 3.266667 3.300000 3.333333 3.366667 3.400000 3.433333 3.466667 3.500000 3.533333 3.566667 3.600000 3.633333 3.666667 3.700000
3.733333 3.766667 3.800000 3.833333 3.866667 3.900000</float_array>
        <technique_common>
          <accessor source="#mixamorig_Hips-Matrix-animation-input-array" count="118">
            <param name="TIME" type="float"/>
          </accessor>
        </technique_common>
      </source>
      <source id="mixamorig_Hips-Matrix-animation-output-transform">
        <float_array id="mixamorig_Hips-Matrix-animation-output-transform-array" count="1888">

0.581973 -0.121316 -0.804108 0.312591 -0.014267 0.987134 -0.159256 99.902451 0.813083 0.104155 0.572754 -0.351018 0.000000 0.000000 0.000000 1.000000
0.613828 -0.104291 -0.782521 -0.053180 -0.001707 0.991058 -0.133422 99.853317 0.789438 0.083234 0.608161 0.251284 0.000000 0.000000 0.000000 1.000000
0.653619 -0.082203 -0.752346 -0.487432 0.014079 0.995233 -0.096509 99.820213 0.756693 0.052487 0.651660 1.005843 0.000000 0.000000 0.000000 1.000000
0.703742 -0.053412 -0.708445 -1.022190 0.020100 0.998268 -0.055296 100.054161 0.710171 0.024675 0.703597 1.674066 0.000000 0.000000 0.000000 1.000000
0.746579 -0.040619 -0.664056 -1.329704 0.010862 0.998746 -0.048879 100.964355 0.665208 0.029279 0.746084 1.569689 0.000000 0.000000 0.000000 1.000000
0.777060 -0.060586 -0.626504 -0.992090 0.003980 0.995810 -0.091364 102.837563 0.629414 0.068502 0.774045 -0.217840 0.000000 0.000000 0.000000 1.000000
0.806651 -0.084688 -0.584928 -0.191156 0.005996 0.990802 -0.135184 105.214134 0.590997 0.105539 0.799740 -3.243219 0.000000 0.000000 0.000000 1.000000
0.838631 -0.102332 -0.535001 0.827609 0.010747 0.985112 -0.171580 108.227066 0.544594 0.138143 0.827245 -6.732856 0.000000 0.000000 0.000000 1.000000
0.867105 -0.108772 -0.486105 1.805083 0.009344 0.979248 -0.202451 111.459579 0.498038 0.171004 0.850127 -9.952302 0.000000 0.000000 0.000000 1.000000
0.879617 -0.102907 -0.464418 2.388118 -0.000083 0.976286 -0.216485 113.770378 0.475683 0.190463 0.858749 -11.898616 0.000000 0.000000 0.000000 1.000000
0.876264 -0.088246 -0.473682 2.657759 -0.017142 0.976754 -0.213678 114.990250 0.481527 0.195358 0.854381 -12.614956 0.000000 0.000000 0.000000 1.000000
0.866531 -0.072562 -0.493821 2.826277 -0.036090 0.977678 -0.206988 115.709648 0.497817 0.197184 0.844569 -12.827624 0.000000 0.000000 0.000000 1.000000
0.862011 -0.062743 -0.502991 2.952404 -0.043059 0.979659 -0.195996 115.897354 0.505057 0.190609 0.841775 -12.614195 0.000000 0.000000 0.000000 1.000000
0.864164 -0.059363 -0.499697 3.096563 -0.039807 0.981841 -0.185481 115.879494 0.501634 0.180178 0.846108 -12.222307 0.000000 0.000000 0.000000 1.000000
0.868022 -0.057985 -0.493129 3.234693 -0.033839 0.983940 -0.175263 115.820038 0.495372 0.168819 0.852119 -11.779253 0.000000 0.000000 0.000000 1.000000
0.872240 -0.057310 -0.485709 3.372754 -0.027424 0.985817 -0.165566 115.741135 0.488309 0.157733 0.858298 -11.302974 0.000000 0.000000 0.000000 1.000000
0.876284 -0.056934 -0.478419 3.511298 -0.021352 0.987429 -0.156616 115.653366 0.481321 0.147455 0.864052 -10.809034 0.000000 0.000000 0.000000 1.000000
0.878342 -0.058845 -0.474397 3.600828 -0.017064 0.987902 -0.154135 115.665947 0.477728 0.143478 0.866712 -10.323791 0.000000 0.000000 0.000000 1.000000
0.877907 -0.061098 -0.474917 3.625520 -0.015839 0.987578 -0.156331 115.672836 0.478569 0.144767 0.866034 -9.808454 0.000000 0.000000 0.000000 1.000000
0.875950 -0.061394 -0.478480 3.592161 -0.016856 0.987367 -0.157549 115.567719 0.482108 0.146070 0.863849 -9.213673 0.000000 0.000000 0.000000 1.000000
0.874141 -0.060343 -0.481910 3.520958 -0.017292 0.987755 -0.155050 115.312126 0.485365 0.143869 0.862394 -8.555504 0.000000 0.000000 0.000000 1.000000
0.872723 -0.059161 -0.484618 3.436974 -0.016755 0.988417 -0.150836 114.982216 0.487928 0.139758 0.861623 -7.875812 0.000000 0.000000 0.000000 1.000000
0.871459 -0.057879 -0.487042 3.347264 -0.015914 0.989153 -0.146023 114.629555 0.490211 0.135004 0.861085 -7.186155 0.000000 0.000000 0.000000 1.000000
0.870238 -0.056497 -0.489381 3.255732 -0.015059 0.989887 -0.141056 114.271820 0.492401 0.130121 0.860587 -6.491772 0.000000 0.000000 0.000000 1.000000
0.869072 -0.055033 -0.491615 3.160585 -0.014177 0.990614 -0.135954 113.912605 0.494482 0.125124 0.860134 -5.790115 0.000000 0.000000 0.000000 1.000000
0.868804 -0.052061 -0.492412 3.013487 -0.013505 0.991596 -0.128666 113.516060 0.494972 0.118436 0.860799 -4.988209 0.000000 0.000000 0.000000 1.000000
0.872917 -0.049038 -0.485397 2.732158 -0.010290 0.992864 -0.118811 112.952110 0.487760 0.108707 0.866183 -3.845189 0.000000 0.000000 0.000000 1.000000
0.878096 -0.046800 -0.476189 2.415551 -0.005937 0.994063 -0.108645 112.370323 0.478447 0.098228 0.872605 -2.629500 0.000000 0.000000 0.000000 1.000000
0.884091 -0.044868 -0.465156 2.075861 -0.001083 0.995181 -0.098050 111.774727 0.467313 0.087189 0.879782 -1.344399 0.000000 0.000000 0.000000 1.000000
0.890677 -0.042839 -0.452615 1.717321 0.003746 0.996208 -0.086917 111.152069 0.454622 0.075720 0.887460 0.006852 0.000000 0.000000 0.000000 1.000000
0.897638 -0.040515 -0.438868 1.338822 0.008269 0.997139 -0.075141 110.479721 0.440656 0.063820 0.895404 1.416932 0.000000 0.000000 0.000000 1.000000
0.904772 -0.037779 -0.424217 0.934995 0.012308 0.997961 -0.062624 109.727928 0.425718 0.051439 0.903393 2.879695 0.000000 0.000000 0.000000 1.000000
0.911895 -0.034489 -0.408972 0.508613 0.015668 0.998662 -0.049281 108.870178 0.410125 0.038532 0.911215 4.385185 0.000000 0.000000 0.000000 1.000000
0.918847 -0.030413 -0.393441 0.057765 0.018073 0.999223 -0.035032 107.883301 0.394201 0.025078 0.918682 5.922909 0.000000 0.000000 0.000000 1.000000
0.926015 -0.025744 -0.376608 -0.416992 0.019782 0.999610 -0.019690 106.798813 0.376968 0.010783 0.926163 7.494312 0.000000 0.000000 0.000000 1.000000
0.933653 -0.020947 -0.357567 -0.919667 0.021188 0.999770 -0.003244 105.658112 0.357553 -0.004547 0.933882 9.100230 0.000000 0.000000 0.000000 1.000000
0.941450 -0.016034 -0.336772 -1.449679 0.022071 0.999657 0.014105 104.463531 0.336431 -0.020712 0.941480 10.744230 0.000000 0.000000 0.000000 1.000000
0.949132 -0.010964 -0.314688 -1.998651 0.022200 0.999237 0.032143 103.218719 0.314096 -0.037495 0.948651 12.432478 0.000000 0.000000 0.000000 1.000000
0.956475 -0.005439 -0.291762 -2.555524 0.021128 0.998493 0.050649 101.904808 0.291047 -0.054609 0.955149 14.190884 0.000000 0.000000 0.000000 1.000000
0.963267 0.000325 -0.268546 -3.125900 0.019008 0.997409 0.069389 100.527145 0.267873 -0.071945 0.960764 16.010443 0.000000 0.000000 0.000000 1.000000
0.969385 0.006139 -0.245468 -3.728170 0.016009 0.995980 0.088131 99.077866 0.245023 -0.089363 0.965390 17.834120 0.000000 0.000000 0.000000 1.000000
0.974692 0.012065 -0.223227 -4.334616 0.012116 0.994224 0.106637 97.576324 0.223224 -0.106643 0.968916 19.688747 0.000000 0.000000 0.000000 1.000000
0.979103 0.017765 -0.202586 -4.949899 0.007796 0.992167 0.124678 96.016319 0.203214 -0.123652 0.971295 21.572222 0.000000 0.000000 0.000000 1.000000
0.982604 0.023138 -0.184268 -5.579568 0.003327 0.989856 0.142037 94.386589 0.185686 -0.140179 0.972559 23.476913 0.000000 0.000000 0.000000 1.000000
0.985237 0.028442 -0.168819 -6.223864 -0.001341 0.987356 0.158516 92.657623 0.171192 -0.155949 0.972817 25.379456 0.000000 0.000000 0.000000 1.000000
0.986350 0.034892 -0.160920 -6.901317 -0.006575 0.984857 0.173242 90.642189 0.164528 -0.169819 0.971644 27.341827 0.000000 0.000000 0.000000 1.000000
0.985917 0.043179 -0.161567 -7.549844 -0.012756 0.982695 0.184789 87.878242 0.166750 -0.180126 0.969407 29.726955 0.000000 0.000000 0.000000 1.000000
0.984451 0.051978 -0.167793 -8.129378 -0.018927 0.981044 0.192859 84.169510 0.174637 -0.186685 0.966773 32.751652 0.000000 0.000000 0.000000 1.000000
0.981498 0.060038 -0.181817 -8.674227 -0.023453 0.980115 0.197039 78.995956 0.190031 -0.189129 0.963389 36.674095 0.000000 0.000000 0.000000 1.000000
0.974777 0.070429 -0.211777 -9.226997 -0.028697 0.980579 0.194014 70.560745 0.221328 -0.183043 0.957867 42.472672 0.000000 0.000000 0.000000 1.000000
0.964811 0.081088 -0.250128 -9.564522 -0.034388 0.982003 0.185708 61.699959 0.260685 -0.170572 0.950236 48.542591 0.000000 0.000000 0.000000 1.000000
0.953717 0.087201 -0.287785 -9.098988 -0.037827 0.984218 0.172867 56.749481 0.298318 -0.153980 0.941964 52.543159 0.000000 0.000000 0.000000 1.000000
0.942145 0.084875 -0.324282 -7.703978 -0.035711 0.987322 0.154661 56.953987 0.333297 -0.134133 0.933232 54.077160 0.000000 0.000000 0.000000 1.000000
0.930245 0.079570 -0.358207 -6.142084 -0.032765 0.990318 0.134893 58.506329 0.365472 -0.113747 0.923846 54.853001 0.000000 0.000000 0.000000 1.000000
0.918104 0.073470 -0.389471 -4.783315 -0.029653 0.992648 0.117352 59.936028 0.395229 -0.096192 0.913532 55.529053 0.000000 0.000000 0.000000 1.000000
0.907603 0.072785 -0.413472 -3.894039 -0.030359 0.993657 0.108277 59.926682 0.418731 -0.085720 0.904056 56.283825 0.000000 0.000000 0.000000 1.000000
0.896691 0.074014 -0.436425 -3.336719 -0.031954 0.994173 0.102948 58.585403 0.441502 -0.078367 0.893832 57.097076 0.000000 0.000000 0.000000 1.000000
0.884818 0.079804 -0.459052 -2.929795 -0.036703 0.994099 0.102075 58.178619 0.464489 -0.073469 0.882526 57.926693 0.000000 0.000000 0.000000 1.000000
0.878031 0.090534 -0.469964 -2.600645 -0.047154 0.993532 0.103296 58.666836 0.476276 -0.068536 0.876621 58.580650 0.000000 0.000000 0.000000 1.000000
0.878961 0.102649 -0.465715 -2.410388 -0.061882 0.992853 0.102043 59.415359 0.472861 -0.060872 0.879032 58.996750 0.000000 0.000000 0.000000 1.000000
0.884948 0.111815 -0.452066 -2.386490 -0.073832 0.992156 0.100871 60.027126 0.459799 -0.055889 0.886262 59.278812 0.000000 0.000000 0.000000 1.000000
0.891365 0.118565 -0.437505 -2.501527 -0.080416 0.991238 0.104791 60.520710 0.446096 -0.058225 0.893089 59.591476 0.000000 0.000000 0.000000 1.000000
0.895776 0.125030 -0.426560 -2.636240 -0.087695 0.990474 0.106161 60.903870 0.435770 -0.057689 0.898208 60.006226 0.000000 0.000000 0.000000 1.000000
0.901908 0.126997 -0.412837 -2.730368 -0.093616 0.990554 0.100195 61.215446 0.421661 -0.051719 0.905277 60.411953 0.000000 0.000000 0.000000 1.000000
0.908793 0.123208 -0.398642 -2.862575 -0.096638 0.991583 0.086162 61.474831 0.405902 -0.039779 0.913050 60.845291 0.000000 0.000000 0.000000 1.000000
0.912646 0.116711 -0.391735 -3.072953 -0.096253 0.992783 0.071538 61.662289 0.397257 -0.027583 0.917293 61.334553 0.000000 0.000000 0.000000 1.000000
0.914600 0.111360 -0.388724 -3.406357 -0.095269 0.993612 0.060496 61.810387 0.392978 -0.018296 0.919366 61.866703 0.000000 0.000000 0.000000 1.000000
0.916368 0.104750 -0.386390 -3.836323 -0.094458 0.994485 0.045585 61.892628 0.389034 -0.005275 0.921208 62.450733 0.000000 0.000000 0.000000 1.000000
0.916200 0.098957 -0.388311 -4.365792 -0.093999 0.995064 0.031795 61.948502 0.389541 0.007371 0.920980 63.077583 0.000000 0.000000 0.000000 1.000000
0.916176 0.093391 -0.389744 -4.946231 -0.093994 0.995418 0.017571 61.978527 0.389599 0.020535 0.920756 63.694855 0.000000 0.000000 0.000000 1.000000
0.917334 0.085717 -0.388781 -5.510457 -0.092838 0.995681 0.000470 61.971146 0.387142 0.035663 0.921330 64.316093 0.000000 0.000000 0.000000 1.000000
0.918989 0.077251 -0.386641 -6.060185 -0.091007 0.995699 -0.017369 61.949707 0.383637 0.051149 0.922067 64.929825 0.000000 0.000000 0.000000 1.000000
0.921560 0.067378 -0.382345 -6.590121 -0.087322 0.995564 -0.035032 61.913574 0.378288 0.065671 0.923356 65.495995 0.000000 0.000000 0.000000 1.000000
0.926179 0.053379 -0.373288 -7.078356 -0.078775 0.995477 -0.053102 61.847801 0.368765 0.078587 0.926194 65.954582 0.000000 0.000000 0.000000 1.000000
0.930499 0.037712 -0.364347 -7.658941 -0.069496 0.994795 -0.074517 61.761681 0.359641 0.094659 0.928277 66.488380 0.000000 0.000000 0.000000 1.000000
0.935301 0.024034 -0.353035 -8.302771 -0.061648 0.993500 -0.095689 61.642330 0.348440 0.111262 0.930704 67.090004 0.000000 0.000000 0.000000 1.000000
0.941287 0.011744 -0.337403 -9.015426 -0.053947 0.991786 -0.115979 61.488213 0.333269 0.127371 0.934189 67.773560 0.000000 0.000000 0.000000 1.000000
0.947148 -0.000140 -0.320797 -9.739746 -0.046017 0.989599 -0.136294 61.317764 0.317479 0.143853 0.937290 68.485100 0.000000 0.000000 0.000000 1.000000
0.952825 -0.011936 -0.303287 -10.473523 -0.037908 0.986723 -0.157925 61.094395 0.301145 0.161972 0.939722 69.277138 0.000000 0.000000 0.000000 1.000000
0.958370 -0.023503 -0.284562 -11.214729 -0.029692 0.983000 -0.181187 60.818985 0.283982 0.182093 0.941380 70.134064 0.000000 0.000000 0.000000 1.000000
0.964237 -0.035229 -0.262689 -12.006348 -0.021266 0.977647 -0.209173 60.450821 0.264187 0.207279 0.941935 71.127663 0.000000 0.000000 0.000000 1.000000
0.970043 -0.046482 -0.238445 -12.823115 -0.012469 0.970705 -0.239951 60.015064 0.242613 0.235736 0.941046 72.202545 0.000000 0.000000 0.000000 1.000000
0.975323 -0.056981 -0.213302 -13.640563 -0.003012 0.962599 -0.270914 59.562943 0.220761 0.264871 0.938673 73.293633 0.000000 0.000000 0.000000 1.000000
0.980118 -0.066676 -0.186879 -14.462639 0.007170 0.953134 -0.302463 59.086067 0.198288 0.295109 0.934662 74.412094 0.000000 0.000000 0.000000 1.000000
0.984570 -0.075290 -0.157969 -15.301821 0.018129 0.941741 -0.335849 58.555756 0.174052 0.327803 0.928575 75.582947 0.000000 0.000000 0.000000 1.000000
0.989141 -0.082147 -0.121868 -16.203926 0.030561 0.926048 -0.376167 57.875645 0.143757 0.368358 0.918502 76.904633 0.000000 0.000000 0.000000 1.000000
0.993361 -0.090875 -0.070538 -17.301043 0.051263 0.898602 -0.435759 56.967503 0.102985 0.429250 0.897295 78.481712 0.000000 0.000000 0.000000 1.000000
0.995225 -0.096829 -0.012282 -18.472698 0.077722 0.862315 -0.500371 55.947304 0.059041 0.497027 0.865724 80.170692 0.000000 0.000000 0.000000 1.000000
0.993959 -0.098470 0.048472 -19.782963 0.108551 0.816785 -0.566639 54.673061 0.016206 0.568477 0.822539 82.170525 0.000000 0.000000 0.000000 1.000000
0.989508 -0.095337 0.108557 -21.425961 0.142839 0.758390 -0.635958 52.825081 -0.021699 0.644791 0.764051 84.945351 0.000000 0.000000 0.000000 1.000000
0.981818 -0.086378 0.169033 -23.428831 0.181816 0.683837 -0.706618 50.445999 -0.054555 0.724504 0.687109 88.592224 0.000000 0.000000 0.000000 1.000000
0.967873 -0.066357 0.242525 -25.938051 0.235141 0.580489 -0.779577 47.135250 -0.089053 0.811560 0.577443 93.365265 0.000000 0.000000 0.000000 1.000000
0.948951 -0.039447 0.312946 -28.349909 0.294416 0.466793 -0.833921 42.712242 -0.113185 0.883487 0.454577 98.140335 0.000000 0.000000 0.000000 1.000000
0.924345 -0.008714 0.381459 -30.474543 0.360684 0.346096 -0.866098 36.175423 -0.124474 0.938159 0.323055 102.609413 0.000000 0.000000 0.000000 1.000000
0.893556 0.013539 0.448749 -32.187923 0.433809 0.231382 -0.870788 28.333893 -0.115622 0.972769 0.200879 106.324371 0.000000 0.000000 0.000000 1.000000
0.862479 0.018399 0.505758 -33.533062 0.499223 0.133163 -0.856180 22.998051 -0.083101 0.990923 0.105665 109.447304 0.000000 0.000000 0.000000 1.000000
0.851004 0.005955 0.525126 -34.309662 0.524544 0.038770 -0.850500 21.958138 -0.025424 0.999230 0.029869 112.679771 0.000000 0.000000 0.000000 1.000000
0.873135 -0.001282 0.487476 -34.239750 0.486732 -0.053017 -0.871941 23.242998 0.026962 0.998593 -0.045667 116.208084 0.000000 0.000000 0.000000 1.000000
0.892540 0.006963 0.450914 -33.911903 0.449073 -0.105286 -0.887270 24.691784 0.041296 0.994418 -0.097099 119.065842 0.000000 0.000000 0.000000 1.000000
0.898863 0.015987 0.437939 -33.749451 0.436553 -0.120022 -0.891637 25.643908 0.038307 0.992642 -0.114863 120.351204 0.000000 0.000000 0.000000 1.000000
0.904763 0.019916 0.425449 -33.535034 0.424486 -0.123919 -0.896914 26.111153 0.034859 0.992092 -0.120572 121.183914 0.000000 0.000000 0.000000 1.000000
0.909915 0.015719 0.414496 -33.329262 0.413232 -0.121012 -0.902550 25.944061 0.035972 0.992527 -0.116606 121.512421 0.000000 0.000000 0.000000 1.000000
0.915464 0.009368 0.402290 -33.076145 0.400572 -0.116373 -0.908845 25.530033 0.038302 0.993161 -0.110288 121.647804 0.000000 0.000000 0.000000 1.000000
0.922492 0.003455 0.386001 -32.739441 0.383936 -0.111905 -0.916554 24.922266 0.040029 0.993713 -0.104558 121.642181 0.000000 0.000000 0.000000 1.000000
0.933915 0.001855 0.357491 -32.148075 0.355561 -0.108718 -0.928308 24.028273 0.037144 0.994071 -0.102193 121.352234 0.000000 0.000000 0.000000 1.000000
0.944565 0.002801 0.328312 -31.510477 0.326935 -0.099911 -0.939751 23.218620 0.030170 0.994992 -0.095288 120.925095 0.000000 0.000000 0.000000 1.000000
0.952549 0.006444 0.304316 -31.050064 0.303660 -0.089015 -0.948613 22.617004 0.020976 0.996009 -0.086748 120.276024 0.000000 0.000000 0.000000 1.000000
0.958836 0.012122 0.283701 -30.808716 0.283732 -0.080917 -0.955484 22.125721 0.011374 0.996647 -0.081025 119.260849 0.000000 0.000000 0.000000 1.000000
0.962996 0.019725 0.268793 -30.770851 0.269507 -0.078408 -0.959801 21.554991 0.002144 0.996726 -0.080823 117.830658 0.000000 0.000000 0.000000 1.000000
0.965516 0.025735 0.259069 -30.699060 0.260300 -0.077175 -0.962439 21.002535 -0.004775 0.996685 -0.081212 116.837761 0.000000 0.000000 0.000000 1.000000
0.966991 0.028011 0.253266 -30.583002 0.254674 -0.073716 -0.964213 20.732637 -0.008339 0.996886 -0.078417 116.539467 0.000000 0.000000 0.000000 1.000000
0.967908 0.027737 0.249770 -30.541430 0.251131 -0.069736 -0.965438 20.644539 -0.009360 0.997180 -0.074464 116.423203 0.000000 0.000000 0.000000 1.000000
0.968351 0.026599 0.248171 -30.541761 0.249420 -0.066214 -0.966129 20.573568 -0.009266 0.997451 -0.070753 116.405998 0.000000 0.000000 0.000000 1.000000
0.967328 0.026993 0.252088 -30.646088 0.253340 -0.064603 -0.965218 20.556673 -0.009768 0.997546 -0.069330 116.532730 0.000000 0.000000 0.000000 1.000000
0.964396 0.028291 0.262944 -30.849297 0.264297 -0.068104 -0.962034 20.575012 -0.009310 0.997277 -0.073156 116.788284 0.000000 0.000000 0.000000 1.000000
0.961312 0.028309 0.274004 -31.035297 0.275372 -0.073263 -0.958542 20.542931 -0.007061 0.996911 -0.078224 117.049866 0.000000 0.000000 0.000000 1.000000
0.958890 0.027298 0.282463 -31.143311 0.283751 -0.078362 -0.955691 20.455616 -0.003954 0.996551 -0.082887 117.260376 0.000000 0.000000 0.000000 1.000000
0.956533 0.026187 0.290445 -31.217571 0.291622 -0.083441 -0.952887 20.354317 -0.000718 0.996169 -0.087451 117.480530 0.000000 0.000000 0.000000 1.000000</float_array>
        <technique_common>
          <accessor source="#mixamorig_Hips-Matrix-animation-output-transform-array" count="118" stride="16">
            <param type="float4x4"/>
          </accessor>
        </technique_common>
      </source>
      <source id="mixamorig_Hips-Interpolations">
        <Name_array id="mixamorig_Hips-Interpolations-array" count="118">
 LINEAR LINEAR LINEAR LINEAR LINEAR LINEAR LINEAR LINEAR LINEAR LINEAR LINEAR
LINEAR LINEAR LINEAR LINEAR LINEAR LINEAR LINEAR LINEAR LINEAR LINEAR LINEAR LINEAR
LINEAR LINEAR LINEAR LINEAR LINEAR LINEAR LINEAR LINEAR LINEAR LINEAR LINEAR LINEAR
LINEAR LINEAR LINEAR LINEAR LINEAR LINEAR LINEAR LINEAR LINEAR LINEAR LINEAR LINEAR
LINEAR LINEAR LINEAR LINEAR LINEAR LINEAR LINEAR LINEAR LINEAR LINEAR LINEAR LINEAR
LINEAR LINEAR LINEAR LINEAR LINEAR LINEAR LINEAR LINEAR LINEAR LINEAR LINEAR LINEAR
LINEAR LINEAR LINEAR LINEAR LINEAR LINEAR LINEAR LINEAR LINEAR LINEAR LINEAR LINEAR
LINEAR LINEAR LINEAR LINEAR LINEAR LINEAR LINEAR LINEAR LINEAR LINEAR LINEAR LINEAR
LINEAR LINEAR LINEAR LINEAR LINEAR LINEAR LINEAR LINEAR LINEAR LINEAR LINEAR LINEAR
LINEAR LINEAR LINEAR LINEAR LINEAR LINEAR LINEAR LINEAR LINEAR LINEAR LINEAR</Name_array>
        <technique_common>
          <accessor source="#mixamorig_Hips-Interpolations-array" count="118">
            <param type="name"/>
          </accessor>
        </technique_common>
      </source>
      <sampler id="mixamorig_Hips-Matrix-animation-transform">
        <input semantic="INPUT" source="#mixamorig_Hips-Matrix-animation-input"/>
        <input semantic="OUTPUT" source="#mixamorig_Hips-Matrix-animation-output-transform"/>
        <input semantic="INTERPOLATION" source="#mixamorig_Hips-Interpolations"/>
      </sampler>
      <channel source="#mixamorig_Hips-Matrix-animation-transform" target="mixamorig_Hips/matrix"/>
    </animation>
    <animation id="mixamorig_Spine-anim" name="mixamorig_Spine">
      <source id="mixamorig_Spine-Matrix-animation-input">
        <float_array id="mixamorig_Spine-Matrix-animation-input-array" count="118">

0.000000 0.033333 0.066667 0.100000 0.133333 0.166667 0.200000 0.233333 0.266667 0.300000 0.333333 0.366667 0.400000 0.433333 0.466667 0.500000
0.533333 0.566667 0.600000 0.633333 0.666667 0.700000 0.733333 0.766667 0.800000 0.833333 0.866667 0.900000 0.933333 0.966667 1.000000 1.033333
1.066667 1.100000 1.133333 1.166667 1.200000 1.233333 1.266667 1.300000 1.333333 1.366667 1.400000 1.433333 1.466667 1.500000 1.533333 1.566667
1.600000 1.633333 1.666667 1.700000 1.733333 1.766667 1.800000 1.833333 1.866667 1.900000 1.933333 1.966667 2.000000 2.033333 2.066667 2.100000
2.133333 2.166667 2.200000 2.233333 2.266667 2.300000 2.333333 2.366667 2.400000 2.433333 2.466667 2.500000 2.533333 2.566667 2.600000 2.633333
2.666667 2.700000 2.733333 2.766667 2.800000 2.833333 2.866667 2.900000 2.933333 2.966667 3.000000 3.033333 3.066667 3.100000 3.133333 3.166667
3.200000 3.233333 3.266667 3.300000 3.333333 3.366667 3.400000 3.433333 3.466667 3.500000 3.533333 3.566667 3.600000 3.633333 3.666667 3.700000
3.733333 3.766667 3.800000 3.833333 3.866667 3.900000</float_array>
        <technique_common>
          <accessor source="#mixamorig_Spine-Matrix-animation-input-array" count="118">
            <param name="TIME" type="float"/>
          </accessor>
        </technique_common>
      </source>
      <source id="mixamorig_Spine-Matrix-animation-output-transform">
        <float_array id="mixamorig_Spine-Matrix-animation-output-transform-array" count="1888">

0.996660 0.051793 0.063139 -0.006600 -0.044638 0.992940 -0.109894 10.822600 -0.068385 0.106709 0.991936 -0.430700 0.000000 0.000000 0.000000 1.000000
0.997090 0.052884 0.054901 -0.006600 -0.045945 0.991618 -0.120760 10.822600 -0.060827 0.117886 0.991162 -0.430700 0.000000 0.000000 0.000000 1.000000
0.997748 0.054870 0.038589 -0.006600 -0.048948 0.988872 -0.140485 10.822600 -0.045868 0.138280 0.989331 -0.430700 0.000000 0.000000 0.000000 1.000000
0.998448 0.054419 0.011878 -0.006600 -0.051706 0.984825 -0.165670 10.822600 -0.020713 0.164798 0.986110 -0.430700 0.000000 0.000000 0.000000 1.000000
0.998313 0.056618 -0.012896 -0.006600 -0.058033 0.980504 -0.187736 10.822600 0.002015 0.188167 0.982135 -0.430700 0.000000 0.000000 0.000000 1.000000
0.997347 0.068264 -0.025266 -0.006600 -0.072137 0.973326 -0.217791 10.822600 0.009725 0.219036 0.975668 -0.430700 0.000000 0.000000 0.000000 1.000000
0.995861 0.084944 -0.032336 -0.006600 -0.090532 0.958609 -0.269950 10.822600 0.008067 0.271760 0.962331 -0.430700 0.000000 0.000000 0.000000 1.000000
0.994511 0.094999 -0.043861 -0.006600 -0.104255 0.935356 -0.337995 10.822600 0.008916 0.340712 0.940125 -0.430700 0.000000 0.000000 0.000000 1.000000
0.994007 0.093809 -0.056132 -0.006600 -0.108493 0.909573 -0.401131 10.822600 0.013427 0.404816 0.914299 -0.430700 0.000000 0.000000 0.000000 1.000000
0.994222 0.091586 -0.055980 -0.006600 -0.106931 0.890512 -0.442214 10.822600 0.009350 0.445645 0.895161 -0.430700 0.000000 0.000000 0.000000 1.000000
0.994613 0.096922 -0.036761 -0.006600 -0.102831 0.877826 -0.467810 10.822600 -0.013071 0.469070 0.883064 -0.430700 0.000000 0.000000 0.000000 1.000000
0.994079 0.108263 -0.009299 -0.006600 -0.099094 0.868111 -0.486378 10.822600 -0.044584 0.484420 0.873699 -0.430700 0.000000 0.000000 0.000000 1.000000
0.992981 0.117955 0.008683 -0.006600 -0.097816 0.860279 -0.500352 10.822600 -0.066489 0.495990 0.865779 -0.430700 0.000000 0.000000 0.000000 1.000000
0.992482 0.121702 0.012985 -0.006600 -0.098268 0.855601 -0.508222 10.822600 -0.072962 0.503125 0.861128 -0.430700 0.000000 0.000000 0.000000 1.000000
0.992200 0.123915 0.013607 -0.006600 -0.099335 0.851860 -0.514264 10.822600 -0.075316 0.508901 0.857524 -0.430700 0.000000 0.000000 0.000000 1.000000
0.992025 0.125336 0.013324 -0.006600 -0.100254 0.848703 -0.519281 10.822600 -0.076393 0.513804 0.854500 -0.430700 0.000000 0.000000 0.000000 1.000000
0.991903 0.126314 0.013162 -0.006600 -0.100792 0.846044 -0.523499 10.822600 -0.077261 0.517934 0.851925 -0.430700 0.000000 0.000000 0.000000 1.000000
0.991859 0.126472 0.014860 -0.006600 -0.100122 0.846623 -0.522690 10.822600 -0.078687 0.516947 0.852393 -0.430700 0.000000 0.000000 0.000000 1.000000
0.991875 0.125998 0.017540 -0.006600 -0.098771 0.849651 -0.518014 10.822600 -0.080171 0.512073 0.855193 -0.430700 0.000000 0.000000 0.000000 1.000000
0.991992 0.124854 0.019090 -0.006600 -0.097525 0.853200 -0.512386 10.822600 -0.080261 0.506420 0.858543 -0.430700 0.000000 0.000000 0.000000 1.000000
0.992172 0.123430 0.018970 -0.006600 -0.096755 0.855842 -0.508107 10.822600 -0.078950 0.502294 0.861085 -0.430700 0.000000 0.000000 0.000000 1.000000
0.992353 0.122191 0.017442 -0.006600 -0.096759 0.857850 -0.504708 10.822600 -0.076634 0.499161 0.863114 -0.430700 0.000000 0.000000 0.000000 1.000000
0.992527 0.121081 0.015148 -0.006600 -0.097214 0.859632 -0.501580 10.822600 -0.073753 0.496359 0.864979 -0.430700 0.000000 0.000000 0.000000 1.000000
0.992697 0.119966 0.012720 -0.006600 -0.097705 0.861349 -0.498529 10.822600 -0.070762 0.493645 0.866780 -0.430700 0.000000 0.000000 0.000000 1.000000
0.992883 0.118656 0.010200 -0.006600 -0.098055 0.863082 -0.495455 10.822600 -0.067592 0.490929 0.868574 -0.430700 0.000000 0.000000 0.000000 1.000000
0.993117 0.116868 0.007779 -0.006600 -0.097933 0.864976 -0.492164 10.822600 -0.064247 0.488015 0.870468 -0.430700 0.000000 0.000000 0.000000 1.000000
0.993462 0.114023 0.005587 -0.006600 -0.096765 0.867039 -0.488754 10.822600 -0.060573 0.485018 0.872404 -0.430700 0.000000 0.000000 0.000000 1.000000
0.993802 0.111123 0.003108 -0.006600 -0.095665 0.869129 -0.485246 10.822600 -0.056623 0.481941 0.874372 -0.430700 0.000000 0.000000 0.000000 1.000000
0.994154 0.107973 0.000667 -0.006600 -0.094301 0.871246 -0.481702 10.822600 -0.052592 0.478823 0.876335 -0.430700 0.000000 0.000000 0.000000 1.000000
0.994530 0.104439 -0.001513 -0.006600 -0.092444 0.873379 -0.478187 10.822600 -0.048620 0.475712 0.878257 -0.430700 0.000000 0.000000 0.000000 1.000000
0.994923 0.100585 -0.003348 -0.006600 -0.090108 0.875487 -0.474766 10.822600 -0.044824 0.472658 0.880105 -0.430700 0.000000 0.000000 0.000000 1.000000
0.995315 0.096568 -0.004797 -0.006600 -0.087412 0.877522 -0.471502 10.822600 -0.041322 0.469713 0.881852 -0.430700 0.000000 0.000000 0.000000 1.000000
0.995694 0.092524 -0.005802 -0.006600 -0.084451 0.879442 -0.468455 10.822600 -0.038240 0.466927 0.883468 -0.430700 0.000000 0.000000 0.000000 1.000000
0.996055 0.088518 -0.006266 -0.006600 -0.081242 0.881214 -0.465684 10.822600 -0.035700 0.464356 0.884929 -0.430700 0.000000 0.000000 0.000000 1.000000
0.996406 0.084486 -0.006168 -0.006600 -0.077719 0.882765 -0.463342 10.822600 -0.033701 0.462156 0.886158 -0.430700 0.000000 0.000000 0.000000 1.000000
0.996748 0.080390 -0.005621 -0.006600 -0.073905 0.884079 -0.461456 10.822600 -0.032127 0.460370 0.887145 -0.430700 0.000000 0.000000 0.000000 1.000000
0.997084 0.076169 -0.004684 -0.006600 -0.069785 0.885223 -0.459902 10.822600 -0.030884 0.458888 0.887957 -0.430700 0.000000 0.000000 0.000000 1.000000
0.997418 0.071731 -0.003416 -0.006600 -0.065308 0.886261 -0.458558 10.822600 -0.029865 0.457598 0.888658 -0.430700 0.000000 0.000000 0.000000 1.000000
0.997768 0.066745 -0.001808 -0.006600 -0.060182 0.887274 -0.457299 10.822600 -0.028918 0.456388 0.889311 -0.430700 0.000000 0.000000 0.000000 1.000000
0.998112 0.061427 -0.000035 -0.006600 -0.054685 0.888298 -0.456000 10.822600 -0.027980 0.455141 0.889980 -0.430700 0.000000 0.000000 0.000000 1.000000
0.998434 0.055922 0.001595 -0.006600 -0.049088 0.889374 -0.454538 10.822600 -0.026838 0.453748 0.890726 -0.430700 0.000000 0.000000 0.000000 1.000000
0.998730 0.050289 0.003120 -0.006600 -0.043428 0.890557 -0.452794 10.822600 -0.025549 0.452083 0.891610 -0.430700 0.000000 0.000000 0.000000 1.000000
0.998977 0.044999 0.004427 -0.006600 -0.038178 0.891884 -0.450650 10.822600 -0.024227 0.450020 0.892690 -0.430700 0.000000 0.000000 0.000000 1.000000
0.999172 0.040308 0.005466 -0.006600 -0.033590 0.893407 -0.447990 10.822600 -0.022941 0.447435 0.894022 -0.430700 0.000000 0.000000 0.000000 1.000000
0.999329 0.036088 0.006181 -0.006600 -0.029577 0.895192 -0.444698 10.822600 -0.021582 0.444217 0.895659 -0.430700 0.000000 0.000000 0.000000 1.000000
0.999444 0.032749 0.006321 -0.006600 -0.026634 0.897717 -0.439767 10.822600 -0.020077 0.439354 0.898090 -0.430700 0.000000 0.000000 0.000000 1.000000
0.999626 0.026539 0.006672 -0.006600 -0.021091 0.902558 -0.430051 10.822600 -0.017435 0.429749 0.902780 -0.430700 0.000000 0.000000 0.000000 1.000000
0.999863 0.014524 0.007893 -0.006600 -0.009972 0.910793 -0.412743 10.822600 -0.013183 0.412608 0.910813 -0.430700 0.000000 0.000000 0.000000 1.000000
0.999918 -0.006583 0.010974 -0.006600 0.010278 0.923983 -0.382296 10.822600 -0.007623 0.382377 0.923975 -0.430700 0.000000 0.000000 0.000000 1.000000
0.998622 -0.049035 0.018678 -0.006600 0.052464 0.939275 -0.339132 10.822600 -0.000914 0.339644 0.940554 -0.430700 0.000000 0.000000 0.000000 1.000000
0.995501 -0.090795 0.027100 -0.006600 0.094721 0.946181 -0.309465 10.822600 0.002456 0.310640 0.950524 -0.430700 0.000000 0.000000 0.000000 1.000000
0.993621 -0.107820 0.033055 -0.006600 0.112771 0.948315 -0.296616 10.822600 0.000635 0.298452 0.954425 -0.430700 0.000000 0.000000 0.000000 1.000000
0.994333 -0.099354 0.037825 -0.006600 0.106086 0.950423 -0.292304 10.822600 -0.006908 0.294660 0.955577 -0.430700 0.000000 0.000000 0.000000 1.000000
0.995464 -0.085656 0.041395 -0.006600 0.094046 0.951660 -0.292401 10.822600 -0.014349 0.294968 0.955400 -0.430700 0.000000 0.000000 0.000000 1.000000
0.996064 -0.077931 0.042230 -0.006600 0.087012 0.950503 -0.298283 10.822600 -0.016894 0.300783 0.953543 -0.430700 0.000000 0.000000 0.000000 1.000000
0.996347 -0.076810 0.037327 -0.006600 0.084571 0.948163 -0.306324 10.822600 -0.011863 0.308361 0.951195 -0.430700 0.000000 0.000000 0.000000 1.000000
0.996553 -0.077413 0.029812 -0.006600 0.082853 0.946586 -0.311624 10.822600 -0.004096 0.313020 0.949738 -0.430700 0.000000 0.000000 0.000000 1.000000
0.996819 -0.075827 0.024543 -0.006600 0.079698 0.946096 -0.313929 10.822600 0.000584 0.314887 0.949129 -0.430700 0.000000 0.000000 0.000000 1.000000
0.997125 -0.072495 0.022055 -0.006600 0.075749 0.945952 -0.315335 10.822600 0.001997 0.316099 0.948724 -0.430700 0.000000 0.000000 0.000000 1.000000
0.997460 -0.067778 0.021902 -0.006600 0.071225 0.945821 -0.316779 10.822600 0.000755 0.317534 0.948247 -0.430700 0.000000 0.000000 0.000000 1.000000
0.997891 -0.059574 0.025790 -0.006600 0.064698 0.945224 -0.319948 10.822600 -0.005317 0.320941 0.947084 -0.430700 0.000000 0.000000 0.000000 1.000000
0.998195 -0.049395 0.034171 -0.006600 0.057820 0.944277 -0.324034 10.822600 -0.016261 0.325425 0.945428 -0.430700 0.000000 0.000000 0.000000 1.000000
0.998284 -0.041945 0.040864 -0.006600 0.052988 0.944097 -0.325381 10.822600 -0.024931 0.326987 0.944700 -0.430700 0.000000 0.000000 0.000000 1.000000
0.998403 -0.039149 0.040719 -0.006600 0.050184 0.945644 -0.321309 10.822600 -0.025926 0.322839 0.946099 -0.430700 0.000000 0.000000 0.000000 1.000000
0.998588 -0.037662 0.037457 -0.006600 0.047543 0.948199 -0.314101 10.822600 -0.023687 0.315438 0.948650 -0.430700 0.000000 0.000000 0.000000 1.000000
0.998718 -0.034575 0.036973 -0.006600 0.044289 0.950533 -0.307451 10.822600 -0.024514 0.308694 0.950845 -0.430700 0.000000 0.000000 0.000000 1.000000
0.998794 -0.029920 0.038939 -0.006600 0.040319 0.952310 -0.302457 10.822600 -0.028032 0.303662 0.952367 -0.430700 0.000000 0.000000 0.000000 1.000000
0.998874 -0.024074 0.040877 -0.006600 0.035203 0.953753 -0.298522 10.822600 -0.031800 0.299625 0.953527 -0.430700 0.000000 0.000000 0.000000 1.000000
0.998936 -0.017186 0.042793 -0.006600 0.029062 0.955110 -0.294824 10.822600 -0.035805 0.295754 0.954593 -0.430700 0.000000 0.000000 0.000000 1.000000
0.998946 -0.010135 0.044769 -0.006600 0.022763 0.956324 -0.291421 10.822600 -0.039860 0.292133 0.955547 -0.430700 0.000000 0.000000 0.000000 1.000000
0.998946 -0.004141 0.045724 -0.006600 0.017143 0.957538 -0.287798 10.822600 -0.042591 0.288278 0.956599 -0.430700 0.000000 0.000000 0.000000 1.000000
0.998978 0.000758 0.045191 -0.006600 0.012141 0.958607 -0.284472 10.822600 -0.043536 0.284730 0.957619 -0.430700 0.000000 0.000000 0.000000 1.000000
0.999002 0.005831 0.044287 -0.006600 0.006945 0.959109 -0.282951 10.822600 -0.044126 0.282976 0.958111 -0.430700 0.000000 0.000000 0.000000 1.000000
0.998895 0.012086 0.045417 -0.006600 0.001214 0.959413 -0.282001 10.822600 -0.046982 0.281745 0.958338 -0.430700 0.000000 0.000000 0.000000 1.000000
0.998565 0.019101 0.050037 -0.006600 -0.004359 0.960129 -0.279522 10.822600 -0.053382 0.278903 0.958834 -0.430700 0.000000 0.000000 0.000000 1.000000
0.998024 0.026044 0.057177 -0.006600 -0.009312 0.961304 -0.275334 10.822600 -0.062135 0.274257 0.959647 -0.430700 0.000000 0.000000 0.000000 1.000000
0.997384 0.032608 0.064518 -0.006600 -0.013906 0.962362 -0.271416 10.822600 -0.070940 0.269809 0.960297 -0.430700 0.000000 0.000000 0.000000 1.000000
0.996749 0.038977 0.070515 -0.006600 -0.018647 0.963033 -0.268736 10.822600 -0.078383 0.266547 0.960629 -0.430700 0.000000 0.000000 0.000000 1.000000
0.996198 0.045252 0.074447 -0.006600 -0.023781 0.963314 -0.267321 10.822600 -0.083812 0.264534 0.960727 -0.430700 0.000000 0.000000 0.000000 1.000000
0.995813 0.051435 0.075568 -0.006600 -0.029447 0.963110 -0.267491 10.822600 -0.086539 0.264146 0.960592 -0.430700 0.000000 0.000000 0.000000 1.000000
0.995570 0.057990 0.074013 -0.006600 -0.036038 0.962388 -0.269279 10.822600 -0.086845 0.265418 0.960214 -0.430700 0.000000 0.000000 0.000000 1.000000
0.995416 0.064681 0.070446 -0.006600 -0.043194 0.961257 -0.272250 10.822600 -0.085326 0.267959 0.959644 -0.430700 0.000000 0.000000 0.000000 1.000000
0.995266 0.071417 0.065921 -0.006600 -0.050614 0.959894 -0.275758 10.822600 -0.082971 0.271116 0.958964 -0.430700 0.000000 0.000000 0.000000 1.000000
0.995089 0.078161 0.060737 -0.006600 -0.058201 0.958322 -0.279698 10.822600 -0.080067 0.274790 0.958165 -0.430700 0.000000 0.000000 0.000000 1.000000
0.994921 0.084723 0.054351 -0.006600 -0.065904 0.956416 -0.284475 10.822600 -0.076084 0.279448 0.957142 -0.430700 0.000000 0.000000 0.000000 1.000000
0.994816 0.090030 0.047278 -0.006600 -0.072621 0.954439 -0.289433 10.822600 -0.071181 0.284499 0.956030 -0.430700 0.000000 0.000000 0.000000 1.000000
0.994700 0.094614 0.040244 -0.006600 -0.078951 0.953605 -0.290524 10.822600 -0.065864 0.285807 0.956021 -0.430700 0.000000 0.000000 0.000000 1.000000
0.994560 0.098733 0.033193 -0.006600 -0.084963 0.953294 -0.289847 10.822600 -0.060261 0.285450 0.956497 -0.430700 0.000000 0.000000 0.000000 1.000000
0.994428 0.102370 0.025167 -0.006600 -0.090941 0.953803 -0.286337 10.822600 -0.053317 0.282453 0.957798 -0.430700 0.000000 0.000000 0.000000 1.000000
0.994319 0.105482 0.014280 -0.006600 -0.097443 0.955997 -0.276720 10.822600 -0.042840 0.273757 0.960844 -0.430700 0.000000 0.000000 0.000000 1.000000
0.994223 0.107327 -0.001364 -0.006600 -0.103963 0.959745 -0.260924 10.822600 -0.026695 0.259559 0.965358 -0.430700 0.000000 0.000000 0.000000 1.000000
0.993914 0.107331 -0.024806 -0.006600 -0.110141 0.963948 -0.242227 10.822600 -0.002087 0.243485 0.969902 -0.430700 0.000000 0.000000 0.000000 1.000000
0.993127 0.105284 -0.051119 -0.006600 -0.114049 0.968647 -0.220717 10.822600 0.026278 0.225030 0.973997 -0.430700 0.000000 0.000000 0.000000 1.000000
0.992382 0.098035 -0.074611 -0.006600 -0.111046 0.974070 -0.197119 10.822600 0.053352 0.203903 0.977536 -0.430700 0.000000 0.000000 0.000000 1.000000
0.993286 0.087135 -0.076097 -0.006600 -0.100046 0.977282 -0.186845 10.822600 0.058088 0.193204 0.979438 -0.430700 0.000000 0.000000 0.000000 1.000000
0.994836 0.086528 -0.053050 -0.006600 -0.095318 0.976074 -0.195434 10.822600 0.034870 0.199482 0.979281 -0.430700 0.000000 0.000000 0.000000 1.000000
0.992468 0.119219 -0.028183 -0.006600 -0.122451 0.972234 -0.199417 10.822600 0.003626 0.201366 0.979509 -0.430700 0.000000 0.000000 0.000000 1.000000
0.983587 0.177942 -0.029895 -0.006600 -0.180432 0.970970 -0.157040 10.822600 0.001083 0.159856 0.987140 -0.430700 0.000000 0.000000 0.000000 1.000000
0.976574 0.213403 -0.027628 -0.006600 -0.215152 0.970549 -0.108372 10.822600 0.003687 0.111777 0.993726 -0.430700 0.000000 0.000000 0.000000 1.000000
0.975740 0.217858 -0.021659 -0.006600 -0.218932 0.971034 -0.095717 10.822600 0.000179 0.098137 0.995173 -0.430700 0.000000 0.000000 0.000000 1.000000
0.975411 0.219358 -0.021323 -0.006600 -0.220392 0.970954 -0.093140 10.822600 0.000273 0.095549 0.995425 -0.430700 0.000000 0.000000 0.000000 1.000000
0.974573 0.222376 -0.027491 -0.006600 -0.224001 0.969940 -0.095078 10.822600 0.005521 0.098819 0.995090 -0.430700 0.000000 0.000000 0.000000 1.000000
0.973434 0.226190 -0.035550 -0.006600 -0.228636 0.968581 -0.097857 10.822600 0.012298 0.103385 0.994565 -0.430700 0.000000 0.000000 0.000000 1.000000
0.972073 0.230496 -0.044105 -0.006600 -0.233850 0.967156 -0.099616 10.822600 0.019695 0.107148 0.994048 -0.430700 0.000000 0.000000 0.000000 1.000000
0.970739 0.234359 -0.052365 -0.006600 -0.238544 0.966169 -0.098048 10.822600 0.027616 0.107670 0.993803 -0.430700 0.000000 0.000000 0.000000 1.000000
0.970379 0.233620 -0.061539 -0.006600 -0.238905 0.965810 -0.100676 10.822600 0.035915 0.112395 0.993014 -0.430700 0.000000 0.000000 0.000000 1.000000
0.970804 0.228888 -0.071768 -0.006600 -0.235663 0.965893 -0.107302 10.822600 0.044760 0.121083 0.991633 -0.430700 0.000000 0.000000 0.000000 1.000000
0.971456 0.223165 -0.080442 -0.006600 -0.231289 0.966401 -0.112137 10.822600 0.052715 0.127541 0.990431 -0.430700 0.000000 0.000000 0.000000 1.000000
0.972278 0.217740 -0.085231 -0.006600 -0.226446 0.967667 -0.111094 10.822600 0.058286 0.127315 0.990148 -0.430700 0.000000 0.000000 0.000000 1.000000
