<?xml version="1.0" encoding="utf-8"?>
<COLLADA xmlns="http://www.collada.org/2005/11/COLLADASchema" version="1.4.1">
  <asset>
    <contributor>
      <author>Mixamo</author>
      <authoring_tool>COLLADA Mixamo exporter</authoring_tool>
      <comments/>
    </contributor>
    <created>2024-12-02T02:21:11Z</created>
    <modified>2024-12-02T02:21:11Z</modified>
    <revision/>
    <title/>
    <unit meter="0.010000"/>
    <up_axis>Y_UP</up_axis>
  </asset>
  <library_animations>
    <animation id="mixamorig_Hips-anim" name="mixamorig_Hips">
      <source id="mixamorig_Hips-Matrix-animation-input">
        <float_array id="mixamorig_Hips-Matrix-animation-input-array" count="39">

0.000000 0.033333 0.066667 0.100000 0.133333 0.166667 0.200000 0.233333 0.266667 0.300000 0.333333 0.366667 0.400000 0.433333 0.466667 0.500000
0.533333 0.566667 0.600000 0.633333 0.666667 0.700000 0.733333 0.766667 0.800000 0.833333 0.866667 0.900000 0.933333 0.966667 1.000000 1.033333
1.066667 1.100000 1.133333 1.166667 1.200000 1.233333 1.266667</float_array>
        <technique_common>
          <accessor source="#mixamorig_Hips-Matrix-animation-input-array" count="39">
            <param name="TIME" type="float"/>
          </accessor>
        </technique_common>
      </source>
      <source id="mixamorig_Hips-Matrix-animation-output-transform">
        <float_array id="mixamorig_Hips-Matrix-animation-output-transform-array" count="624">

0.996978 0.023931 -0.073905 -0.054545 -0.017522 0.996125 0.086191 113.248772 0.075681 -0.084635 0.993534 1.179714 0.000000 0.000000 0.000000 1.000000
0.996124 0.020957 -0.085427 0.018358 -0.014153 0.996735 0.079490 113.187965 0.086814 -0.077973 0.993168 5.231186 0.000000 0.000000 0.000000 1.000000
0.996014 0.012294 -0.088351 0.128009 -0.005681 0.997188 0.074719 113.274803 0.089021 -0.073919 0.993283 9.352603 0.000000 0.000000 0.000000 1.000000
0.996282 0.001801 -0.086139 0.242130 0.004254 0.997533 0.070069 113.410225 0.086052 -0.070175 0.993816 13.485686 0.000000 0.000000 0.000000 1.000000
0.996525 -0.007063 -0.082998 0.427472 0.012559 0.997748 0.065883 113.347702 0.082345 -0.066696 0.994370 17.684589 0.000000 0.000000 0.000000 1.000000
0.996489 -0.011134 -0.082979 0.728001 0.016397 0.997877 0.063023 112.996956 0.082101 -0.064162 0.994557 22.078096 0.000000 0.000000 0.000000 1.000000
0.996093 -0.011101 -0.087609 1.094840 0.016427 0.998045 0.060310 112.393326 0.086768 -0.061513 0.994328 26.770845 0.000000 0.000000 0.000000 1.000000
0.995263 -0.012893 -0.096364 1.500221 0.018321 0.998282 0.055651 111.779259 0.095481 -0.057152 0.993789 31.708080 0.000000 0.000000 0.000000 1.000000
0.993899 -0.021847 -0.108108 1.990725 0.027203 0.998461 0.048318 111.195007 0.106886 -0.050964 0.992964 36.850563 0.000000 0.000000 0.000000 1.000000
0.992128 -0.039195 -0.118936 2.597499 0.044302 0.998193 0.040604 110.733376 0.117130 -0.045553 0.992071 42.130741 0.000000 0.000000 0.000000 1.000000
0.990312 -0.061865 -0.124316 3.325024 0.067221 0.996962 0.039352 110.446159 0.121504 -0.047327 0.991462 47.323200 0.000000 0.000000 0.000000 1.000000
0.988513 -0.082619 -0.126556 4.146477 0.089512 0.994741 0.049770 110.309494 0.121778 -0.060527 0.990710 52.285591 0.000000 0.000000 0.000000 1.000000
0.986137 -0.099157 -0.133047 4.932907 0.108714 0.991840 0.066588 110.173973 0.125359 -0.080129 0.988870 56.909431 0.000000 0.000000 0.000000 1.000000
0.983232 -0.112073 -0.143853 5.496361 0.124447 0.988988 0.080093 110.044792 0.133292 -0.096652 0.986353 61.230400 0.000000 0.000000 0.000000 1.000000
0.981710 -0.120158 -0.147674 5.784065 0.134098 0.987022 0.088344 110.125443 0.135142 -0.106531 0.985083 65.415222 0.000000 0.000000 0.000000 1.000000
0.983835 -0.120378 -0.132582 5.908914 0.133535 0.986456 0.095252 110.501190 0.119320 -0.111416 0.986585 69.559708 0.000000 0.000000 0.000000 1.000000
0.988835 -0.112788 -0.097386 5.989068 0.122665 0.987169 0.102226 111.098953 0.084607 -0.113030 0.989983 73.604561 0.000000 0.000000 0.000000 1.000000
0.993337 -0.101595 -0.054401 6.046768 0.106998 0.988387 0.107902 111.736519 0.042807 -0.113004 0.992672 77.523369 0.000000 0.000000 0.000000 1.000000
0.995478 -0.092650 -0.020953 6.075179 0.094431 0.989137 0.112654 112.200394 0.010288 -0.114123 0.993413 81.438049 0.000000 0.000000 0.000000 1.000000
0.996067 -0.088503 -0.004280 6.104302 0.088395 0.989186 0.117040 112.413826 -0.006125 -0.116958 0.993118 85.431358 0.000000 0.000000 0.000000 1.000000
0.996321 -0.085655 0.002925 6.154140 0.084722 0.989475 0.117310 112.512627 -0.012942 -0.116631 0.993091 89.373917 0.000000 0.000000 0.000000 1.000000
0.996762 -0.079975 0.008388 6.213679 0.078559 0.990739 0.110748 112.643631 -0.017167 -0.109731 0.993813 93.150070 0.000000 0.000000 0.000000 1.000000
0.997282 -0.072729 0.011770 6.270744 0.071161 0.992252 0.101843 112.704018 -0.019086 -0.100729 0.994731 96.882561 0.000000 0.000000 0.000000 1.000000
0.997496 -0.069535 0.012907 6.288517 0.067965 0.992966 0.096947 112.458405 -0.019557 -0.095827 0.995206 100.851929 0.000000 0.000000 0.000000 1.000000
0.997333 -0.071314 0.015550 6.175665 0.069524 0.993035 0.095117 111.896729 -0.022225 -0.093782 0.995345 105.190002 0.000000 0.000000 0.000000 1.000000
0.997263 -0.071090 0.020305 5.816105 0.069020 0.993638 0.088989 111.348755 -0.026502 -0.087344 0.995826 109.757652 0.000000 0.000000 0.000000 1.000000
0.997704 -0.063324 0.024012 5.175613 0.061358 0.995273 0.075274 110.949211 -0.028666 -0.073628 0.996874 114.466049 0.000000 0.000000 0.000000 1.000000
0.998485 -0.048808 0.025412 4.447280 0.047224 0.997106 0.059583 110.647675 -0.028247 -0.058293 0.997900 119.412369 0.000000 0.000000 0.000000 1.000000
0.999218 -0.030989 0.024548 3.842656 0.029753 0.998345 0.049219 110.421112 -0.026032 -0.048450 0.998486 124.624260 0.000000 0.000000 0.000000 1.000000
0.999733 -0.012193 0.019642 3.306743 0.011238 0.998782 0.048042 110.349167 -0.020204 -0.047809 0.998652 129.866028 0.000000 0.000000 0.000000 1.000000
0.999913 0.004336 0.012485 2.682770 -0.005018 0.998469 0.055093 110.469894 -0.012227 -0.055150 0.998403 134.867554 0.000000 0.000000 0.000000 1.000000
0.999813 0.016968 0.009236 1.989422 -0.017522 0.997815 0.063697 110.644051 -0.008135 -0.063846 0.997927 139.424255 0.000000 0.000000 0.000000 1.000000
0.999602 0.025439 0.012229 1.384713 -0.026213 0.997346 0.067919 110.884018 -0.010469 -0.068213 0.997616 143.552155 0.000000 0.000000 0.000000 1.000000
0.999484 0.028516 0.014800 0.929774 -0.029465 0.997219 0.068462 111.350739 -0.012806 -0.068862 0.997544 147.458160 0.000000 0.000000 0.000000 1.000000
0.999666 0.024770 0.007409 0.532361 -0.025226 0.997256 0.069599 112.080231 -0.005665 -0.069762 0.997548 151.303436 0.000000 0.000000 0.000000 1.000000
0.999751 0.018407 -0.012648 0.136491 -0.017434 0.997170 0.073135 112.841278 0.013958 -0.072896 0.997242 155.056335 0.000000 0.000000 0.000000 1.000000
0.999142 0.017210 -0.037671 -0.119997 -0.014233 0.996860 0.077897 113.233650 0.038893 -0.077294 0.996249 158.719360 0.000000 0.000000 0.000000 1.000000
0.998051 0.021484 -0.058596 -0.137277 -0.016584 0.996424 0.082852 113.232353 0.060167 -0.081719 0.994838 162.527802 0.000000 0.000000 0.000000 1.000000
0.996978 0.023931 -0.073905 -0.054544 -0.017522 0.996125 0.086191 113.248764 0.075681 -0.084635 0.993534 166.541504 0.000000 0.000000 0.000000 1.000000</float_array>
        <technique_common>
          <accessor source="#mixamorig_Hips-Matrix-animation-output-transform-array" count="39" stride="16">
            <param type="float4x4"/>
          </accessor>
        </technique_common>
      </source>
      <source id="mixamorig_Hips-Interpolations">
        <Name_array id="mixamorig_Hips-Interpolations-array" count="39">
 LINEAR LINEAR LINEAR LINEAR LINEAR LINEAR LINEAR LINEAR LINEAR LINEAR LINEAR
LINEAR LINEAR LINEAR LINEAR LINEAR LINEAR LINEAR LINEAR LINEAR LINEAR LINEAR LINEAR
LINEAR LINEAR LINEAR LINEAR LINEAR LINEAR LINEAR LINEAR LINEAR LINEAR LINEAR LINEAR
LINEAR LINEAR LINEAR LINEAR</Name_array>
        <technique_common>
          <accessor source="#mixamorig_Hips-Interpolations-array" count="39">
            <param type="name"/>
          </accessor>
        </technique_common>
      </source>
      <sampler id="mixamorig_Hips-Matrix-animation-transform">
        <input semantic="INPUT" source="#mixamorig_Hips-Matrix-animation-input"/>
        <input semantic="OUTPUT" source="#mixamorig_Hips-Matrix-animation-output-transform"/>
        <input semantic="INTERPOLATION" source="#mixamorig_Hips-Interpolations"/>
      </sampler>
      <channel source="#mixamorig_Hips-Matrix-animation-transform" target="mixamorig_Hips/matrix"/>
    </animation>
    <animation id="mixamorig_Spine-anim" name="mixamorig_Spine">
      <source id="mixamorig_Spine-Matrix-animation-input">
        <float_array id="mixamorig_Spine-Matrix-animation-input-array" count="39">

0.000000 0.033333 0.066667 0.100000 0.133333 0.166667 0.200000 0.233333 0.266667 0.300000 0.333333 0.366667 0.400000 0.433333 0.466667 0.500000
0.533333 0.566667 0.600000 0.633333 0.666667 0.700000 0.733333 0.766667 0.800000 0.833333 0.866667 0.900000 0.933333 0.966667 1.000000 1.033333
1.066667 1.100000 1.133333 1.166667 1.200000 1.233333 1.266667</float_array>
        <technique_common>
          <accessor source="#mixamorig_Spine-Matrix-animation-input-array" count="39">
            <param name="TIME" type="float"/>
          </accessor>
        </technique_common>
      </source>
      <source id="mixamorig_Spine-Matrix-animation-output-transform">
        <float_array id="mixamorig_Spine-Matrix-animation-output-transform-array" count="624">

0.999534 -0.030164 -0.004784 -0.006600 0.030185 0.999535 0.004259 10.822600 0.004654 -0.004402 0.999979 -0.430700 0.000000 0.000000 0.000000 1.000000
0.999519 -0.030845 -0.003194 -0.006600 0.030857 0.999517 0.003677 10.822600 0.003079 -0.003774 0.999988 -0.430700 0.000000 0.000000 0.000000 1.000000
0.999614 -0.027654 -0.002587 -0.006600 0.027663 0.999611 0.003465 10.822600 0.002490 -0.003535 0.999991 -0.430700 0.000000 0.000000 0.000000 1.000000
0.999752 -0.022107 -0.002694 -0.006600 0.022117 0.999749 0.003644 10.822600 0.002612 -0.003702 0.999990 -0.430700 0.000000 0.000000 0.000000 1.000000
0.999880 -0.015153 -0.003090 -0.006600 0.015166 0.999876 0.004306 10.822600 0.003024 -0.004352 0.999986 -0.430700 0.000000 0.000000 0.000000 1.000000
0.999942 -0.010234 -0.003374 -0.006600 0.010253 0.999932 0.005553 10.822600 0.003317 -0.005587 0.999979 -0.430700 0.000000 0.000000 0.000000 1.000000
0.999966 -0.007367 -0.003576 -0.006600 0.007393 0.999946 0.007293 10.822600 0.003522 -0.007319 0.999967 -0.430700 0.000000 0.000000 0.000000 1.000000
0.999985 -0.003894 -0.003755 -0.006600 0.003930 0.999946 0.009606 10.822600 0.003718 -0.009621 0.999947 -0.430700 0.000000 0.000000 0.000000 1.000000
0.999991 0.001770 -0.003893 -0.006600 -0.001721 0.999921 0.012421 10.822600 0.003915 -0.012414 0.999915 -0.430700 0.000000 0.000000 0.000000 1.000000
0.999953 0.008801 -0.003965 -0.006600 -0.008740 0.999848 0.015108 10.822600 0.004097 -0.015072 0.999878 -0.430700 0.000000 0.000000 0.000000 1.000000
0.999848 0.017050 -0.003769 -0.006600 -0.016984 0.999713 0.016904 10.822600 0.004056 -0.016838 0.999850 -0.430700 0.000000 0.000000 0.000000 1.000000
0.999660 0.025938 -0.002782 -0.006600 -0.025886 0.999516 0.017275 10.822600 0.003229 -0.017197 0.999847 -0.430700 0.000000 0.000000 0.000000 1.000000
0.999371 0.035444 -0.000683 -0.006600 -0.035428 0.999241 0.016188 10.822600 0.001256 -0.016154 0.999869 -0.430700 0.000000 0.000000 0.000000 1.000000
0.999032 0.043959 0.001471 -0.006600 -0.043976 0.998933 0.014091 10.822600 -0.000850 -0.014142 0.999900 -0.430700 0.000000 0.000000 0.000000 1.000000
0.998730 0.050348 0.001820 -0.006600 -0.050366 0.998661 0.011803 10.822600 -0.001223 -0.011880 0.999929 -0.430700 0.000000 0.000000 0.000000 1.000000
0.998564 0.053576 -0.000757 -0.006600 -0.053565 0.998514 0.010060 10.822600 0.001295 -0.010005 0.999949 -0.430700 0.000000 0.000000 0.000000 1.000000
0.998558 0.053355 -0.005947 -0.006600 -0.053301 0.998538 0.009012 10.822600 0.006420 -0.008682 0.999942 -0.430700 0.000000 0.000000 0.000000 1.000000
0.998664 0.050226 -0.012172 -0.006600 -0.050129 0.998709 0.008202 10.822600 0.012568 -0.007581 0.999892 -0.430700 0.000000 0.000000 0.000000 1.000000
0.998829 0.045121 -0.017475 -0.006600 -0.045004 0.998962 0.007036 10.822600 0.017774 -0.006241 0.999823 -0.430700 0.000000 0.000000 0.000000 1.000000
0.999033 0.038810 -0.020647 -0.006600 -0.038709 0.999237 0.005238 10.822600 0.020834 -0.004434 0.999773 -0.430700 0.000000 0.000000 0.000000 1.000000
0.999257 0.031873 -0.021680 -0.006600 -0.031816 0.999489 0.002966 10.822600 0.021763 -0.002274 0.999761 -0.430700 0.000000 0.000000 0.000000 1.000000
0.999459 0.025043 -0.021302 -0.006600 -0.025034 0.999686 0.000688 10.822600 0.021313 -0.000155 0.999773 -0.430700 0.000000 0.000000 0.000000 1.000000
0.999617 0.018648 -0.020454 -0.006600 -0.018672 0.999825 -0.000970 10.822600 0.020432 0.001352 0.999790 -0.430700 0.000000 0.000000 0.000000 1.000000
0.999705 0.014218 -0.019669 -0.006600 -0.014249 0.999897 -0.001456 10.822600 0.019646 0.001736 0.999805 -0.430700 0.000000 0.000000 0.000000 1.000000
0.999732 0.012767 -0.019333 -0.006600 -0.012780 0.999918 -0.000506 10.822600 0.019325 0.000753 0.999813 -0.430700 0.000000 0.000000 0.000000 1.000000
0.999739 0.012140 -0.019334 -0.006600 -0.012109 0.999925 0.001685 10.822600 0.019353 -0.001450 0.999812 -0.430700 0.000000 0.000000 0.000000 1.000000
0.999763 0.009866 -0.019426 -0.006600 -0.009779 0.999942 0.004578 10.822600 0.019470 -0.004387 0.999801 -0.430700 0.000000 0.000000 0.000000 1.000000
0.999795 0.004761 -0.019688 -0.006600 -0.004615 0.999961 0.007489 10.822600 0.019723 -0.007396 0.999778 -0.430700 0.000000 0.000000 0.000000 1.000000
0.999791 -0.002635 -0.020296 -0.006600 0.002833 0.999948 0.009772 10.822600 0.020269 -0.009828 0.999746 -0.430700 0.000000 0.000000 0.000000 1.000000
0.999706 -0.011956 -0.021090 -0.006600 0.012193 0.999864 0.011145 10.822600 0.020954 -0.011399 0.999715 -0.430700 0.000000 0.000000 0.000000 1.000000
0.999527 -0.021421 -0.022063 -0.006600 0.021686 0.999695 0.011822 10.822600 0.021803 -0.012295 0.999687 -0.430700 0.000000 0.000000 0.000000 1.000000
0.999343 -0.028105 -0.022903 -0.006600 0.028388 0.999523 0.012148 10.822600 0.022551 -0.012790 0.999664 -0.430700 0.000000 0.000000 0.000000 1.000000
0.999310 -0.029331 -0.022790 -0.006600 0.029618 0.999485 0.012323 10.822600 0.022417 -0.012989 0.999664 -0.430700 0.000000 0.000000 0.000000 1.000000
0.999446 -0.025773 -0.021050 -0.006600 0.026035 0.999586 0.012267 10.822600 0.020726 -0.012808 0.999703 -0.430700 0.000000 0.000000 0.000000 1.000000
0.999631 -0.020465 -0.017855 -0.006600 0.020676 0.999717 0.011733 10.822600 0.017610 -0.012097 0.999772 -0.430700 0.000000 0.000000 0.000000 1.000000
0.999757 -0.017084 -0.013896 -0.006600 0.017231 0.999796 0.010498 10.822600 0.013713 -0.010735 0.999848 -0.430700 0.000000 0.000000 0.000000 1.000000
0.999795 -0.017654 -0.009957 -0.006600 0.017740 0.999806 0.008597 10.822600 0.009803 -0.008772 0.999913 -0.430700 0.000000 0.000000 0.000000 1.000000
0.999731 -0.022178 -0.006758 -0.006600 0.022221 0.999733 0.006376 10.822600 0.006615 -0.006524 0.999957 -0.430700 0.000000 0.000000 0.000000 1.000000
0.999534 -0.030164 -0.004784 -0.006600 0.030185 0.999535 0.004259 10.822600 0.004654 -0.004402 0.999979 -0.430700 0.000000 0.000000 0.000000 1.000000</float_array>
        <technique_common>
          <accessor source="#mixamorig_Spine-Matrix-animation-output-transform-array" count="39" stride="16">
            <param type="float4x4"/>
          </accessor>
        </technique_common>
      </source>
      <source id="mixamorig_Spine-Interpolations">
        <Name_array id="mixamorig_Spine-Interpolations-array" count="39">
 LINEAR LINEAR LINEAR LINEAR LINEAR LINEAR LINEAR LINEAR LINEAR LINEAR LINEAR
LINEAR LINEAR LINEAR LINEAR LINEAR LINEAR LINEAR LINEAR LINEAR LINEAR LINEAR LINEAR
LINEAR LINEAR LINEAR LINEAR LINEAR LINEAR LINEAR LINEAR LINEAR LINEAR LINEAR LINEAR
LINEAR LINEAR LINEAR LINEAR</Name_array>
        <technique_common>
          <accessor source="#mixamorig_Spine-Interpolations-array" count="39">
            <param type="name"/>
          </accessor>
        </technique_common>
      </source>
      <sampler id="mixamorig_Spine-Matrix-animation-transform">
        <input semantic="INPUT" source="#mixamorig_Spine-Matrix-animation-input"/>
        <input semantic="OUTPUT" source="#mixamorig_Spine-Matrix-animation-output-transform"/>
        <input semantic="INTERPOLATION" source="#mixamorig_Spine-Interpolations"/>
      </sampler>
      <channel source="#mixamorig_Spine-Matrix-animation-transform" target="mixamorig_Spine/matrix"/>
    </animation>
    <animation id="mixamorig_Spine1-anim" name="mixamorig_Spine1">
      <source id="mixamorig_Spine1-Matrix-animation-input">
        <float_array id="mixamorig_Spine1-Matrix-animation-input-array" count="39">

0.000000 0.033333 0.066667 0.100000 0.133333 0.166667 0.200000 0.233333 0.266667 0.300000 0.333333 0.366667 0.400000 0.433333 0.466667 0.500000
0.533333 0.566667 0.600000 0.633333 0.666667 0.700000 0.733333 0.766667 0.800000 0.833333 0.866667 0.900000 0.933333 0.966667 1.000000 1.033333
1.066667 1.100000 1.133333 1.166667 1.200000 1.233333 1.266667</float_array>
        <technique_common>
          <accessor source="#mixamorig_Spine1-Matrix-animation-input-array" count="39">
            <param name="TIME" type="float"/>
          </accessor>
        </technique_common>
      </source>
      <source id="mixamorig_Spine1-Matrix-animation-output-transform">
        <float_array id="mixamorig_Spine1-Matrix-animation-output-transform-array" count="624">

0.999941 0.010595 -0.002583 0.000000 -0.010722 0.998394 -0.055621 12.655100 0.001989 0.055646 0.998449 0.000000 0.000000 0.000000 0.000000 1.000000
0.999902 0.013623 0.003139 0.000000 -0.013423 0.998290 -0.056892 12.655100 -0.003908 0.056844 0.998375 0.000000 0.000000 0.000000 0.000000 1.000000
0.999845 0.016322 0.006662 0.000000 -0.015913 0.998222 -0.057448 12.655100 -0.007588 0.057333 0.998326 0.000000 0.000000 0.000000 0.000000 1.000000
0.999798 0.018231 0.008521 -0.000000 -0.017713 0.998197 -0.057348 12.655100 -0.009551 0.057186 0.998318 0.000000 0.000000 0.000000 0.000000 1.000000
0.999775 0.019032 0.009399 0.000000 -0.018472 0.998232 -0.056490 12.655100 -0.010458 0.056303 0.998359 0.000000 0.000000 0.000000 0.000000 1.000000
0.999765 0.019105 0.010198 0.000000 -0.018521 0.998338 -0.054574 12.655100 -0.011224 0.054373 0.998458 0.000000 0.000000 0.000000 0.000000 1.000000
0.999740 0.019707 0.011497 0.000000 -0.019092 0.998498 -0.051354 12.655100 -0.012492 0.051121 0.998614 0.000000 0.000000 0.000000 0.000000 1.000000
0.999669 0.022063 0.013254 -0.000000 -0.021423 0.998684 -0.046607 12.655100 -0.014265 0.046308 0.998825 0.000000 0.000000 0.000000 0.000000 1.000000
0.999528 0.026834 0.014928 0.000000 -0.026206 0.998825 -0.040768 12.655100 -0.016005 0.040358 0.999057 -0.000000 0.000000 0.000000 0.000000 1.000000
0.999303 0.033728 0.016019 0.000000 -0.033146 0.998827 -0.035308 12.655100 -0.017191 0.034752 0.999248 0.000000 0.000000 0.000000 0.000000 1.000000
0.999008 0.041330 0.016571 -0.000000 -0.040786 0.998657 -0.031943 12.655100 -0.017869 0.031236 0.999352 -0.000000 0.000000 0.000000 0.000000 1.000000
0.998709 0.047891 0.016957 0.000000 -0.047337 0.998376 -0.031690 12.655100 -0.018448 0.030846 0.999354 0.000000 0.000000 0.000000 0.000000 1.000000
0.998495 0.052161 0.016937 0.000000 -0.051557 0.998081 -0.034303 12.655100 -0.018694 0.033378 0.999268 0.000000 0.000000 0.000000 0.000000 1.000000
0.998441 0.053764 0.014991 0.000000 -0.053153 0.997843 -0.038534 12.655100 -0.017030 0.037677 0.999145 0.000000 0.000000 0.000000 0.000000 1.000000
0.998559 0.052906 0.008986 0.000000 -0.052476 0.997704 -0.042808 12.655100 -0.011230 0.042275 0.999043 0.000000 0.000000 0.000000 0.000000 1.000000
0.998747 0.049993 -0.002101 0.000000 -0.050036 0.997685 -0.046065 12.655100 -0.000207 0.046112 0.998936 0.000000 0.000000 0.000000 0.000000 1.000000
0.998819 0.045530 -0.016938 -0.000000 -0.046301 0.997760 -0.048277 12.655100 0.014702 0.049004 0.998690 0.000000 0.000000 0.000000 0.000000 1.000000
0.998669 0.040207 -0.032293 0.000000 -0.041799 0.997863 -0.050221 12.655100 0.030205 0.051504 0.998216 0.000000 0.000000 0.000000 0.000000 1.000000
0.998385 0.034821 -0.044896 0.000000 -0.037175 0.997918 -0.052705 12.655100 0.042967 0.054289 0.997600 0.000000 0.000000 0.000000 0.000000 1.000000
0.998134 0.030047 -0.053149 -0.000000 -0.033020 0.997887 -0.055964 12.655100 0.051355 0.057614 0.997017 0.000000 0.000000 0.000000 0.000000 1.000000
0.998003 0.026289 -0.057431 -0.000000 -0.029714 0.997778 -0.059627 12.655100 0.055736 0.061215 0.996567 0.000000 0.000000 0.000000 0.000000 1.000000
0.997970 0.023688 -0.059120 0.000000 -0.027414 0.997635 -0.063030 12.655100 0.057487 0.064523 0.996259 0.000000 0.000000 0.000000 0.000000 1.000000
0.997980 0.022188 -0.059522 -0.000000 -0.026080 0.997516 -0.065427 12.655100 0.057922 0.066847 0.996081 0.000000 0.000000 0.000000 0.000000 1.000000
0.997999 0.021477 -0.059466 -0.000000 -0.025406 0.997488 -0.066119 12.655100 0.057896 0.067497 0.996038 0.000000 0.000000 0.000000 0.000000 1.000000
0.998015 0.021072 -0.059350 -0.000000 -0.024900 0.997606 -0.064522 12.655100 0.057849 0.065872 0.996150 0.000000 0.000000 0.000000 0.000000 1.000000
0.998036 0.020353 -0.059243 0.000000 -0.023940 0.997883 -0.060476 12.655100 0.057886 0.061776 0.996410 0.000000 0.000000 0.000000 0.000000 1.000000
0.998082 0.018592 -0.059055 -0.000000 -0.021824 0.998271 -0.054571 12.655100 0.057938 0.055755 0.996762 0.000000 0.000000 0.000000 0.000000 1.000000
0.998152 0.015065 -0.058870 0.000000 -0.017913 0.998679 -0.048157 12.655100 0.058067 0.049123 0.997103 0.000000 0.000000 0.000000 0.000000 1.000000
0.998207 0.009348 -0.059124 -0.000000 -0.011898 0.999007 -0.042924 12.655100 0.058664 0.043551 0.997327 0.000000 0.000000 0.000000 0.000000 1.000000
0.998178 0.002002 -0.060304 -0.000000 -0.004421 0.999190 -0.040006 12.655100 0.060175 0.040199 0.997378 0.000000 0.000000 0.000000 0.000000 1.000000
0.998043 -0.005083 -0.062331 -0.000000 0.002627 0.999219 -0.039416 12.655100 0.062482 0.039175 0.997277 -0.000000 0.000000 0.000000 0.000000 1.000000
0.997896 -0.009596 -0.064121 0.000000 0.007014 0.999160 -0.040365 12.655100 0.064454 0.039830 0.997125 0.000000 0.000000 0.000000 0.000000 1.000000
0.997912 -0.010108 -0.063785 0.000000 0.007444 0.999096 -0.041863 12.655100 0.064150 0.041301 0.997085 0.000000 0.000000 0.000000 0.000000 1.000000
0.998204 -0.006980 -0.059503 0.000000 0.004404 0.999051 -0.043326 12.655100 0.059748 0.042986 0.997287 0.000000 0.000000 0.000000 0.000000 1.000000
0.998716 -0.002015 -0.050614 0.000000 -0.000254 0.998997 -0.044779 12.655100 0.050654 0.044734 0.997714 0.000000 0.000000 0.000000 0.000000 1.000000
0.999266 0.002812 -0.038205 0.000000 -0.004594 0.998902 -0.046629 12.655100 0.038032 0.046770 0.998181 0.000000 0.000000 0.000000 0.000000 1.000000
0.999676 0.006433 -0.024630 0.000000 -0.007639 0.998761 -0.049176 12.655100 0.024284 0.049348 0.998486 0.000000 0.000000 0.000000 0.000000 1.000000
0.999887 0.008888 -0.012164 0.000000 -0.009513 0.998587 -0.052277 12.655100 0.011683 0.052387 0.998559 0.000000 0.000000 0.000000 0.000000 1.000000
0.999941 0.010595 -0.002583 0.000000 -0.010722 0.998394 -0.055621 12.655100 0.001989 0.055645 0.998449 0.000000 0.000000 0.000000 0.000000 1.000000</float_array>
        <technique_common>
          <accessor source="#mixamorig_Spine1-Matrix-animation-output-transform-array" count="39" stride="16">
            <param type="float4x4"/>
          </accessor>
        </technique_common>
      </source>
      <source id="mixamorig_Spine1-Interpolations">
        <Name_array id="mixamorig_Spine1-Interpolations-array" count="39">
 LINEAR LINEAR LINEAR LINEAR LINEAR LINEAR LINEAR LINEAR LINEAR LINEAR LINEAR
LINEAR LINEAR LINEAR LINEAR LINEAR LINEAR LINEAR LINEAR LINEAR LINEAR LINEAR LINEAR
LINEAR LINEAR LINEAR LINEAR LINEAR LINEAR LINEAR LINEAR LINEAR LINEAR LINEAR LINEAR
LINEAR LINEAR LINEAR LINEAR</Name_array>
        <technique_common>
          <accessor source="#mixamorig_Spine1-Interpolations-array" count="39">
            <param type="name"/>
          </accessor>
        </technique_common>
      </source>
      <sampler id="mixamorig_Spine1-Matrix-animation-transform">
        <input semantic="INPUT" source="#mixamorig_Spine1-Matrix-animation-input"/>
        <input semantic="OUTPUT" source="#mixamorig_Spine1-Matrix-animation-output-transform"/>
        <input semantic="INTERPOLATION" source="#mixamorig_Spine1-Interpolations"/>
      </sampler>
      <channel source="#mixamorig_Spine1-Matrix-animation-transform" target="mixamorig_Spine1/matrix"/>
    </animation>
    <animation id="mixamorig_Spine2-anim" name="mixamorig_Spine2">
      <source id="mixamorig_Spine2-Matrix-animation-input">
        <float_array id="mixamorig_Spine2-Matrix-animation-input-array" count="39">

0.000000 0.033333 0.066667 0.100000 0.133333 0.166667 0.200000 0.233333 0.266667 0.300000 0.333333 0.366667 0.400000 0.433333 0.466667 0.500000
0.533333 0.566667 0.600000 0.633333 0.666667 0.700000 0.733333 0.766667 0.800000 0.833333 0.866667 0.900000 0.933333 0.966667 1.000000 1.033333
1.066667 1.100000 1.133333 1.166667 1.200000 1.233333 1.266667</float_array>
        <technique_common>
          <accessor source="#mixamorig_Spine2-Matrix-animation-input-array" count="39">
            <param name="TIME" type="float"/>
          </accessor>
        </technique_common>
      </source>
      <source id="mixamorig_Spine2-Matrix-animation-output-transform">
        <float_array id="mixamorig_Spine2-Matrix-animation-output-transform-array" count="624">

0.999941 0.010595 -0.002512 0.000000 -0.010669 0.999443 -0.031620 14.459700 0.002176 0.031645 0.999497 0.000000 0.000000 0.000000 0.000000 1.000000
0.999902 0.013635 0.003240 0.000000 -0.013521 0.999368 -0.032874 14.459700 -0.003686 0.032827 0.999454 0.000000 0.000000 0.000000 0.000000 1.000000
0.999844 0.016338 0.006772 0.000000 -0.016103 0.999312 -0.033420 14.459700 -0.007314 0.033305 0.999418 0.000000 0.000000 0.000000 0.000000 1.000000
0.999796 0.018250 0.008623 -0.000000 -0.017953 0.999284 -0.033314 14.459700 -0.009224 0.033152 0.999408 -0.000000 0.000000 0.000000 0.000000 1.000000
0.999773 0.019056 0.009485 0.000000 -0.018739 0.999298 -0.032450 14.459700 -0.010097 0.032265 0.999428 0.000000 0.000000 0.000000 0.000000 1.000000
0.999764 0.019135 0.010265 0.000000 -0.018813 0.999357 -0.030530 14.459700 -0.010842 0.030330 0.999481 -0.000000 0.000000 0.000000 0.000000 1.000000
0.999739 0.019743 0.011539 0.000000 -0.019422 0.999438 -0.027306 14.459700 -0.012071 0.027075 0.999561 -0.000000 0.000000 0.000000 0.000000 1.000000
0.999668 0.022101 0.013266 0.000000 -0.021798 0.999508 -0.022558 14.459700 -0.013758 0.022261 0.999658 0.000000 0.000000 0.000000 0.000000 1.000000
0.999528 0.026874 0.014905 0.000000 -0.026624 0.999506 -0.016719 14.459700 -0.015347 0.016314 0.999749 0.000000 0.000000 0.000000 0.000000 1.000000
0.999302 0.033769 0.015957 0.000000 -0.033592 0.999372 -0.011261 14.459700 -0.016327 0.010717 0.999809 0.000000 0.000000 0.000000 0.000000 1.000000
0.999008 0.041375 0.016465 0.000000 -0.041250 0.999118 -0.007899 14.459700 -0.016777 0.007212 0.999833 0.000000 0.000000 0.000000 0.000000 1.000000
0.998709 0.047944 0.016806 0.000000 -0.047821 0.998827 -0.007650 14.459700 -0.017153 0.006837 0.999829 0.000000 0.000000 0.000000 0.000000 1.000000
0.998495 0.052222 0.016748 0.000000 -0.052055 0.998591 -0.010269 14.459700 -0.017261 0.009381 0.999807 -0.000000 0.000000 0.000000 0.000000 1.000000
0.998441 0.053825 0.014783 -0.000000 -0.053611 0.998457 -0.014505 14.459700 -0.015541 0.013690 0.999786 0.000000 0.000000 0.000000 0.000000 1.000000
0.998559 0.052946 0.008782 0.000000 -0.052774 0.998430 -0.018784 14.459700 -0.009763 0.018293 0.999785 0.000000 0.000000 0.000000 0.000000 1.000000
0.998747 0.049986 -0.002288 0.000000 -0.050024 0.998505 -0.022047 14.459700 0.001183 0.022133 0.999754 0.000000 0.000000 0.000000 0.000000 1.000000
0.998820 0.045462 -0.017107 0.000000 -0.045870 0.998653 -0.024267 14.459700 0.015981 0.025023 0.999559 0.000000 0.000000 0.000000 0.000000 1.000000
0.998669 0.040083 -0.032445 0.000000 -0.040941 0.998817 -0.026223 14.459700 0.031355 0.027517 0.999129 0.000000 0.000000 0.000000 0.000000 1.000000
0.998384 0.034663 -0.045024 0.000000 -0.035978 0.998940 -0.028724 14.459700 0.043980 0.030297 0.998573 0.000000 0.000000 0.000000 0.000000 1.000000
0.998134 0.029885 -0.053244 -0.000000 -0.031618 0.998987 -0.032005 14.459700 0.052234 0.033629 0.998069 0.000000 0.000000 0.000000 0.000000 1.000000
0.998004 0.026151 -0.057483 -0.000000 -0.028232 0.998964 -0.035699 14.459700 0.056490 0.037251 0.997708 0.000000 0.000000 0.000000 0.000000 1.000000
0.997972 0.023588 -0.059129 0.000000 -0.025928 0.998898 -0.039132 14.459700 0.058141 0.040586 0.997483 0.000000 0.000000 0.000000 0.000000 1.000000
0.997983 0.022118 -0.059507 -0.000000 -0.024614 0.998834 -0.041542 14.459700 0.058519 0.042923 0.997363 0.000000 0.000000 0.000000 0.000000 1.000000
0.998001 0.021411 -0.059455 0.000000 -0.023944 0.998821 -0.042223 14.459700 0.058481 0.043562 0.997338 0.000000 0.000000 0.000000 0.000000 1.000000
0.998016 0.020988 -0.059362 0.000000 -0.023421 0.998901 -0.040599 14.459700 0.058445 0.041909 0.997411 0.000000 0.000000 0.000000 0.000000 1.000000
0.998036 0.020252 -0.059273 0.000000 -0.022442 0.999081 -0.036529 14.459700 0.058479 0.037787 0.997573 -0.000000 0.000000 0.000000 0.000000 1.000000
0.998082 0.018493 -0.059086 0.000000 -0.020328 0.999324 -0.030619 14.459700 0.058479 0.031762 0.997783 0.000000 0.000000 0.000000 0.000000 1.000000
0.998152 0.014986 -0.058885 -0.000000 -0.016436 0.999571 -0.024227 14.459700 0.058496 0.025150 0.997971 -0.000000 0.000000 0.000000 0.000000 1.000000
0.998208 0.009291 -0.059110 0.000000 -0.010433 0.999764 -0.019036 14.459700 0.058919 0.019618 0.998070 0.000000 0.000000 0.000000 0.000000 1.000000
0.998181 0.001939 -0.060257 0.000000 -0.002919 0.999865 -0.016167 14.459700 0.060218 0.016313 0.998052 0.000000 0.000000 0.000000 0.000000 1.000000
0.998047 -0.005197 -0.062251 0.000000 0.004232 0.999869 -0.015613 14.459700 0.062324 0.015319 0.997938 0.000000 0.000000 0.000000 0.000000 1.000000
0.997901 -0.009797 -0.064017 0.000000 0.008753 0.999824 -0.016567 14.459700 0.064168 0.015972 0.997811 0.000000 0.000000 0.000000 0.000000 1.000000
0.997916 -0.010392 -0.063683 0.000000 0.009261 0.999795 -0.018031 14.459700 0.063857 0.017404 0.997807 0.000000 0.000000 0.000000 0.000000 1.000000
0.998205 -0.007298 -0.059436 0.000000 0.006152 0.999792 -0.019431 14.459700 0.059565 0.019030 0.998043 0.000000 0.000000 0.000000 0.000000 1.000000
0.998716 -0.002298 -0.050601 -0.000000 0.001245 0.999783 -0.020817 14.459700 0.050638 0.020728 0.998502 -0.000000 0.000000 0.000000 0.000000 1.000000
0.999265 0.002613 -0.038233 -0.000000 -0.003480 0.999738 -0.022625 14.459700 0.038164 0.022742 0.999013 0.000000 0.000000 0.000000 0.000000 1.000000
0.999676 0.006328 -0.024664 0.000000 -0.006949 0.999659 -0.025163 14.459700 0.024497 0.025326 0.999379 -0.000000 0.000000 0.000000 0.000000 1.000000
0.999887 0.008856 -0.012165 0.000000 -0.009197 0.999558 -0.028271 14.459700 0.011909 0.028380 0.999526 0.000000 0.000000 0.000000 0.000000 1.000000
0.999941 0.010595 -0.002512 0.000000 -0.010669 0.999443 -0.031620 14.459700 0.002176 0.031645 0.999497 0.000000 0.000000 0.000000 0.000000 1.000000</float_array>
        <technique_common>
          <accessor source="#mixamorig_Spine2-Matrix-animation-output-transform-array" count="39" stride="16">
            <param type="float4x4"/>
          </accessor>
        </technique_common>
      </source>
      <source id="mixamorig_Spine2-Interpolations">
        <Name_array id="mixamorig_Spine2-Interpolations-array" count="39">
 LINEAR LINEAR LINEAR LINEAR LINEAR LINEAR LINEAR LINEAR LINEAR LINEAR LINEAR
LINEAR LINEAR LINEAR LINEAR LINEAR LINEAR LINEAR LINEAR LINEAR LINEAR LINEAR LINEAR
LINEAR LINEAR LINEAR LINEAR LINEAR LINEAR LINEAR LINEAR LINEAR LINEAR LINEAR LINEAR
LINEAR LINEAR LINEAR LINEAR</Name_array>
        <technique_common>
          <accessor source="#mixamorig_Spine2-Interpolations-array" count="39">
            <param type="name"/>
          </accessor>
        </technique_common>
      </source>
      <sampler id="mixamorig_Spine2-Matrix-animation-transform">
        <input semantic="INPUT" source="#mixamorig_Spine2-Matrix-animation-input"/>
        <input semantic="OUTPUT" source="#mixamorig_Spine2-Matrix-animation-output-transform"/>
        <input semantic="INTERPOLATION" source="#mixamorig_Spine2-Interpolations"/>
      </sampler>
      <channel source="#mixamorig_Spine2-Matrix-animation-transform" target="mixamorig_Spine2/matrix"/>
    </animation>
    <animation id="mixamorig_Neck-anim" name="mixamorig_Neck">
      <source id="mixamorig_Neck-Matrix-animation-input">
        <float_array id="mixamorig_Neck-Matrix-animation-input-array" count="39">

0.000000 0.033333 0.066667 0.100000 0.133333 0.166667 0.200000 0.233333 0.266667 0.300000 0.333333 0.366667 0.400000 0.433333 0.466667 0.500000
0.533333 0.566667 0.600000 0.633333 0.666667 0.700000 0.733333 0.766667 0.800000 0.833333 0.866667 0.900000 0.933333 0.966667 1.000000 1.033333
1.066667 1.100000 1.133333 1.166667 1.200000 1.233333 1.266667</float_array>
        <technique_common>
          <accessor source="#mixamorig_Neck-Matrix-animation-input-array" count="39">
            <param name="TIME" type="float"/>
          </accessor>
        </technique_common>
      </source>
      <source id="mixamorig_Neck-Matrix-animation-output-transform">
        <float_array id="mixamorig_Neck-Matrix-animation-output-transform-array" count="624">

0.999916 0.009079 0.009296 -0.000000 -0.009321 0.999608 0.026387 16.135700 -0.009053 -0.026471 0.999609 0.000000 0.000000 0.000000 0.000000 1.000000
0.999909 0.008736 0.010251 0.000000 -0.008992 0.999643 0.025160 16.135700 -0.010028 -0.025250 0.999631 -0.000000 0.000000 0.000000 0.000000 1.000000
0.999891 0.009951 0.010933 0.000000 -0.010215 0.999650 0.024401 16.135700 -0.010686 -0.024510 0.999642 0.000000 0.000000 0.000000 0.000000 1.000000
0.999857 0.012468 0.011386 0.000000 -0.012741 0.999624 0.024260 16.135700 -0.011079 -0.024402 0.999641 -0.000000 0.000000 0.000000 0.000000 1.000000
0.999811 0.015573 0.011649 -0.000000 -0.015857 0.999568 0.024740 16.135700 -0.011258 -0.024920 0.999626 -0.000000 0.000000 0.000000 0.000000 1.000000
0.999773 0.017772 0.011752 0.000000 -0.018067 0.999513 0.025430 16.135700 -0.011294 -0.025636 0.999608 0.000000 0.000000 0.000000 0.000000 1.000000
0.999776 0.017647 0.011685 0.000000 -0.017944 0.999505 0.025825 16.135700 -0.011223 -0.026029 0.999598 0.000000 0.000000 0.000000 0.000000 1.000000
0.999825 0.014782 0.011459 0.000000 -0.015072 0.999556 0.025709 16.135700 -0.011074 -0.025877 0.999604 0.000000 0.000000 0.000000 0.000000 1.000000
0.999886 0.010084 0.011200 -0.000000 -0.010363 0.999630 0.025137 16.135700 -0.010942 -0.025250 0.999621 0.000000 0.000000 0.000000 0.000000 1.000000
0.999924 0.005350 0.011141 0.000000 -0.005618 0.999692 0.024167 16.135700 -0.011009 -0.024228 0.999646 0.000000 0.000000 0.000000 0.000000 1.000000
0.999931 0.002411 0.011509 0.000000 -0.002673 0.999735 0.022854 16.135700 -0.011451 -0.022884 0.999673 0.000000 0.000000 0.000000 0.000000 1.000000
0.999921 0.002330 0.012388 0.000000 -0.002596 0.999765 0.021541 16.135700 -0.012335 -0.021572 0.999691 -0.000000 0.000000 0.000000 0.000000 1.000000
0.999894 0.004941 0.013679 0.000000 -0.005224 0.999771 0.020756 16.135700 -0.013574 -0.020825 0.999691 -0.000000 0.000000 0.000000 0.000000 1.000000
0.999846 0.008877 0.015127 -0.000000 -0.009185 0.999748 0.020469 16.135700 -0.014942 -0.020605 0.999676 0.000000 0.000000 0.000000 0.000000 1.000000
0.999792 0.012139 0.016387 0.000000 -0.012460 0.999730 0.019621 16.135700 -0.016144 -0.019822 0.999673 0.000000 0.000000 0.000000 0.000000 1.000000
0.999767 0.013103 0.017146 0.000000 -0.013392 0.999769 0.016840 16.135700 -0.016921 -0.017066 0.999711 0.000000 0.000000 0.000000 0.000000 1.000000
0.999785 0.011425 0.017293 0.000000 -0.011632 0.999862 0.011886 16.135700 -0.017155 -0.012085 0.999780 0.000000 0.000000 0.000000 0.000000 1.000000
0.999822 0.008184 0.016980 -0.000000 -0.008292 0.999946 0.006318 16.135700 -0.016927 -0.006458 0.999836 -0.000000 0.000000 0.000000 0.000000 1.000000
0.999852 0.005072 0.016466 0.000000 -0.005116 0.999984 0.002588 16.135700 -0.016452 -0.002672 0.999861 0.000000 0.000000 0.000000 0.000000 1.000000
0.999868 0.003274 0.015894 0.000000 -0.003312 0.999992 0.002340 16.135700 -0.015886 -0.002392 0.999871 0.000000 0.000000 0.000000 0.000000 1.000000
0.999880 0.002895 0.015233 0.000000 -0.002977 0.999981 0.005360 16.135700 -0.015217 -0.005405 0.999870 -0.000000 0.000000 0.000000 0.000000 1.000000
0.999890 0.003253 0.014450 0.000000 -0.003397 0.999945 0.009941 16.135700 -0.014417 -0.009989 0.999846 -0.000000 0.000000 0.000000 0.000000 1.000000
0.999900 0.003569 0.013704 0.000000 -0.003763 0.999893 0.014164 16.135700 -0.013652 -0.014214 0.999806 0.000000 0.000000 0.000000 0.000000 1.000000
0.999906 0.003392 0.013280 0.000000 -0.003618 0.999848 0.017053 16.135700 -0.013220 -0.017100 0.999766 0.000000 0.000000 0.000000 0.000000 1.000000
0.999908 0.002561 0.013289 0.000000 -0.002812 0.999818 0.018873 16.135700 -0.013238 -0.018909 0.999734 -0.000000 0.000000 0.000000 0.000000 1.000000
0.999908 0.001053 0.013517 0.000000 -0.001331 0.999787 0.020591 16.135700 -0.013493 -0.020607 0.999697 0.000000 0.000000 0.000000 0.000000 1.000000
0.999906 -0.000921 0.013690 0.000000 0.000605 0.999735 0.023019 16.135700 -0.013708 -0.023008 0.999641 0.000000 0.000000 0.000000 0.000000 1.000000
0.999900 -0.002697 0.013885 0.000000 0.002331 0.999652 0.026269 16.135700 -0.013951 -0.026234 0.999558 0.000000 0.000000 0.000000 0.000000 1.000000
0.999889 -0.003318 0.014522 0.000000 0.002883 0.999549 0.029905 16.135700 -0.014614 -0.029860 0.999447 0.000000 0.000000 0.000000 0.000000 1.000000
0.999873 -0.002239 0.015795 0.000000 0.001707 0.999435 0.033575 16.135700 -0.015861 -0.033544 0.999311 0.000000 0.000000 0.000000 0.000000 1.000000
0.999853 0.000000 0.017146 -0.000000 -0.000640 0.999303 0.037321 16.135700 -0.017134 -0.037326 0.999156 0.000000 0.000000 0.000000 0.000000 1.000000
0.999845 0.001986 0.017487 0.000000 -0.002703 0.999152 0.041091 16.135700 -0.017390 -0.041132 0.999002 0.000000 0.000000 0.000000 0.000000 1.000000
0.999867 0.002603 0.016093 -0.000000 -0.003309 0.999024 0.044052 16.135700 -0.015962 -0.044099 0.998900 0.000000 0.000000 0.000000 0.000000 1.000000
0.999910 0.002047 0.013291 0.000000 -0.002640 0.998994 0.044773 16.135700 -0.013186 -0.044804 0.998909 0.000000 0.000000 0.000000 0.000000 1.000000
0.999946 0.001614 0.010254 0.000000 -0.002048 0.999099 0.042393 16.135700 -0.010176 -0.042412 0.999048 0.000000 0.000000 0.000000 0.000000 1.000000
0.999964 0.002469 0.008153 0.000000 -0.002774 0.999290 0.037579 16.135700 -0.008054 -0.037600 0.999260 0.000000 0.000000 0.000000 0.000000 1.000000
0.999961 0.004652 0.007483 0.000000 -0.004891 0.999469 0.032204 16.135700 -0.007330 -0.032240 0.999453 0.000000 0.000000 0.000000 0.000000 1.000000
0.999942 0.007227 0.008006 0.000000 -0.007449 0.999579 0.028030 16.135700 -0.007800 -0.028088 0.999575 -0.000000 0.000000 0.000000 0.000000 1.000000
0.999916 0.009079 0.009296 -0.000000 -0.009321 0.999608 0.026387 16.135700 -0.009053 -0.026471 0.999609 0.000000 0.000000 0.000000 0.000000 1.000000</float_array>
        <technique_common>
          <accessor source="#mixamorig_Neck-Matrix-animation-output-transform-array" count="39" stride="16">
            <param type="float4x4"/>
          </accessor>
        </technique_common>
      </source>
