<?xml version="1.0" encoding="utf-8"?>
<COLLADA xmlns="http://www.collada.org/2005/11/COLLADASchema" version="1.4.1">
  <asset>
    <contributor>
      <author>Mixamo</author>
      <authoring_tool>COLLADA Mixamo exporter</authoring_tool>
      <comments/>
    </contributor>
    <created>2024-12-02T02:25:00Z</created>
    <modified>2024-12-02T02:25:00Z</modified>
    <revision/>
    <title/>
    <unit meter="0.010000"/>
    <up_axis>Y_UP</up_axis>
  </asset>
  <library_animations>
    <animation id="mixamorig_Hips-anim" name="mixamorig_Hips">
      <source id="mixamorig_Hips-Matrix-animation-input">
        <float_array id="mixamorig_Hips-Matrix-animation-input-array" count="45">

0.000000 0.033333 0.066667 0.100000 0.133333 0.166667 0.200000 0.233333 0.266667 0.300000 0.333333 0.366667 0.400000 0.433333 0.466667 0.500000
0.533333 0.566667 0.600000 0.633333 0.666667 0.700000 0.733333 0.766667 0.800000 0.833333 0.866667 0.900000 0.933333 0.966667 1.000000 1.033333
1.066667 1.100000 1.133333 1.166667 1.200000 1.233333 1.266667 1.300000 1.333333 1.366667 1.400000 1.433333 1.466667</float_array>
        <technique_common>
          <accessor source="#mixamorig_Hips-Matrix-animation-input-array" count="45">
            <param name="TIME" type="float"/>
          </accessor>
        </technique_common>
      </source>
      <source id="mixamorig_Hips-Matrix-animation-output-transform">
        <float_array id="mixamorig_Hips-Matrix-animation-output-transform-array" count="720">

0.783267 -0.073185 0.617363 -0.180346 0.052386 0.997285 0.051758 116.345406 -0.619474 -0.008200 0.784974 -0.308773 0.000000 0.000000 0.000000 1.000000
0.800406 -0.070021 0.595355 2.391146 0.051948 0.997520 0.047481 116.659660 -0.597204 -0.007077 0.802058 -0.346301 0.000000 0.000000 0.000000 1.000000
0.819259 -0.063894 0.569853 5.034217 0.050015 0.997948 0.039988 116.745285 -0.571238 -0.004259 0.820773 -0.392169 0.000000 0.000000 0.000000 1.000000
0.838488 -0.056246 0.542010 7.710640 0.047156 0.998417 0.030657 116.884583 -0.542876 -0.000147 0.839813 -0.374970 0.000000 0.000000 0.000000 1.000000
0.856597 -0.047547 0.513790 10.425514 0.043045 0.998859 0.020671 117.033966 -0.514187 0.004409 0.857667 -0.261008 0.000000 0.000000 0.000000 1.000000
0.872479 -0.037972 0.487174 13.251684 0.037365 0.999241 0.010967 117.029694 -0.487221 0.008635 0.873236 -0.077301 0.000000 0.000000 0.000000 1.000000
0.885333 -0.027622 0.464137 16.299618 0.029556 0.999558 0.003109 116.775810 -0.464018 0.010966 0.885758 0.006424 0.000000 0.000000 0.000000 1.000000
0.894856 -0.021092 0.445857 19.566612 0.023909 0.999714 -0.000693 116.460602 -0.445715 0.011280 0.895104 -0.109644 0.000000 0.000000 0.000000 1.000000
0.902271 -0.023399 0.430535 22.982437 0.025588 0.999672 0.000706 116.245277 -0.430410 0.010380 0.902574 -0.366033 0.000000 0.000000 0.000000 1.000000
0.909895 -0.035126 0.413350 26.518663 0.035856 0.999339 0.005995 116.015045 -0.413287 0.009366 0.910553 -0.705227 0.000000 0.000000 0.000000 1.000000
0.918757 -0.054225 0.391082 30.092068 0.053588 0.998484 0.012551 115.785492 -0.391169 0.009426 0.920270 -1.132347 0.000000 0.000000 0.000000 1.000000
0.927429 -0.074290 0.366546 33.717113 0.072334 0.997198 0.019089 115.549141 -0.366937 0.008811 0.930204 -1.591967 0.000000 0.000000 0.000000 1.000000
0.933325 -0.090577 0.347418 37.316216 0.086792 0.995875 0.026477 115.417618 -0.348383 0.005441 0.937336 -1.994038 0.000000 0.000000 0.000000 1.000000
0.934827 -0.101694 0.340231 40.740765 0.095242 0.994815 0.035656 115.343231 -0.342093 -0.000928 0.939666 -2.334074 0.000000 0.000000 0.000000 1.000000
0.932131 -0.107805 0.345701 43.889854 0.097898 0.994131 0.046046 115.243118 -0.348636 -0.009077 0.937214 -2.643813 0.000000 0.000000 0.000000 1.000000
0.926704 -0.109415 0.359510 46.787102 0.095315 0.993827 0.056775 115.181961 -0.363503 -0.018347 0.931412 -2.890002 0.000000 0.000000 0.000000 1.000000
0.920191 -0.107553 0.376406 49.518364 0.088423 0.993773 0.067793 115.274666 -0.381353 -0.029099 0.923971 -3.037962 0.000000 0.000000 0.000000 1.000000
0.913669 -0.103673 0.393015 52.083900 0.078953 0.993775 0.078600 115.366257 -0.398717 -0.040785 0.916167 -3.080984 0.000000 0.000000 0.000000 1.000000
0.907479 -0.099507 0.408142 54.523846 0.069595 0.993728 0.087534 115.385117 -0.414292 -0.051030 0.908712 -3.093789 0.000000 0.000000 0.000000 1.000000
0.901274 -0.096700 0.422321 56.860081 0.062849 0.993644 0.093392 115.398483 -0.428668 -0.057630 0.901622 -3.108343 0.000000 0.000000 0.000000 1.000000
0.894218 -0.095563 0.437312 59.086773 0.058981 0.993582 0.096515 115.382347 -0.443729 -0.060512 0.894116 -3.082819 0.000000 0.000000 0.000000 1.000000
0.885269 -0.095851 0.455094 61.240452 0.057258 0.993550 0.097879 115.305153 -0.461540 -0.060592 0.885048 -3.041575 0.000000 0.000000 0.000000 1.000000
0.873627 -0.097304 0.476769 63.365238 0.057130 0.993537 0.098088 115.182510 -0.483232 -0.058454 0.873539 -3.005831 0.000000 0.000000 0.000000 1.000000
0.859401 -0.099677 0.501493 65.517464 0.058573 0.993549 0.097103 115.014206 -0.507937 -0.054077 0.859695 -2.947207 0.000000 0.000000 0.000000 1.000000
0.843942 -0.102210 0.526607 67.741425 0.061492 0.993642 0.094312 114.764572 -0.532898 -0.047212 0.844861 -2.892395 0.000000 0.000000 0.000000 1.000000
0.829123 -0.103463 0.549410 69.994263 0.065188 0.993915 0.088795 114.469887 -0.555253 -0.037807 0.830822 -2.890710 0.000000 0.000000 0.000000 1.000000
0.816361 -0.102281 0.568412 72.223106 0.069102 0.994421 0.079693 114.181854 -0.573393 -0.025780 0.818875 -2.929323 0.000000 0.000000 0.000000 1.000000
0.806181 -0.098848 0.583353 74.465240 0.073771 0.995045 0.066658 113.854843 -0.587051 -0.010704 0.809479 -2.979613 0.000000 0.000000 0.000000 1.000000
0.797893 -0.094018 0.595422 76.704086 0.079666 0.995545 0.050442 113.441605 -0.597512 0.007188 0.801828 -3.030765 0.000000 0.000000 0.000000 1.000000
0.789825 -0.087494 0.607060 78.798615 0.084749 0.995847 0.033265 113.041199 -0.607449 0.025175 0.793959 -3.109481 0.000000 0.000000 0.000000 1.000000
0.780867 -0.077729 0.619843 80.821678 0.084629 0.996244 0.018316 112.747238 -0.618938 0.038155 0.784512 -3.181104 0.000000 0.000000 0.000000 1.000000
0.771940 -0.064624 0.632402 82.951294 0.076872 0.997009 0.008049 112.618698 -0.631030 0.042400 0.774599 -3.154556 0.000000 0.000000 0.000000 1.000000
0.765061 -0.049752 0.642033 85.108971 0.062747 0.998026 0.002567 112.596687 -0.640894 0.038322 0.766673 -3.010142 0.000000 0.000000 0.000000 1.000000
0.760337 -0.037271 0.648459 87.294685 0.048926 0.998802 0.000041 112.687439 -0.647684 0.031696 0.761250 -2.811085 0.000000 0.000000 0.000000 1.000000
0.755756 -0.029465 0.654190 89.613327 0.039879 0.999204 -0.001066 112.871811 -0.653638 0.026894 0.756330 -2.557772 0.000000 0.000000 0.000000 1.000000
0.750483 -0.026603 0.660354 92.029076 0.035697 0.999363 -0.000308 113.195450 -0.659925 0.023803 0.750955 -2.223506 0.000000 0.000000 0.000000 1.000000
0.745788 -0.027996 0.665594 94.369080 0.033870 0.999418 0.004086 113.618187 -0.665321 0.019496 0.746303 -1.895189 0.000000 0.000000 0.000000 1.000000
0.742001 -0.033054 0.669584 96.565666 0.033216 0.999370 0.012526 114.015350 -0.669576 0.012947 0.742631 -1.618433 0.000000 0.000000 0.000000 1.000000
0.738052 -0.040206 0.673545 98.586967 0.033695 0.999174 0.022722 114.267891 -0.673902 0.005925 0.738797 -1.309305 0.000000 0.000000 0.000000 1.000000
0.734847 -0.047136 0.676593 100.494835 0.034745 0.998888 0.031853 114.444878 -0.677342 0.000101 0.735668 -0.962170 0.000000 0.000000 0.000000 1.000000
0.735816 -0.053077 0.675098 102.444931 0.036264 0.998582 0.038984 114.786041 -0.676210 -0.004203 0.736697 -0.651205 0.000000 0.000000 0.000000 1.000000
0.742883 -0.059558 0.666767 104.394829 0.039887 0.998203 0.044723 115.199646 -0.668232 -0.006628 0.743924 -0.416112 0.000000 0.000000 0.000000 1.000000
0.754430 -0.066529 0.653000 106.304947 0.045228 0.997755 0.049399 115.621552 -0.654820 -0.007734 0.755745 -0.281241 0.000000 0.000000 0.000000 1.000000
0.768105 -0.071862 0.636278 108.243729 0.050084 0.997381 0.052186 116.011040 -0.638362 -0.008217 0.769693 -0.256783 0.000000 0.000000 0.000000 1.000000
0.783267 -0.073185 0.617363 110.698181 0.052386 0.997285 0.051758 116.438751 -0.619474 -0.008200 0.784974 -0.308772 0.000000 0.000000 0.000000 1.000000</float_array>
        <technique_common>
          <accessor source="#mixamorig_Hips-Matrix-animation-output-transform-array" count="45" stride="16">
            <param type="float4x4"/>
          </accessor>
        </technique_common>
      </source>
      <source id="mixamorig_Hips-Interpolations">
        <Name_array id="mixamorig_Hips-Interpolations-array" count="45">
 LINEAR LINEAR LINEAR LINEAR LINEAR LINEAR LINEAR LINEAR LINEAR LINEAR LINEAR
LINEAR LINEAR LINEAR LINEAR LINEAR LINEAR LINEAR LINEAR LINEAR LINEAR LINEAR LINEAR
LINEAR LINEAR LINEAR LINEAR LINEAR LINEAR LINEAR LINEAR LINEAR LINEAR LINEAR LINEAR
LINEAR LINEAR LINEAR LINEAR LINEAR LINEAR LINEAR LINEAR LINEAR LINEAR</Name_array>
        <technique_common>
          <accessor source="#mixamorig_Hips-Interpolations-array" count="45">
            <param type="name"/>
          </accessor>
        </technique_common>
      </source>
      <sampler id="mixamorig_Hips-Matrix-animation-transform">
        <input semantic="INPUT" source="#mixamorig_Hips-Matrix-animation-input"/>
        <input semantic="OUTPUT" source="#mixamorig_Hips-Matrix-animation-output-transform"/>
        <input semantic="INTERPOLATION" source="#mixamorig_Hips-Interpolations"/>
      </sampler>
      <channel source="#mixamorig_Hips-Matrix-animation-transform" target="mixamorig_Hips/matrix"/>
    </animation>
    <animation id="mixamorig_Spine-anim" name="mixamorig_Spine">
      <source id="mixamorig_Spine-Matrix-animation-input">
        <float_array id="mixamorig_Spine-Matrix-animation-input-array" count="45">

0.000000 0.033333 0.066667 0.100000 0.133333 0.166667 0.200000 0.233333 0.266667 0.300000 0.333333 0.366667 0.400000 0.433333 0.466667 0.500000
0.533333 0.566667 0.600000 0.633333 0.666667 0.700000 0.733333 0.766667 0.800000 0.833333 0.866667 0.900000 0.933333 0.966667 1.000000 1.033333
1.066667 1.100000 1.133333 1.166667 1.200000 1.233333 1.266667 1.300000 1.333333 1.366667 1.400000 1.433333 1.466667</float_array>
        <technique_common>
          <accessor source="#mixamorig_Spine-Matrix-animation-input-array" count="45">
            <param name="TIME" type="float"/>
          </accessor>
        </technique_common>
      </source>
      <source id="mixamorig_Spine-Matrix-animation-output-transform">
        <float_array id="mixamorig_Spine-Matrix-animation-output-transform-array" count="720">

0.997698 -0.062328 -0.026721 -0.006600 0.058688 0.991002 -0.120293 10.822600 0.033978 0.118448 0.992379 -0.430700 0.000000 0.000000 0.000000 1.000000
0.998261 -0.056514 -0.016740 -0.006600 0.054068 0.991096 -0.121676 10.822600 0.023467 0.120559 0.992429 -0.430700 0.000000 0.000000 0.000000 1.000000
0.998668 -0.051114 -0.007095 -0.006600 0.049848 0.991079 -0.123601 10.822600 0.013350 0.123083 0.992307 -0.430700 0.000000 0.000000 0.000000 1.000000
0.998939 -0.046035 0.001475 -0.006600 0.045857 0.991079 -0.125139 10.822600 0.004299 0.125073 0.992138 -0.430700 0.000000 0.000000 0.000000 1.000000
0.999077 -0.042348 0.007194 -0.006600 0.042914 0.991309 -0.124354 10.822600 -0.001865 0.124548 0.992212 -0.430700 0.000000 0.000000 0.000000 1.000000
0.999116 -0.041279 0.007917 -0.006600 0.041931 0.991861 -0.120222 10.822600 -0.002890 0.120447 0.992716 -0.430700 0.000000 0.000000 0.000000 1.000000
0.999039 -0.043723 0.003146 -0.006600 0.043795 0.992439 -0.114661 10.822600 0.001891 0.114688 0.993400 -0.430700 0.000000 0.000000 0.000000 1.000000
0.999003 -0.044290 -0.005575 -0.006600 0.043393 0.992807 -0.111582 10.822600 0.010477 0.111229 0.993740 -0.430700 0.000000 0.000000 0.000000 1.000000
0.999242 -0.035901 -0.015030 -0.006600 0.033969 0.992967 -0.113418 10.822600 0.018996 0.112821 0.993434 -0.430700 0.000000 0.000000 0.000000 1.000000
0.999627 -0.016831 -0.021486 -0.006600 0.014148 0.992743 -0.119420 10.822600 0.023340 0.119072 0.992611 -0.430700 0.000000 0.000000 0.000000 1.000000
0.999678 0.009929 -0.023367 -0.006600 -0.012819 0.991821 -0.126989 10.822600 0.021915 0.127248 0.991629 -0.430700 0.000000 0.000000 0.000000 1.000000
0.999107 0.035784 -0.022469 -0.006600 -0.038482 0.990218 -0.134115 10.822600 0.017450 0.134860 0.990711 -0.430700 0.000000 0.000000 0.000000 1.000000
0.998226 0.054881 -0.023105 -0.006600 -0.057590 0.988430 -0.140316 10.822600 0.015137 0.141398 0.989837 -0.430700 0.000000 0.000000 0.000000 1.000000
0.997398 0.066210 -0.028515 -0.006600 -0.069681 0.986836 -0.145945 10.822600 0.018477 0.147552 0.988882 -0.430700 0.000000 0.000000 0.000000 1.000000
0.996742 0.070816 -0.038604 -0.006600 -0.075884 0.985566 -0.151329 10.822600 0.027330 0.153765 0.987729 -0.430700 0.000000 0.000000 0.000000 1.000000
0.996250 0.069769 -0.051173 -0.006600 -0.077003 0.984647 -0.156656 10.822600 0.039458 0.160009 0.986327 -0.430700 0.000000 0.000000 0.000000 1.000000
0.995877 0.063931 -0.064349 -0.006600 -0.073640 0.984035 -0.162024 10.822600 0.052963 0.166095 0.984686 -0.430700 0.000000 0.000000 0.000000 1.000000
0.995509 0.054483 -0.077419 -0.006600 -0.066839 0.983650 -0.167228 10.822600 0.067043 0.171651 0.982874 -0.430700 0.000000 0.000000 0.000000 1.000000
0.994943 0.044088 -0.090246 -0.006600 -0.059144 0.983383 -0.171637 10.822600 0.081179 0.176106 0.981018 -0.430700 0.000000 0.000000 0.000000 1.000000
0.994056 0.035925 -0.102771 -0.006600 -0.053583 0.983181 -0.174599 10.822600 0.094770 0.179068 0.979262 -0.430700 0.000000 0.000000 0.000000 1.000000
0.992877 0.030475 -0.115183 -0.006600 -0.050592 0.983090 -0.175993 10.822600 0.107872 0.180567 0.977629 -0.430700 0.000000 0.000000 0.000000 1.000000
0.991401 0.026377 -0.128174 -0.006600 -0.048912 0.983175 -0.175995 10.822600 0.121375 0.180751 0.976011 -0.430700 0.000000 0.000000 0.000000 1.000000
0.989566 0.022335 -0.142337 -0.006600 -0.047311 0.983505 -0.174585 10.822600 0.136090 0.179498 0.974300 -0.430700 0.000000 0.000000 0.000000 1.000000
0.987430 0.017796 -0.157052 -0.006600 -0.045018 0.984151 -0.171524 10.822600 0.151511 0.176439 0.972581 -0.430700 0.000000 0.000000 0.000000 1.000000
0.985366 0.012513 -0.169995 -0.006600 -0.041264 0.985149 -0.166672 10.822600 0.165384 0.171247 0.971248 -0.430700 0.000000 0.000000 0.000000 1.000000
0.983980 0.006528 -0.178160 -0.006600 -0.035520 0.986473 -0.160027 10.822600 0.174706 0.163792 0.970902 -0.430700 0.000000 0.000000 0.000000 1.000000
0.983685 0.000720 -0.179900 -0.006600 -0.028423 0.988055 -0.151460 10.822600 0.177642 0.154103 0.971955 -0.430700 0.000000 0.000000 0.000000 1.000000
0.984324 -0.003396 -0.176339 -0.006600 -0.021814 0.989794 -0.140827 10.822600 0.175018 0.142467 0.974203 -0.430700 0.000000 0.000000 0.000000 1.000000
0.985308 -0.005452 -0.170702 -0.006600 -0.016827 0.991528 -0.128799 10.822600 0.169958 0.129779 0.976868 -0.430700 0.000000 0.000000 0.000000 1.000000
0.986116 -0.008069 -0.165864 -0.006600 -0.011650 0.992997 -0.117568 10.822600 0.165651 0.117868 0.979115 -0.430700 0.000000 0.000000 0.000000 1.000000
0.986568 -0.015561 -0.162607 -0.006600 -0.002479 0.993911 -0.110154 10.822600 0.163331 0.109077 0.980523 -0.430700 0.000000 0.000000 0.000000 1.000000
0.986618 -0.029446 -0.160367 -0.006600 0.012076 0.994053 -0.108228 10.822600 0.162600 0.104843 0.981106 -0.430700 0.000000 0.000000 0.000000 1.000000
0.986111 -0.048177 -0.158946 -0.006600 0.030702 0.993388 -0.110622 10.822600 0.163225 0.104205 0.981070 -0.430700 0.000000 0.000000 0.000000 1.000000
0.985111 -0.066357 -0.158597 -0.006600 0.048590 0.992361 -0.113393 10.822600 0.164910 0.103998 0.980810 -0.430700 0.000000 0.000000 0.000000 1.000000
0.984156 -0.080693 -0.157880 -0.006600 0.063126 0.991555 -0.113283 10.822600 0.165688 0.101522 0.980939 -0.430700 0.000000 0.000000 0.000000 1.000000
0.984038 -0.090647 -0.153142 -0.006600 0.074091 0.991103 -0.110565 10.822600 0.161802 0.097454 0.981999 -0.430700 0.000000 0.000000 0.000000 1.000000
0.985146 -0.097582 -0.141296 -0.006600 0.082558 0.990656 -0.108555 10.822600 0.150569 0.095277 0.983998 -0.430700 0.000000 0.000000 0.000000 1.000000
0.987159 -0.101685 -0.123193 -0.006600 0.088304 0.990045 -0.109605 10.822600 0.133112 0.097320 0.986311 -0.430700 0.000000 0.000000 0.000000 1.000000
0.989424 -0.101987 -0.103148 -0.006600 0.090250 0.989524 -0.112682 10.822600 0.113560 0.102182 0.988263 -0.430700 0.000000 0.000000 0.000000 1.000000
0.991430 -0.098933 -0.085320 -0.006600 0.088801 0.989351 -0.115323 10.822600 0.095821 0.106758 0.989657 -0.430700 0.000000 0.000000 0.000000 1.000000
0.993034 -0.094012 -0.071033 -0.006600 0.085335 0.989503 -0.116623 10.822600 0.081251 0.109749 0.990633 -0.430700 0.000000 0.000000 0.000000 1.000000
0.994461 -0.086960 -0.059044 -0.006600 0.079593 0.989896 -0.117349 10.822600 0.068652 0.111999 0.991334 -0.430700 0.000000 0.000000 0.000000 1.000000
0.995781 -0.078302 -0.047841 -0.006600 0.072194 0.990356 -0.118248 10.822600 0.056639 0.114296 0.991831 -0.430700 0.000000 0.000000 0.000000 1.000000
0.996888 -0.069595 -0.037030 -0.006600 0.064736 0.990750 -0.119266 10.822600 0.044988 0.116498 0.992172 -0.430700 0.000000 0.000000 0.000000 1.000000
0.997698 -0.062328 -0.026721 -0.006600 0.058688 0.991002 -0.120293 10.822600 0.033978 0.118448 0.992379 -0.430700 0.000000 0.000000 0.000000 1.000000</float_array>
        <technique_common>
          <accessor source="#mixamorig_Spine-Matrix-animation-output-transform-array" count="45" stride="16">
            <param type="float4x4"/>
          </accessor>
        </technique_common>
      </source>
      <source id="mixamorig_Spine-Interpolations">
        <Name_array id="mixamorig_Spine-Interpolations-array" count="45">
 LINEAR LINEAR LINEAR LINEAR LINEAR LINEAR LINEAR LINEAR LINEAR LINEAR LINEAR
LINEAR LINEAR LINEAR LINEAR LINEAR LINEAR LINEAR LINEAR LINEAR LINEAR LINEAR LINEAR
LINEAR LINEAR LINEAR LINEAR LINEAR LINEAR LINEAR LINEAR LINEAR LINEAR LINEAR LINEAR
LINEAR LINEAR LINEAR LINEAR LINEAR LINEAR LINEAR LINEAR LINEAR LINEAR</Name_array>
        <technique_common>
          <accessor source="#mixamorig_Spine-Interpolations-array" count="45">
            <param type="name"/>
          </accessor>
        </technique_common>
      </source>
      <sampler id="mixamorig_Spine-Matrix-animation-transform">
        <input semantic="INPUT" source="#mixamorig_Spine-Matrix-animation-input"/>
        <input semantic="OUTPUT" source="#mixamorig_Spine-Matrix-animation-output-transform"/>
        <input semantic="INTERPOLATION" source="#mixamorig_Spine-Interpolations"/>
      </sampler>
      <channel source="#mixamorig_Spine-Matrix-animation-transform" target="mixamorig_Spine/matrix"/>
    </animation>
    <animation id="mixamorig_Spine1-anim" name="mixamorig_Spine1">
      <source id="mixamorig_Spine1-Matrix-animation-input">
        <float_array id="mixamorig_Spine1-Matrix-animation-input-array" count="45">

0.000000 0.033333 0.066667 0.100000 0.133333 0.166667 0.200000 0.233333 0.266667 0.300000 0.333333 0.366667 0.400000 0.433333 0.466667 0.500000
0.533333 0.566667 0.600000 0.633333 0.666667 0.700000 0.733333 0.766667 0.800000 0.833333 0.866667 0.900000 0.933333 0.966667 1.000000 1.033333
1.066667 1.100000 1.133333 1.166667 1.200000 1.233333 1.266667 1.300000 1.333333 1.366667 1.400000 1.433333 1.466667</float_array>
        <technique_common>
          <accessor source="#mixamorig_Spine1-Matrix-animation-input-array" count="45">
            <param name="TIME" type="float"/>
          </accessor>
        </technique_common>
      </source>
      <source id="mixamorig_Spine1-Matrix-animation-output-transform">
        <float_array id="mixamorig_Spine1-Matrix-animation-output-transform-array" count="720">

0.999956 -0.000630 -0.009312 0.000000 -0.000009 0.997652 -0.068485 12.655100 0.009333 0.068483 0.997609 0.000000 0.000000 0.000000 0.000000 1.000000
0.999977 0.001483 -0.006678 0.000000 -0.001933 0.997684 -0.067998 12.655100 0.006562 0.068009 0.997663 0.000000 0.000000 0.000000 0.000000 1.000000
0.999986 0.003290 -0.004080 0.000000 -0.003557 0.997734 -0.067188 12.655100 0.003850 0.067202 0.997732 0.000000 0.000000 0.000000 0.000000 1.000000
0.999987 0.004830 -0.001692 0.000000 -0.004931 0.997798 -0.066137 12.655100 0.001368 0.066145 0.997809 0.000000 0.000000 0.000000 0.000000 1.000000
0.999981 0.006085 -0.000004 0.000000 -0.006072 0.997877 -0.064836 12.655100 -0.000391 0.064835 0.997896 0.000000 0.000000 0.000000 0.000000 1.000000
0.999976 0.006862 0.000397 0.000000 -0.006823 0.997966 -0.063383 12.655100 -0.000831 0.063379 0.997989 -0.000000 0.000000 0.000000 0.000000 1.000000
0.999977 0.006719 -0.000635 0.000000 -0.006746 0.998039 -0.062224 12.655100 0.000216 0.062226 0.998062 -0.000000 0.000000 0.000000 0.000000 1.000000
0.999983 0.005180 -0.002525 0.000000 -0.005327 0.998063 -0.061982 12.655100 0.002200 0.061994 0.998074 -0.000000 0.000000 0.000000 0.000000 1.000000
0.999988 0.002357 -0.004286 0.000000 -0.002622 0.998011 -0.062986 12.655100 0.004129 0.062996 0.998005 -0.000000 0.000000 0.000000 0.000000 1.000000
0.999987 -0.000708 -0.005069 0.000000 0.000377 0.997886 -0.064991 12.655100 0.005104 0.064988 0.997873 0.000000 0.000000 0.000000 0.000000 1.000000
0.999985 -0.002803 -0.004703 0.000000 0.002480 0.997726 -0.067358 12.655100 0.004882 0.067345 0.997718 -0.000000 0.000000 0.000000 0.000000 1.000000
0.999985 -0.003755 -0.003892 0.000000 0.003475 0.997572 -0.069559 12.655100 0.004144 0.069544 0.997570 0.000000 0.000000 0.000000 0.000000 1.000000
0.999983 -0.004573 -0.003733 -0.000000 0.004294 0.997424 -0.071605 12.655100 0.004051 0.071587 0.997426 0.000000 0.000000 0.000000 0.000000 1.000000
0.999968 -0.006270 -0.004909 0.000000 0.005890 0.997244 -0.073957 12.655100 0.005359 0.073926 0.997249 0.000000 0.000000 0.000000 0.000000 1.000000
0.999935 -0.008727 -0.007341 0.000000 0.008136 0.996999 -0.076983 12.655100 0.007991 0.076918 0.997005 -0.000000 0.000000 0.000000 0.000000 1.000000
0.999885 -0.010886 -0.010553 0.000000 0.010001 0.996702 -0.080527 12.655100 0.011395 0.080412 0.996697 -0.000000 0.000000 0.000000 0.000000 1.000000
0.999830 -0.011851 -0.014159 0.000000 0.010620 0.996407 -0.084027 12.655100 0.015104 0.083862 0.996363 0.000000 0.000000 0.000000 0.000000 1.000000
0.999772 -0.011542 -0.017946 -0.000000 0.009940 0.996164 -0.086942 12.655100 0.018881 0.086744 0.996052 0.000000 0.000000 0.000000 0.000000 1.000000
0.999710 -0.010414 -0.021730 0.000000 0.008440 0.995994 -0.089023 12.655100 0.022570 0.088814 0.995792 0.000000 0.000000 0.000000 0.000000 1.000000
0.999638 -0.008964 -0.025353 -0.000000 0.006639 0.995891 -0.090321 12.655100 0.026058 0.090120 0.995590 0.000000 0.000000 0.000000 0.000000 1.000000
0.999556 -0.007595 -0.028823 -0.000000 0.004940 0.995831 -0.091089 12.655100 0.029395 0.090906 0.995426 0.000000 0.000000 0.000000 0.000000 1.000000
0.999455 -0.006606 -0.032346 0.000000 0.003616 0.995786 -0.091632 12.655100 0.032815 0.091465 0.995268 0.000000 0.000000 0.000000 0.000000 1.000000
0.999329 -0.006073 -0.036121 0.000000 0.002723 0.995747 -0.092085 12.655100 0.036527 0.091925 0.995096 -0.000000 0.000000 0.000000 0.000000 1.000000
0.999181 -0.005824 -0.040052 0.000000 0.002105 0.995732 -0.092272 12.655100 0.040418 0.092112 0.994928 -0.000000 0.000000 0.000000 0.000000 1.000000
0.999033 -0.005626 -0.043611 0.000000 0.001600 0.995776 -0.091805 12.655100 0.043944 0.091646 0.994822 0.000000 0.000000 0.000000 0.000000 1.000000
0.998924 -0.005364 -0.046066 -0.000000 0.001180 0.995907 -0.090372 12.655100 0.046363 0.090220 0.994842 -0.000000 0.000000 0.000000 0.000000 1.000000
0.998885 -0.005088 -0.046943 0.000000 0.000943 0.996128 -0.087905 12.655100 0.047208 0.087763 0.995022 0.000000 0.000000 0.000000 0.000000 1.000000
0.998911 -0.004980 -0.046384 0.000000 0.001042 0.996419 -0.084547 12.655100 0.046639 0.084406 0.995339 -0.000000 0.000000 0.000000 0.000000 1.000000
0.998969 -0.005282 -0.045089 0.000000 0.001633 0.996747 -0.080574 12.655100 0.045368 0.080418 0.995728 0.000000 0.000000 0.000000 0.000000 1.000000
0.999019 -0.006204 -0.043841 0.000000 0.002834 0.997064 -0.076514 12.655100 0.044187 0.076315 0.996104 0.000000 0.000000 0.000000 0.000000 1.000000
0.999043 -0.007925 -0.043026 0.000000 0.004756 0.997302 -0.073252 12.655100 0.043491 0.072978 0.996385 0.000000 0.000000 0.000000 0.000000 1.000000
0.999036 -0.010605 -0.042593 0.000000 0.007530 0.997396 -0.071730 12.655100 0.043243 0.071340 0.996514 0.000000 0.000000 0.000000 0.000000 1.000000
0.999000 -0.014197 -0.042402 0.000000 0.011109 0.997329 -0.072192 12.655100 0.043314 0.071649 0.996489 -0.000000 0.000000 0.000000 0.000000 1.000000
0.998937 -0.018149 -0.042382 0.000000 0.014990 0.997167 -0.073707 12.655100 0.043600 0.072993 0.996379 -0.000000 0.000000 0.000000 0.000000 1.000000
0.998878 -0.021488 -0.042199 -0.000000 0.018293 0.997039 -0.074696 12.655100 0.043679 0.073840 0.996313 0.000000 0.000000 0.000000 0.000000 1.000000
0.998884 -0.023344 -0.041047 0.000000 0.020254 0.997042 -0.074135 12.655100 0.042657 0.073221 0.996403 0.000000 0.000000 0.000000 0.000000 1.000000
0.998997 -0.023364 -0.038200 0.000000 0.020560 0.997176 -0.072230 12.655100 0.039780 0.071373 0.996656 -0.000000 0.000000 0.000000 0.000000 1.000000
0.999192 -0.021705 -0.033818 0.000000 0.019297 0.997363 -0.069968 12.655100 0.035247 0.069259 0.996976 0.000000 0.000000 0.000000 0.000000 1.000000
0.999404 -0.018826 -0.028931 -0.000000 0.016815 0.997528 -0.068230 12.655100 0.030144 0.067703 0.997250 0.000000 0.000000 0.000000 0.000000 1.000000
0.999581 -0.015361 -0.024552 0.000000 0.013676 0.997635 -0.067365 12.655100 0.025528 0.067001 0.997426 -0.000000 0.000000 0.000000 0.000000 1.000000
0.999710 -0.011896 -0.020957 0.000000 0.010462 0.997679 -0.067283 12.655100 0.021708 0.067044 0.997514 -0.000000 0.000000 0.000000 0.000000 1.000000
0.999803 -0.008701 -0.017834 0.000000 0.007475 0.997679 -0.067680 12.655100 0.018382 0.067533 0.997548 0.000000 0.000000 0.000000 0.000000 1.000000
0.999873 -0.005765 -0.014875 0.000000 0.004738 0.997660 -0.068205 12.655100 0.015233 0.068126 0.997560 -0.000000 0.000000 0.000000 0.000000 1.000000
0.999923 -0.003060 -0.012026 0.000000 0.002229 0.997646 -0.068544 12.655100 0.012207 0.068512 0.997576 0.000000 0.000000 0.000000 0.000000 1.000000
0.999956 -0.000630 -0.009312 0.000000 -0.000009 0.997652 -0.068485 12.655100 0.009333 0.068483 0.997609 -0.000000 0.000000 0.000000 0.000000 1.000000</float_array>
        <technique_common>
          <accessor source="#mixamorig_Spine1-Matrix-animation-output-transform-array" count="45" stride="16">
            <param type="float4x4"/>
          </accessor>
        </technique_common>
      </source>
      <source id="mixamorig_Spine1-Interpolations">
        <Name_array id="mixamorig_Spine1-Interpolations-array" count="45">
 LINEAR LINEAR LINEAR LINEAR LINEAR LINEAR LINEAR LINEAR LINEAR LINEAR LINEAR
LINEAR LINEAR LINEAR LINEAR LINEAR LINEAR LINEAR LINEAR LINEAR LINEAR LINEAR LINEAR
LINEAR LINEAR LINEAR LINEAR LINEAR LINEAR LINEAR LINEAR LINEAR LINEAR LINEAR LINEAR
LINEAR LINEAR LINEAR LINEAR LINEAR LINEAR LINEAR LINEAR LINEAR LINEAR</Name_array>
        <technique_common>
          <accessor source="#mixamorig_Spine1-Interpolations-array" count="45">
            <param type="name"/>
          </accessor>
        </technique_common>
      </source>
      <sampler id="mixamorig_Spine1-Matrix-animation-transform">
        <input semantic="INPUT" source="#mixamorig_Spine1-Matrix-animation-input"/>
        <input semantic="OUTPUT" source="#mixamorig_Spine1-Matrix-animation-output-transform"/>
        <input semantic="INTERPOLATION" source="#mixamorig_Spine1-Interpolations"/>
      </sampler>
      <channel source="#mixamorig_Spine1-Matrix-animation-transform" target="mixamorig_Spine1/matrix"/>
    </animation>
    <animation id="mixamorig_Spine2-anim" name="mixamorig_Spine2">
      <source id="mixamorig_Spine2-Matrix-animation-input">
        <float_array id="mixamorig_Spine2-Matrix-animation-input-array" count="45">

0.000000 0.033333 0.066667 0.100000 0.133333 0.166667 0.200000 0.233333 0.266667 0.300000 0.333333 0.366667 0.400000 0.433333 0.466667 0.500000
0.533333 0.566667 0.600000 0.633333 0.666667 0.700000 0.733333 0.766667 0.800000 0.833333 0.866667 0.900000 0.933333 0.966667 1.000000 1.033333
1.066667 1.100000 1.133333 1.166667 1.200000 1.233333 1.266667 1.300000 1.333333 1.366667 1.400000 1.433333 1.466667</float_array>
        <technique_common>
          <accessor source="#mixamorig_Spine2-Matrix-animation-input-array" count="45">
            <param name="TIME" type="float"/>
          </accessor>
        </technique_common>
      </source>
      <source id="mixamorig_Spine2-Matrix-animation-output-transform">
        <float_array id="mixamorig_Spine2-Matrix-animation-output-transform-array" count="720">

0.999955 -0.000689 -0.009467 0.000000 0.000268 0.999012 -0.044435 14.459700 0.009488 0.044430 0.998967 0.000000 0.000000 0.000000 0.000000 1.000000
0.999976 0.001438 -0.006823 -0.000000 -0.001737 0.999031 -0.043967 14.459700 0.006753 0.043978 0.999010 -0.000000 0.000000 0.000000 0.000000 1.000000
0.999986 0.003261 -0.004215 0.000000 -0.003440 0.999062 -0.043176 14.459700 0.004070 0.043190 0.999059 0.000000 0.000000 0.000000 0.000000 1.000000
0.999987 0.004814 -0.001818 0.000000 -0.004887 0.999100 -0.042144 14.459700 0.001614 0.042152 0.999110 -0.000000 0.000000 0.000000 0.000000 1.000000
0.999982 0.006079 -0.000127 0.000000 -0.006079 0.999147 -0.040854 14.459700 -0.000121 0.040854 0.999165 0.000000 0.000000 0.000000 0.000000 1.000000
0.999976 0.006856 0.000265 0.000000 -0.006840 0.999200 -0.039402 14.459700 -0.000535 0.039399 0.999223 -0.000000 0.000000 0.000000 0.000000 1.000000
0.999977 0.006704 -0.000780 0.000000 -0.006729 0.999246 -0.038230 14.459700 0.000523 0.038234 0.999269 0.000000 0.000000 0.000000 0.000000 1.000000
0.999983 0.005150 -0.002669 0.000000 -0.005248 0.999265 -0.037973 14.459700 0.002471 0.037986 0.999275 -0.000000 0.000000 0.000000 0.000000 1.000000
0.999988 0.002318 -0.004394 0.000000 -0.002487 0.999237 -0.038975 14.459700 0.004301 0.038985 0.999231 0.000000 0.000000 0.000000 0.000000 1.000000
0.999987 -0.000745 -0.005104 0.000000 0.000535 0.999159 -0.040995 14.459700 0.005131 0.040992 0.999146 0.000000 0.000000 0.000000 0.000000 1.000000
0.999985 -0.002826 -0.004650 0.000000 0.002622 0.999055 -0.043385 14.459700 0.004768 0.043372 0.999048 0.000000 0.000000 0.000000 0.000000 1.000000
0.999986 -0.003761 -0.003756 0.000000 0.003585 0.998953 -0.045606 14.459700 0.003924 0.045592 0.998952 0.000000 0.000000 0.000000 0.000000 1.000000
0.999983 -0.004569 -0.003528 -0.000000 0.004396 0.998854 -0.047668 14.459700 0.003741 0.047652 0.998857 0.000000 0.000000 0.000000 0.000000 1.000000
0.999970 -0.006265 -0.004638 0.000000 0.006025 0.998729 -0.050045 14.459700 0.004945 0.050016 0.998736 0.000000 0.000000 0.000000 0.000000 1.000000
0.999937 -0.008726 -0.007005 0.000000 0.008342 0.998554 -0.053108 14.459700 0.007458 0.053047 0.998564 0.000000 0.000000 0.000000 0.000000 1.000000
0.999889 -0.010891 -0.010171 -0.000000 0.010297 0.998339 -0.056692 14.459700 0.010772 0.056581 0.998340 0.000000 0.000000 0.000000 0.000000 1.000000
0.999835 -0.011867 -0.013774 0.000000 0.011018 0.998125 -0.060215 14.459700 0.014462 0.060054 0.998090 0.000000 0.000000 0.000000 0.000000 1.000000
0.999778 -0.011578 -0.017601 0.000000 0.010445 0.997951 -0.063127 14.459700 0.018295 0.062929 0.997850 -0.000000 0.000000 0.000000 0.000000 1.000000
0.999715 -0.010474 -0.021444 0.000000 0.009056 0.997832 -0.065184 14.459700 0.022080 0.064971 0.997643 -0.000000 0.000000 0.000000 0.000000 1.000000
0.999643 -0.009050 -0.025124 0.000000 0.007363 0.997763 -0.066449 14.459700 0.025669 0.066240 0.997473 -0.000000 0.000000 0.000000 0.000000 1.000000
0.999560 -0.007706 -0.028640 0.000000 0.005766 0.997724 -0.067188 14.459700 0.029092 0.066994 0.997329 0.000000 0.000000 0.000000 0.000000 1.000000
0.999459 -0.006735 -0.032200 0.000000 0.004541 0.997695 -0.067711 14.459700 0.032582 0.067528 0.997185 0.000000 0.000000 0.000000 0.000000 1.000000
0.999332 -0.006208 -0.036010 -0.000000 0.003742 0.997668 -0.068148 14.459700 0.036349 0.067967 0.997025 0.000000 0.000000 0.000000 0.000000 1.000000
0.999183 -0.005952 -0.039977 0.000000 0.003210 0.997659 -0.068313 14.459700 0.040290 0.068129 0.996863 0.000000 0.000000 0.000000 0.000000 1.000000
0.999034 -0.005736 -0.043574 0.000000 0.002771 0.997694 -0.067816 14.459700 0.043862 0.067630 0.996746 -0.000000 0.000000 0.000000 0.000000 1.000000
0.998924 -0.005452 -0.046063 0.000000 0.002386 0.997794 -0.066345 14.459700 0.046323 0.066164 0.996733 -0.000000 0.000000 0.000000 0.000000 1.000000
0.998883 -0.005150 -0.046966 -0.000000 0.002143 0.997958 -0.063844 14.459700 0.047199 0.063672 0.996854 -0.000000 0.000000 0.000000 0.000000 1.000000
0.998909 -0.005013 -0.046423 0.000000 0.002200 0.998168 -0.060468 14.459700 0.046641 0.060300 0.997090 -0.000000 0.000000 0.000000 0.000000 1.000000
0.998967 -0.005291 -0.045134 0.000000 0.002735 0.998399 -0.056506 14.459700 0.045361 0.056324 0.997382 0.000000 0.000000 0.000000 0.000000 1.000000
0.999017 -0.006202 -0.043887 0.000000 0.003894 0.998615 -0.052471 14.459700 0.044152 0.052249 0.997658 0.000000 0.000000 0.000000 0.000000 1.000000
0.999040 -0.007927 -0.043076 0.000000 0.005802 0.998771 -0.049221 14.459700 0.043413 0.048924 0.997859 -0.000000 0.000000 0.000000 0.000000 1.000000
0.999033 -0.010615 -0.042657 -0.000000 0.008578 0.998826 -0.047678 14.459700 0.043113 0.047266 0.997952 -0.000000 0.000000 0.000000 0.000000 1.000000
0.998996 -0.014201 -0.042493 -0.000000 0.012152 0.998769 -0.048095 14.459700 0.043123 0.047530 0.997938 0.000000 0.000000 0.000000 0.000000 1.000000
0.998932 -0.018121 -0.042511 0.000000 0.016007 0.998643 -0.049564 14.459700 0.043352 0.048831 0.997866 -0.000000 0.000000 0.000000 0.000000 1.000000
0.998872 -0.021421 -0.042370 0.000000 0.019270 0.998537 -0.050520 14.459700 0.043391 0.049646 0.997824 0.000000 0.000000 0.000000 0.000000 1.000000
0.998878 -0.023260 -0.041252 0.000000 0.021190 0.998528 -0.049938 14.459700 0.042353 0.049007 0.997900 0.000000 0.000000 0.000000 0.000000 1.000000
0.998990 -0.023313 -0.038419 -0.000000 0.021458 0.998616 -0.048024 14.459700 0.039486 0.047151 0.998107 -0.000000 0.000000 0.000000 0.000000 1.000000
0.999185 -0.021723 -0.034036 -0.000000 0.020154 0.998749 -0.045769 14.459700 0.034988 0.045046 0.998372 0.000000 0.000000 0.000000 0.000000 1.000000
0.999396 -0.018912 -0.029144 -0.000000 0.017617 0.998874 -0.044051 14.459700 0.029944 0.043511 0.998604 -0.000000 0.000000 0.000000 0.000000 1.000000
0.999573 -0.015482 -0.024764 0.000000 0.014402 0.998962 -0.043208 14.459700 0.025407 0.042833 0.998759 0.000000 0.000000 0.000000 0.000000 1.000000
0.999704 -0.012018 -0.021168 0.000000 0.011096 0.999007 -0.043144 14.459700 0.021665 0.042896 0.998845 0.000000 0.000000 0.000000 0.000000 1.000000
0.999799 -0.008807 -0.018037 0.000000 0.008014 0.999019 -0.043559 14.459700 0.018402 0.043406 0.998888 0.000000 0.000000 0.000000 0.000000 1.000000
0.999869 -0.005854 -0.015061 0.000000 0.005184 0.999013 -0.044108 14.459700 0.015304 0.044024 0.998913 0.000000 0.000000 0.000000 0.000000 1.000000
0.999921 -0.003133 -0.012195 0.000000 0.002588 0.999007 -0.044471 14.459700 0.012322 0.044436 0.998936 0.000000 0.000000 0.000000 0.000000 1.000000
0.999955 -0.000689 -0.009467 -0.000000 0.000268 0.999012 -0.044435 14.459700 0.009488 0.044430 0.998967 -0.000000 0.000000 0.000000 0.000000 1.000000</float_array>
        <technique_common>
          <accessor source="#mixamorig_Spine2-Matrix-animation-output-transform-array" count="45" stride="16">
            <param type="float4x4"/>
          </accessor>
        </technique_common>
      </source>
      <source id="mixamorig_Spine2-Interpolations">
        <Name_array id="mixamorig_Spine2-Interpolations-array" count="45">
 LINEAR LINEAR LINEAR LINEAR LINEAR LINEAR LINEAR LINEAR LINEAR LINEAR LINEAR
LINEAR LINEAR LINEAR LINEAR LINEAR LINEAR LINEAR LINEAR LINEAR LINEAR LINEAR LINEAR
LINEAR LINEAR LINEAR LINEAR LINEAR LINEAR LINEAR LINEAR LINEAR LINEAR LINEAR LINEAR
LINEAR LINEAR LINEAR LINEAR LINEAR LINEAR LINEAR LINEAR LINEAR LINEAR</Name_array>
        <technique_common>
          <accessor source="#mixamorig_Spine2-Interpolations-array" count="45">
            <param type="name"/>
          </accessor>
        </technique_common>
      </source>
      <sampler id="mixamorig_Spine2-Matrix-animation-transform">
        <input semantic="INPUT" source="#mixamorig_Spine2-Matrix-animation-input"/>
        <input semantic="OUTPUT" source="#mixamorig_Spine2-Matrix-animation-output-transform"/>
        <input semantic="INTERPOLATION" source="#mixamorig_Spine2-Interpolations"/>
      </sampler>
      <channel source="#mixamorig_Spine2-Matrix-animation-transform" target="mixamorig_Spine2/matrix"/>
    </animation>
    <animation id="mixamorig_Neck-anim" name="mixamorig_Neck">
      <source id="mixamorig_Neck-Matrix-animation-input">
        <float_array id="mixamorig_Neck-Matrix-animation-input-array" count="45">

0.000000 0.033333 0.066667 0.100000 0.133333 0.166667 0.200000 0.233333 0.266667 0.300000 0.333333 0.366667 0.400000 0.433333 0.466667 0.500000
0.533333 0.566667 0.600000 0.633333 0.666667 0.700000 0.733333 0.766667 0.800000 0.833333 0.866667 0.900000 0.933333 0.966667 1.000000 1.033333
1.066667 1.100000 1.133333 1.166667 1.200000 1.233333 1.266667 1.300000 1.333333 1.366667 1.400000 1.433333 1.466667</float_array>
        <technique_common>
          <accessor source="#mixamorig_Neck-Matrix-animation-input-array" count="45">
            <param name="TIME" type="float"/>
          </accessor>
        </technique_common>
      </source>
      <source id="mixamorig_Neck-Matrix-animation-output-transform">
        <float_array id="mixamorig_Neck-Matrix-animation-output-transform-array" count="720">

0.996431 -0.040088 -0.074287 0.000000 0.045089 0.996739 0.066916 16.135700 0.071362 -0.070027 0.994989 -0.000000 0.000000 0.000000 0.000000 1.000000
0.996549 -0.039043 -0.073255 0.000000 0.044114 0.996645 0.068935 16.135700 0.070318 -0.071928 0.994928 0.000000 0.000000 0.000000 0.000000 1.000000
0.996660 -0.038123 -0.072220 0.000000 0.043373 0.996419 0.072580 16.135700 0.069194 -0.075470 0.994744 0.000000 0.000000 0.000000 0.000000 1.000000
0.996771 -0.037485 -0.071010 -0.000000 0.042925 0.996130 0.076695 16.135700 0.067861 -0.079495 0.994523 0.000000 0.000000 0.000000 0.000000 1.000000
0.996885 -0.037609 -0.069324 0.000000 0.043105 0.995897 0.079564 16.135700 0.066047 -0.082304 0.994416 0.000000 0.000000 0.000000 0.000000 1.000000
0.997008 -0.038683 -0.066923 0.000000 0.044020 0.995806 0.080207 16.135700 0.063540 -0.082913 0.994529 -0.000000 0.000000 0.000000 0.000000 1.000000
0.997144 -0.040129 -0.063977 0.000000 0.045168 0.995821 0.079374 16.135700 0.060524 -0.082037 0.994790 0.000000 0.000000 0.000000 0.000000 1.000000
0.997293 -0.041038 -0.061005 0.000000 0.045797 0.995840 0.078775 16.135700 0.057519 -0.081356 0.995024 0.000000 0.000000 0.000000 0.000000 1.000000
0.997460 -0.040831 -0.058365 -0.000000 0.045408 0.995810 0.079380 16.135700 0.054879 -0.081829 0.995134 0.000000 0.000000 0.000000 0.000000 1.000000
0.997668 -0.039105 -0.055943 0.000000 0.043568 0.995769 0.080910 16.135700 0.052542 -0.083159 0.995150 0.000000 0.000000 0.000000 0.000000 1.000000
0.997952 -0.035290 -0.053359 0.000000 0.039630 0.995795 0.082595 16.135700 0.050219 -0.084541 0.995154 0.000000 0.000000 0.000000 0.000000 1.000000
0.998305 -0.029107 -0.050403 0.000000 0.033269 0.995926 0.083814 16.135700 0.047758 -0.085349 0.995206 -0.000000 0.000000 0.000000 0.000000 1.000000
0.998650 -0.021404 -0.047338 0.000000 0.025336 0.996137 0.084077 16.135700 0.045355 -0.085163 0.995334 0.000000 0.000000 0.000000 0.000000 1.000000
