<?xml version="1.0" encoding="utf-8"?>
<COLLADA xmlns="http://www.collada.org/2005/11/COLLADASchema" version="1.4.1">
  <asset>
    <contributor>
      <author>Mixamo</author>
      <authoring_tool>COLLADA Mixamo exporter</authoring_tool>
      <comments/>
    </contributor>
    <created>2024-12-02T02:25:22Z</created>
    <modified>2024-12-02T02:25:22Z</modified>
    <revision/>
    <title/>
    <unit meter="0.010000"/>
    <up_axis>Y_UP</up_axis>
  </asset>
  <library_animations>
    <animation id="mixamorig_Hips-anim" name="mixamorig_Hips">
      <source id="mixamorig_Hips-Matrix-animation-input">
        <float_array id="mixamorig_Hips-Matrix-animation-input-array" count="45">

0.000000 0.033333 0.066667 0.100000 0.133333 0.166667 0.200000 0.233333 0.266667 0.300000 0.333333 0.366667 0.400000 0.433333 0.466667 0.500000
0.533333 0.566667 0.600000 0.633333 0.666667 0.700000 0.733333 0.766667 0.800000 0.833333 0.866667 0.900000 0.933333 0.966667 1.000000 1.033333
1.066667 1.100000 1.133333 1.166667 1.200000 1.233333 1.266667 1.300000 1.333333 1.366667 1.400000 1.433333 1.466667</float_array>
        <technique_common>
          <accessor source="#mixamorig_Hips-Matrix-animation-input-array" count="45">
            <param name="TIME" type="float"/>
          </accessor>
        </technique_common>
      </source>
      <source id="mixamorig_Hips-Matrix-animation-output-transform">
        <float_array id="mixamorig_Hips-Matrix-animation-output-transform-array" count="720">

0.873610 0.097459 -0.476768 0.280631 -0.057305 0.993527 0.098088 115.175125 0.483241 -0.058369 0.873540 1.259678 0.000000 0.000000 0.000000 1.000000
0.859383 0.099823 -0.501493 -1.872759 -0.058741 0.993539 0.097103 115.006958 0.507947 -0.053991 0.859695 1.318478 0.000000 0.000000 0.000000 1.000000
0.843925 0.102346 -0.526608 -4.097793 -0.061651 0.993632 0.094312 114.757553 0.532907 -0.047126 0.844860 1.373299 0.000000 0.000000 0.000000 1.000000
0.829105 0.103589 -0.549413 -6.351449 -0.065338 0.993905 0.088795 114.463318 0.555262 -0.037723 0.830820 1.374857 0.000000 0.000000 0.000000 1.000000
0.816345 0.102396 -0.568415 -8.580932 -0.069241 0.994412 0.079693 114.175812 0.573399 -0.025699 0.818873 1.336009 0.000000 0.000000 0.000000 1.000000
0.806166 0.098953 -0.583356 -10.823410 -0.073900 0.995035 0.066659 113.849495 0.587056 -0.010628 0.809476 1.285441 0.000000 0.000000 0.000000 1.000000
0.797879 0.094114 -0.595426 -13.062431 -0.079785 0.995535 0.050442 113.436897 0.597514 0.007260 0.801825 1.234045 0.000000 0.000000 0.000000 1.000000
0.789812 0.087587 -0.607063 -15.157096 -0.084866 0.995837 0.033265 113.037308 0.607450 0.025246 0.793957 1.155178 0.000000 0.000000 0.000000 1.000000
0.780856 0.077822 -0.619844 -17.180285 -0.084748 0.996234 0.018316 112.744347 0.618935 0.038228 0.784511 1.083524 0.000000 0.000000 0.000000 1.000000
0.771932 0.064712 -0.632403 -19.309856 -0.076985 0.997000 0.008049 112.616035 0.631026 0.042472 0.774598 1.110117 0.000000 0.000000 0.000000 1.000000
0.765055 0.049842 -0.642033 -21.467728 -0.062865 0.998019 0.002567 112.594574 0.640889 0.038397 0.766673 1.254685 0.000000 0.000000 0.000000 1.000000
0.760333 0.037366 -0.648457 -23.653667 -0.049050 0.998796 0.000040 112.685738 0.647678 0.031776 0.761251 1.453904 0.000000 0.000000 0.000000 1.000000
0.755755 0.029564 -0.654187 -25.972534 -0.040009 0.999199 -0.001066 112.870346 0.653631 0.026979 0.756332 1.707346 0.000000 0.000000 0.000000 1.000000
0.750484 0.026706 -0.660349 -28.388477 -0.035832 0.999358 -0.000308 113.194160 0.659916 0.023893 0.750959 2.041709 0.000000 0.000000 0.000000 1.000000
0.745791 0.028102 -0.665587 -30.728683 -0.034013 0.999413 0.004086 113.617218 0.665311 0.019591 0.746309 2.370119 0.000000 0.000000 0.000000 1.000000
0.742006 0.033168 -0.669572 -32.925549 -0.033370 0.999365 0.012525 114.015022 0.669562 0.013050 0.742641 2.647007 0.000000 0.000000 0.000000 1.000000
0.738059 0.040333 -0.673529 -34.947304 -0.033867 0.999168 0.022722 114.268387 0.673885 0.006041 0.738811 2.956392 0.000000 0.000000 0.000000 1.000000
0.734857 0.047278 -0.676572 -36.855690 -0.034939 0.998882 0.031852 114.446335 0.677322 0.000232 0.735687 3.303906 0.000000 0.000000 0.000000 1.000000
0.735830 0.053204 -0.675072 -38.805611 -0.036438 0.998575 0.038983 114.790276 0.676185 -0.004086 0.736721 3.615155 0.000000 0.000000 0.000000 1.000000
0.742897 0.059687 -0.666739 -40.754921 -0.040061 0.998196 0.044721 115.205231 0.668206 -0.006513 0.743948 3.850604 0.000000 0.000000 0.000000 1.000000
0.754443 0.066666 -0.652971 -42.664066 -0.045411 0.997746 0.049398 115.627815 0.654793 -0.007615 0.755770 3.985800 0.000000 0.000000 0.000000 1.000000
0.768115 0.072005 -0.636250 -44.601604 -0.050271 0.997371 0.052184 116.017700 0.638335 -0.008098 0.769716 4.010404 0.000000 0.000000 0.000000 1.000000
0.783274 0.073330 -0.617337 -47.054626 -0.052572 0.997275 0.051757 116.445366 0.619450 -0.008085 0.784995 3.958309 0.000000 0.000000 0.000000 1.000000
0.800409 0.070163 -0.595334 -49.624447 -0.052127 0.997511 0.047479 116.759026 0.597183 -0.006970 0.802075 3.920387 0.000000 0.000000 0.000000 1.000000
0.819260 0.064030 -0.569837 -52.265846 -0.050182 0.997939 0.039987 116.843399 0.571223 -0.004165 0.820785 3.873781 0.000000 0.000000 0.000000 1.000000
0.838486 0.056368 -0.542000 -54.940945 -0.047303 0.998410 0.030657 116.981064 0.542867 -0.000067 0.839819 3.889918 0.000000 0.000000 0.000000 1.000000
0.856593 0.047665 -0.513786 -57.654934 -0.043182 0.998853 0.020671 117.128365 0.514182 0.004480 0.857669 4.002805 0.000000 0.000000 0.000000 1.000000
0.872474 0.038093 -0.487173 -60.480598 -0.037504 0.999236 0.010967 117.121674 0.487219 0.008702 0.873236 4.185647 0.000000 0.000000 0.000000 1.000000
0.885330 0.027706 -0.464137 -63.528912 -0.029651 0.999555 0.003109 116.866028 0.464017 0.011010 0.885758 4.268569 0.000000 0.000000 0.000000 1.000000
0.894854 0.021175 -0.445857 -66.795609 -0.024001 0.999712 -0.000693 116.550903 0.445714 0.011321 0.895104 4.152194 0.000000 0.000000 0.000000 1.000000
0.902269 0.023483 -0.430534 -70.211136 -0.025681 0.999670 0.000706 116.336029 0.430409 0.010420 0.902574 3.895615 0.000000 0.000000 0.000000 1.000000
0.909891 0.035245 -0.413349 -73.746452 -0.035987 0.999334 0.005995 116.107697 0.413285 0.009420 0.910553 3.556432 0.000000 0.000000 0.000000 1.000000
0.918751 0.054350 -0.391078 -77.319595 -0.053724 0.998477 0.012551 115.878464 0.391165 0.009480 0.920272 3.129117 0.000000 0.000000 0.000000 1.000000
0.927421 0.074413 -0.366541 -80.944580 -0.072466 0.997188 0.019088 115.642815 0.366931 0.008859 0.930206 2.669224 0.000000 0.000000 0.000000 1.000000
0.933314 0.090723 -0.347410 -84.543121 -0.086948 0.995861 0.026476 115.510338 0.348375 0.005496 0.937339 2.267069 0.000000 0.000000 0.000000 1.000000
0.934813 0.101853 -0.340221 -87.967339 -0.095412 0.994799 0.035655 115.435410 0.342083 -0.000870 0.939669 1.927058 0.000000 0.000000 0.000000 1.000000
0.932116 0.107979 -0.345689 -91.116234 -0.098085 0.994112 0.046044 115.334641 0.348625 -0.009012 0.937219 1.617600 0.000000 0.000000 0.000000 1.000000
0.926688 0.109604 -0.359495 -94.013451 -0.095518 0.993807 0.056773 115.272781 0.363491 -0.018273 0.931418 1.371936 0.000000 0.000000 0.000000 1.000000
0.920174 0.107755 -0.376388 -96.744919 -0.088642 0.993754 0.067791 115.364716 0.381342 -0.029016 0.923978 1.224643 0.000000 0.000000 0.000000 1.000000
0.913655 0.103850 -0.393000 -99.311111 -0.079147 0.993760 0.078599 115.453926 0.398710 -0.040707 0.916173 1.182136 0.000000 0.000000 0.000000 1.000000
0.907466 0.099675 -0.408129 -101.751900 -0.069781 0.993715 0.087533 115.471863 0.414289 -0.050953 0.908718 1.169893 0.000000 0.000000 0.000000 1.000000
0.901260 0.096867 -0.422311 -104.089157 -0.063034 0.993632 0.093392 115.484756 0.428668 -0.057550 0.901627 1.155890 0.000000 0.000000 0.000000 1.000000
0.894204 0.095728 -0.437305 -106.316978 -0.059166 0.993572 0.096515 115.468384 0.443733 -0.060430 0.894119 1.181931 0.000000 0.000000 0.000000 1.000000
0.885254 0.096012 -0.455090 -108.471878 -0.057439 0.993539 0.097879 115.391113 0.461547 -0.060508 0.885050 1.223612 0.000000 0.000000 0.000000 1.000000
0.873610 0.097459 -0.476768 -110.597893 -0.057306 0.993527 0.098088 115.268509 0.483241 -0.058369 0.873540 1.259681 0.000000 0.000000 0.000000 1.000000</float_array>
        <technique_common>
          <accessor source="#mixamorig_Hips-Matrix-animation-output-transform-array" count="45" stride="16">
            <param type="float4x4"/>
          </accessor>
        </technique_common>
      </source>
      <source id="mixamorig_Hips-Interpolations">
        <Name_array id="mixamorig_Hips-Interpolations-array" count="45">
 LINEAR LINEAR LINEAR LINEAR LINEAR LINEAR LINEAR LINEAR LINEAR LINEAR LINEAR
LINEAR LINEAR LINEAR LINEAR LINEAR LINEAR LINEAR LINEAR LINEAR LINEAR LINEAR LINEAR
LINEAR LINEAR LINEAR LINEAR LINEAR LINEAR LINEAR LINEAR LINEAR LINEAR LINEAR LINEAR
LINEAR LINEAR LINEAR LINEAR LINEAR LINEAR LINEAR LINEAR LINEAR LINEAR</Name_array>
        <technique_common>
          <accessor source="#mixamorig_Hips-Interpolations-array" count="45">
            <param type="name"/>
          </accessor>
        </technique_common>
      </source>
      <sampler id="mixamorig_Hips-Matrix-animation-transform">
        <input semantic="INPUT" source="#mixamorig_Hips-Matrix-animation-input"/>
        <input semantic="OUTPUT" source="#mixamorig_Hips-Matrix-animation-output-transform"/>
        <input semantic="INTERPOLATION" source="#mixamorig_Hips-Interpolations"/>
      </sampler>
      <channel source="#mixamorig_Hips-Matrix-animation-transform" target="mixamorig_Hips/matrix"/>
    </animation>
    <animation id="mixamorig_Spine-anim" name="mixamorig_Spine">
      <source id="mixamorig_Spine-Matrix-animation-input">
        <float_array id="mixamorig_Spine-Matrix-animation-input-array" count="45">

0.000000 0.033333 0.066667 0.100000 0.133333 0.166667 0.200000 0.233333 0.266667 0.300000 0.333333 0.366667 0.400000 0.433333 0.466667 0.500000
0.533333 0.566667 0.600000 0.633333 0.666667 0.700000 0.733333 0.766667 0.800000 0.833333 0.866667 0.900000 0.933333 0.966667 1.000000 1.033333
1.066667 1.100000 1.133333 1.166667 1.200000 1.233333 1.266667 1.300000 1.333333 1.366667 1.400000 1.433333 1.466667</float_array>
        <technique_common>
          <accessor source="#mixamorig_Spine-Matrix-animation-input-array" count="45">
            <param name="TIME" type="float"/>
          </accessor>
        </technique_common>
      </source>
      <source id="mixamorig_Spine-Matrix-animation-output-transform">
        <float_array id="mixamorig_Spine-Matrix-animation-output-transform-array" count="720">

0.989497 -0.025954 0.142205 -0.006600 0.050880 0.983330 -0.174568 10.822600 -0.135304 0.179970 0.974322 -0.430700 0.000000 0.000000 0.000000 1.000000
0.987379 -0.021400 0.156920 -0.006600 0.048584 0.983985 -0.171505 10.822600 -0.150737 0.176965 0.972606 -0.430700 0.000000 0.000000 0.000000 1.000000
0.985336 -0.016101 0.169862 -0.006600 0.044825 0.984996 -0.166652 10.822600 -0.164630 0.171822 0.971275 -0.430700 0.000000 0.000000 0.000000 1.000000
0.983974 -0.010103 0.178026 -0.006600 0.039077 0.986342 -0.160006 10.822600 -0.173978 0.164399 0.970930 -0.430700 0.000000 0.000000 0.000000 1.000000
0.983700 -0.004282 0.179764 -0.006600 0.031976 0.987949 -0.151440 10.822600 -0.176949 0.154720 0.971983 -0.430700 0.000000 0.000000 0.000000 1.000000
0.984354 -0.000158 0.176200 -0.006600 0.025364 0.989712 -0.140809 10.822600 -0.174365 0.143075 0.974231 -0.430700 0.000000 0.000000 0.000000 1.000000
0.985345 0.001904 0.170560 -0.006600 0.020376 0.991464 -0.128782 10.822600 -0.169349 0.130370 0.976895 -0.430700 0.000000 0.000000 0.000000 1.000000
0.986162 0.004520 0.165720 -0.006600 0.015203 0.992951 -0.117551 10.822600 -0.165083 0.118443 0.979142 -0.430700 0.000000 0.000000 0.000000 1.000000
0.986642 0.012008 0.162461 -0.006600 0.006039 0.993898 -0.110135 10.822600 -0.162792 0.109645 0.980549 -0.430700 0.000000 0.000000 0.000000 1.000000
0.986742 0.025898 0.160219 -0.006600 -0.008521 0.994092 -0.108208 10.822600 -0.162074 0.105408 0.981132 -0.430700 0.000000 0.000000 0.000000 1.000000
0.986302 0.044626 0.158798 -0.006600 -0.027145 0.993494 -0.110598 10.822600 -0.162700 0.104773 0.981097 -0.430700 0.000000 0.000000 0.000000 1.000000
0.985368 0.062803 0.158448 -0.006600 -0.045031 0.992532 -0.113366 10.822600 -0.164384 0.104572 0.980838 -0.430700 0.000000 0.000000 0.000000 1.000000
0.984465 0.077136 0.157729 -0.006600 -0.059564 0.991779 -0.113253 10.822600 -0.165168 0.102098 0.980967 -0.430700 0.000000 0.000000 0.000000 1.000000
0.984383 0.087085 0.152989 -0.006600 -0.070525 0.991367 -0.110532 10.822600 -0.161295 0.098017 0.982027 -0.430700 0.000000 0.000000 0.000000 1.000000
0.985516 0.094009 0.141141 -0.006600 -0.078986 0.990951 -0.108521 10.822600 -0.150066 0.095801 0.984024 -0.430700 0.000000 0.000000 0.000000 1.000000
0.987543 0.098094 0.123033 -0.006600 -0.084723 0.990361 -0.109572 10.822600 -0.132596 0.097784 0.986335 -0.430700 0.000000 0.000000 0.000000 1.000000
0.989807 0.098369 0.102985 -0.006600 -0.086653 0.989849 -0.112650 10.822600 -0.113021 0.102578 0.988283 -0.430700 0.000000 0.000000 0.000000 1.000000
0.991801 0.095287 0.085153 -0.006600 -0.085184 0.989672 -0.115292 10.822600 -0.095259 0.107093 0.989675 -0.430700 0.000000 0.000000 0.000000 1.000000
0.993384 0.090379 0.070857 -0.006600 -0.081737 0.989810 -0.116597 10.822600 -0.080672 0.110034 0.990649 -0.430700 0.000000 0.000000 0.000000 1.000000
0.994783 0.083322 0.058864 -0.006600 -0.075994 0.990182 -0.117326 10.822600 -0.068062 0.112240 0.991347 -0.430700 0.000000 0.000000 0.000000 1.000000
0.996070 0.074651 0.047661 -0.006600 -0.068585 0.990615 -0.118228 10.822600 -0.056040 0.114495 0.991842 -0.430700 0.000000 0.000000 0.000000 1.000000
0.997143 0.065935 0.036852 -0.006600 -0.061121 0.990981 -0.119249 10.822600 -0.044383 0.116656 0.992180 -0.430700 0.000000 0.000000 0.000000 1.000000
0.997925 0.058667 0.026547 -0.006600 -0.055072 0.991211 -0.120279 10.822600 -0.033370 0.118567 0.992385 -0.430700 0.000000 0.000000 0.000000 1.000000
0.998465 0.052859 0.016570 -0.006600 -0.050460 0.991288 -0.121664 10.822600 -0.022857 0.120641 0.992433 -0.430700 0.000000 0.000000 0.000000 1.000000
0.998849 0.047471 0.006932 -0.006600 -0.046252 0.991255 -0.123592 10.822600 -0.012739 0.123129 0.992309 -0.430700 0.000000 0.000000 0.000000 1.000000
0.999099 0.042411 -0.001632 -0.006600 -0.042281 0.991239 -0.125132 10.822600 -0.003689 0.125088 0.992139 -0.430700 0.000000 0.000000 0.000000 1.000000
0.999223 0.038733 -0.007346 -0.006600 -0.039346 0.991458 -0.124348 10.822600 0.002467 0.124541 0.992211 -0.430700 0.000000 0.000000 0.000000 1.000000
0.999258 0.037663 -0.008065 -0.006600 -0.038360 0.992006 -0.120216 10.822600 0.003473 0.120436 0.992715 -0.430700 0.000000 0.000000 0.000000 1.000000
0.999188 0.040151 -0.003299 -0.006600 -0.040264 0.992589 -0.114654 10.822600 -0.001329 0.114694 0.993400 -0.430700 0.000000 0.000000 0.000000 1.000000
0.999156 0.040721 0.005422 -0.006600 -0.039863 0.992956 -0.111574 10.822600 -0.009927 0.111264 0.993741 -0.430700 0.000000 0.000000 0.000000 1.000000
0.999367 0.032330 0.014877 -0.006600 -0.030438 0.993082 -0.113411 10.822600 -0.018440 0.112887 0.993437 -0.430700 0.000000 0.000000 0.000000 1.000000
0.999685 0.013220 0.021337 -0.006600 -0.010580 0.992788 -0.119416 10.822600 -0.022762 0.119152 0.992615 -0.430700 0.000000 0.000000 0.000000 1.000000
0.999639 -0.013545 0.023217 -0.006600 0.016388 0.991769 -0.126988 10.822600 -0.021305 0.127323 0.991632 -0.430700 0.000000 0.000000 0.000000 1.000000
0.998975 -0.039393 0.022318 -0.006600 0.042039 0.990073 -0.134119 10.822600 -0.016813 0.134919 0.990714 -0.430700 0.000000 0.000000 0.000000 1.000000
0.998023 -0.058511 0.022955 -0.006600 0.061164 0.988215 -0.140322 10.822600 -0.014474 0.141449 0.989840 -0.430700 0.000000 0.000000 0.000000 1.000000
0.997154 -0.069852 0.028366 -0.006600 0.073262 0.986575 -0.145952 10.822600 -0.017790 0.147614 0.988885 -0.430700 0.000000 0.000000 0.000000 1.000000
0.996481 -0.074472 0.038455 -0.006600 0.079475 0.985282 -0.151335 10.822600 -0.026619 0.153858 0.987734 -0.430700 0.000000 0.000000 0.000000 1.000000
0.995993 -0.073440 0.051026 -0.006600 0.080608 0.984358 -0.156658 10.822600 -0.038723 0.160144 0.986334 -0.430700 0.000000 0.000000 0.000000 1.000000
0.995644 -0.067617 0.064203 -0.006600 0.077257 0.983758 -0.162022 10.822600 -0.052205 0.166277 0.984696 -0.430700 0.000000 0.000000 0.000000 1.000000
0.995313 -0.058141 0.077273 -0.006600 0.070428 0.983400 -0.167224 10.822600 -0.066268 0.171882 0.982886 -0.430700 0.000000 0.000000 0.000000 1.000000
0.994788 -0.047736 0.090101 -0.006600 0.062724 0.983163 -0.171630 10.822600 -0.080391 0.176387 0.981033 -0.430700 0.000000 0.000000 0.000000 1.000000
0.993932 -0.039570 0.102629 -0.006600 0.057161 0.982981 -0.174589 10.822600 -0.093974 0.179396 0.979278 -0.430700 0.000000 0.000000 0.000000 1.000000
0.992774 -0.034114 0.115045 -0.006600 0.054168 0.982902 -0.175981 10.822600 -0.107075 0.180941 0.977648 -0.430700 0.000000 0.000000 0.000000 1.000000
0.991315 -0.030008 0.128039 -0.006600 0.052486 0.982994 -0.175980 10.822600 -0.120581 0.181172 0.976031 -0.430700 0.000000 0.000000 0.000000 1.000000
0.989497 -0.025954 0.142205 -0.006600 0.050880 0.983330 -0.174568 10.822600 -0.135303 0.179970 0.974322 -0.430700 0.000000 0.000000 0.000000 1.000000</float_array>
        <technique_common>
          <accessor source="#mixamorig_Spine-Matrix-animation-output-transform-array" count="45" stride="16">
            <param type="float4x4"/>
          </accessor>
        </technique_common>
      </source>
      <source id="mixamorig_Spine-Interpolations">
        <Name_array id="mixamorig_Spine-Interpolations-array" count="45">
 LINEAR LINEAR LINEAR LINEAR LINEAR LINEAR LINEAR LINEAR LINEAR LINEAR LINEAR
LINEAR LINEAR LINEAR LINEAR LINEAR LINEAR LINEAR LINEAR LINEAR LINEAR LINEAR LINEAR
LINEAR LINEAR LINEAR LINEAR LINEAR LINEAR LINEAR LINEAR LINEAR LINEAR LINEAR LINEAR
LINEAR LINEAR LINEAR LINEAR LINEAR LINEAR LINEAR LINEAR LINEAR LINEAR</Name_array>
        <technique_common>
          <accessor source="#mixamorig_Spine-Interpolations-array" count="45">
            <param type="name"/>
          </accessor>
        </technique_common>
      </source>
      <sampler id="mixamorig_Spine-Matrix-animation-transform">
        <input semantic="INPUT" source="#mixamorig_Spine-Matrix-animation-input"/>
        <input semantic="OUTPUT" source="#mixamorig_Spine-Matrix-animation-output-transform"/>
        <input semantic="INTERPOLATION" source="#mixamorig_Spine-Interpolations"/>
      </sampler>
      <channel source="#mixamorig_Spine-Matrix-animation-transform" target="mixamorig_Spine/matrix"/>
    </animation>
    <animation id="mixamorig_Spine1-anim" name="mixamorig_Spine1">
      <source id="mixamorig_Spine1-Matrix-animation-input">
        <float_array id="mixamorig_Spine1-Matrix-animation-input-array" count="45">

0.000000 0.033333 0.066667 0.100000 0.133333 0.166667 0.200000 0.233333 0.266667 0.300000 0.333333 0.366667 0.400000 0.433333 0.466667 0.500000
0.533333 0.566667 0.600000 0.633333 0.666667 0.700000 0.733333 0.766667 0.800000 0.833333 0.866667 0.900000 0.933333 0.966667 1.000000 1.033333
1.066667 1.100000 1.133333 1.166667 1.200000 1.233333 1.266667 1.300000 1.333333 1.366667 1.400000 1.433333 1.466667</float_array>
        <technique_common>
          <accessor source="#mixamorig_Spine1-Matrix-animation-input-array" count="45">
            <param name="TIME" type="float"/>
          </accessor>
        </technique_common>
      </source>
      <source id="mixamorig_Spine1-Matrix-animation-output-transform">
        <float_array id="mixamorig_Spine1-Matrix-animation-output-transform-array" count="720">

0.999338 0.006072 0.035883 0.000000 -0.002739 0.995736 -0.092210 12.655100 -0.036290 0.092051 0.995093 -0.000000 0.000000 0.000000 0.000000 1.000000
0.999190 0.005824 0.039813 0.000000 -0.002122 0.995719 -0.092410 12.655100 -0.040181 0.092251 0.994925 0.000000 0.000000 0.000000 0.000000 1.000000
0.999043 0.005626 0.043375 0.000000 -0.001616 0.995762 -0.091956 12.655100 -0.043708 0.091798 0.994818 0.000000 0.000000 0.000000 0.000000 1.000000
0.998935 0.005365 0.045834 0.000000 -0.001195 0.995893 -0.090532 12.655100 -0.046132 0.090380 0.994838 0.000000 0.000000 0.000000 0.000000 1.000000
0.998895 0.005090 0.046719 0.000000 -0.000957 0.996114 -0.088068 12.655100 -0.046986 0.087926 0.995018 0.000000 0.000000 0.000000 0.000000 1.000000
0.998921 0.004983 0.046173 0.000000 -0.001055 0.996405 -0.084708 12.655100 -0.046429 0.084568 0.995335 0.000000 0.000000 0.000000 0.000000 1.000000
0.998978 0.005284 0.044892 0.000000 -0.001645 0.996735 -0.080731 12.655100 -0.045172 0.080575 0.995724 -0.000000 0.000000 0.000000 0.000000 1.000000
0.999027 0.006207 0.043658 0.000000 -0.002845 0.997053 -0.076666 12.655100 -0.044005 0.076468 0.996101 0.000000 0.000000 0.000000 0.000000 1.000000
0.999050 0.007928 0.042854 0.000000 -0.004765 0.997291 -0.073402 12.655100 -0.043320 0.073128 0.996381 -0.000000 0.000000 0.000000 0.000000 1.000000
0.999043 0.010608 0.042427 0.000000 -0.007538 0.997385 -0.071877 12.655100 -0.043078 0.071489 0.996511 0.000000 0.000000 0.000000 0.000000 1.000000
0.999007 0.014200 0.042234 -0.000000 -0.011118 0.997318 -0.072339 12.655100 -0.043148 0.071797 0.996486 -0.000000 0.000000 0.000000 0.000000 1.000000
0.998944 0.018152 0.042208 -0.000000 -0.014999 0.997156 -0.073853 12.655100 -0.043429 0.073142 0.996376 -0.000000 0.000000 0.000000 0.000000 1.000000
0.998886 0.021491 0.042022 0.000000 -0.018303 0.997028 -0.074841 12.655100 -0.043505 0.073988 0.996310 -0.000000 0.000000 0.000000 0.000000 1.000000
0.998892 0.023346 0.040872 0.000000 -0.020264 0.997032 -0.074276 12.655100 -0.042485 0.073366 0.996400 0.000000 0.000000 0.000000 0.000000 1.000000
0.999003 0.023367 0.038032 0.000000 -0.020569 0.997166 -0.072361 12.655100 -0.039615 0.071507 0.996653 0.000000 0.000000 0.000000 0.000000 1.000000
0.999198 0.021707 0.033657 -0.000000 -0.019306 0.997354 -0.070084 12.655100 -0.035090 0.069378 0.996973 0.000000 0.000000 0.000000 0.000000 1.000000
0.999409 0.018827 0.028776 0.000000 -0.016824 0.997521 -0.068329 12.655100 -0.029992 0.067804 0.997248 0.000000 0.000000 0.000000 0.000000 1.000000
0.999584 0.015362 0.024400 0.000000 -0.013686 0.997629 -0.067449 12.655100 -0.025379 0.067087 0.997424 0.000000 0.000000 0.000000 0.000000 1.000000
0.999713 0.011897 0.020806 0.000000 -0.010471 0.997674 -0.067355 12.655100 -0.021559 0.067118 0.997512 0.000000 0.000000 0.000000 0.000000 1.000000
0.999806 0.008701 0.017682 0.000000 -0.007485 0.997675 -0.067741 12.655100 -0.018230 0.067595 0.997546 -0.000000 0.000000 0.000000 0.000000 1.000000
0.999875 0.005766 0.014721 0.000000 -0.004748 0.997657 -0.068256 12.655100 -0.015080 0.068178 0.997559 0.000000 0.000000 0.000000 0.000000 1.000000
0.999925 0.003060 0.011870 -0.000000 -0.002239 0.997643 -0.068585 12.655100 -0.012052 0.068553 0.997575 0.000000 0.000000 0.000000 0.000000 1.000000
0.999958 0.000630 0.009157 -0.000000 -0.000001 0.997650 -0.068518 12.655100 -0.009178 0.068515 0.997608 0.000000 0.000000 0.000000 0.000000 1.000000
0.999978 -0.001482 0.006525 0.000000 0.001923 0.997682 -0.068021 12.655100 -0.006409 0.068032 0.997663 0.000000 0.000000 0.000000 0.000000 1.000000
0.999987 -0.003290 0.003929 0.000000 0.003547 0.997733 -0.067203 12.655100 -0.003699 0.067216 0.997732 0.000000 0.000000 0.000000 0.000000 1.000000
0.999987 -0.004830 0.001545 -0.000000 0.004921 0.997798 -0.066144 12.655100 -0.001222 0.066150 0.997809 0.000000 0.000000 0.000000 0.000000 1.000000
0.999981 -0.006085 -0.000139 0.000000 0.006063 0.997878 -0.064836 12.655100 0.000533 0.064834 0.997896 0.000000 0.000000 0.000000 0.000000 1.000000
0.999976 -0.006861 -0.000534 0.000000 0.006814 0.997966 -0.063382 12.655100 0.000968 0.063377 0.997989 -0.000000 0.000000 0.000000 0.000000 1.000000
0.999977 -0.006719 0.000502 0.000000 0.006737 0.998039 -0.062226 12.655100 -0.000083 0.062228 0.998062 0.000000 0.000000 0.000000 0.000000 1.000000
0.999984 -0.005179 0.002393 0.000000 0.005318 0.998063 -0.061990 12.655100 -0.002067 0.062002 0.998074 0.000000 0.000000 0.000000 0.000000 1.000000
0.999989 -0.002356 0.004151 -0.000000 0.002613 0.998010 -0.063000 12.655100 -0.003994 0.063011 0.998005 -0.000000 0.000000 0.000000 0.000000 1.000000
0.999988 0.000709 0.004926 0.000000 -0.000387 0.997885 -0.065008 12.655100 -0.004961 0.065006 0.997873 0.000000 0.000000 0.000000 0.000000 1.000000
0.999986 0.002804 0.004552 0.000000 -0.002491 0.997725 -0.067374 12.655100 -0.004731 0.067361 0.997717 -0.000000 0.000000 0.000000 0.000000 1.000000
0.999986 0.003755 0.003733 0.000000 -0.003486 0.997571 -0.069572 12.655100 -0.003985 0.069558 0.997570 0.000000 0.000000 0.000000 0.000000 1.000000
0.999983 0.004573 0.003567 0.000000 -0.004306 0.997423 -0.071617 12.655100 -0.003885 0.071600 0.997426 -0.000000 0.000000 0.000000 0.000000 1.000000
0.999969 0.006270 0.004734 0.000000 -0.005902 0.997243 -0.073974 12.655100 -0.005185 0.073943 0.997249 -0.000000 0.000000 0.000000 0.000000 1.000000
0.999936 0.008726 0.007156 0.000000 -0.008150 0.996997 -0.077008 12.655100 -0.007806 0.076944 0.997005 0.000000 0.000000 0.000000 0.000000 1.000000
0.999887 0.010885 0.010356 0.000000 -0.010016 0.996699 -0.080563 12.655100 -0.011199 0.080450 0.996696 0.000000 0.000000 0.000000 0.000000 1.000000
0.999832 0.011850 0.013949 0.000000 -0.010636 0.996403 -0.084075 12.655100 -0.014895 0.083913 0.996362 0.000000 0.000000 0.000000 0.000000 1.000000
0.999776 0.011541 0.017727 -0.000000 -0.009957 0.996158 -0.087003 12.655100 -0.018663 0.086807 0.996050 0.000000 0.000000 0.000000 0.000000 1.000000
0.999715 0.010413 0.021503 -0.000000 -0.008458 0.995987 -0.089098 12.655100 -0.022345 0.088891 0.995791 -0.000000 0.000000 0.000000 0.000000 1.000000
0.999644 0.008963 0.025121 -0.000000 -0.006657 0.995883 -0.090409 12.655100 -0.025828 0.090209 0.995588 -0.000000 0.000000 0.000000 0.000000 1.000000
0.999562 0.007594 0.028589 0.000000 -0.004957 0.995821 -0.091188 12.655100 -0.029162 0.091007 0.995423 -0.000000 0.000000 0.000000 0.000000 1.000000
0.999463 0.006605 0.032110 -0.000000 -0.003633 0.995776 -0.091743 12.655100 -0.032580 0.091577 0.995265 0.000000 0.000000 0.000000 0.000000 1.000000
0.999338 0.006072 0.035883 0.000000 -0.002739 0.995736 -0.092210 12.655100 -0.036290 0.092051 0.995093 -0.000000 0.000000 0.000000 0.000000 1.000000</float_array>
        <technique_common>
          <accessor source="#mixamorig_Spine1-Matrix-animation-output-transform-array" count="45" stride="16">
            <param type="float4x4"/>
          </accessor>
        </technique_common>
      </source>
      <source id="mixamorig_Spine1-Interpolations">
        <Name_array id="mixamorig_Spine1-Interpolations-array" count="45">
 LINEAR LINEAR LINEAR LINEAR LINEAR LINEAR LINEAR LINEAR LINEAR LINEAR LINEAR
LINEAR LINEAR LINEAR LINEAR LINEAR LINEAR LINEAR LINEAR LINEAR LINEAR LINEAR LINEAR
LINEAR LINEAR LINEAR LINEAR LINEAR LINEAR LINEAR LINEAR LINEAR LINEAR LINEAR LINEAR
LINEAR LINEAR LINEAR LINEAR LINEAR LINEAR LINEAR LINEAR LINEAR LINEAR</Name_array>
        <technique_common>
          <accessor source="#mixamorig_Spine1-Interpolations-array" count="45">
            <param type="name"/>
          </accessor>
        </technique_common>
      </source>
      <sampler id="mixamorig_Spine1-Matrix-animation-transform">
        <input semantic="INPUT" source="#mixamorig_Spine1-Matrix-animation-input"/>
        <input semantic="OUTPUT" source="#mixamorig_Spine1-Matrix-animation-output-transform"/>
        <input semantic="INTERPOLATION" source="#mixamorig_Spine1-Interpolations"/>
      </sampler>
      <channel source="#mixamorig_Spine1-Matrix-animation-transform" target="mixamorig_Spine1/matrix"/>
    </animation>
    <animation id="mixamorig_Spine2-anim" name="mixamorig_Spine2">
      <source id="mixamorig_Spine2-Matrix-animation-input">
        <float_array id="mixamorig_Spine2-Matrix-animation-input-array" count="45">

0.000000 0.033333 0.066667 0.100000 0.133333 0.166667 0.200000 0.233333 0.266667 0.300000 0.333333 0.366667 0.400000 0.433333 0.466667 0.500000
0.533333 0.566667 0.600000 0.633333 0.666667 0.700000 0.733333 0.766667 0.800000 0.833333 0.866667 0.900000 0.933333 0.966667 1.000000 1.033333
1.066667 1.100000 1.133333 1.166667 1.200000 1.233333 1.266667 1.300000 1.333333 1.366667 1.400000 1.433333 1.466667</float_array>
        <technique_common>
          <accessor source="#mixamorig_Spine2-Matrix-animation-input-array" count="45">
            <param name="TIME" type="float"/>
          </accessor>
        </technique_common>
      </source>
      <source id="mixamorig_Spine2-Matrix-animation-output-transform">
        <float_array id="mixamorig_Spine2-Matrix-animation-output-transform-array" count="720">

0.999341 0.006208 0.035772 0.000000 -0.003753 0.997660 -0.068272 14.459700 -0.036113 0.068093 0.997025 0.000000 0.000000 0.000000 0.000000 1.000000
0.999192 0.005952 0.039739 -0.000000 -0.003221 0.997649 -0.068452 14.459700 -0.040053 0.068269 0.996863 0.000000 0.000000 0.000000 0.000000 1.000000
0.999044 0.005737 0.043337 0.000000 -0.002781 0.997684 -0.067968 14.459700 -0.043627 0.067782 0.996746 -0.000000 0.000000 0.000000 0.000000 1.000000
0.998934 0.005453 0.045831 0.000000 -0.002395 0.997783 -0.066505 14.459700 -0.046092 0.066325 0.996733 0.000000 0.000000 0.000000 0.000000 1.000000
0.998894 0.005152 0.046743 0.000000 -0.002151 0.997947 -0.064007 14.459700 -0.046977 0.063836 0.996854 0.000000 0.000000 0.000000 0.000000 1.000000
0.998919 0.005016 0.046212 -0.000000 -0.002207 0.998158 -0.060629 14.459700 -0.046431 0.060462 0.997090 0.000000 0.000000 0.000000 0.000000 1.000000
0.998976 0.005293 0.044937 0.000000 -0.002741 0.998390 -0.056663 14.459700 -0.045164 0.056481 0.997382 0.000000 0.000000 0.000000 0.000000 1.000000
0.999025 0.006204 0.043704 -0.000000 -0.003900 0.998607 -0.052623 14.459700 -0.043969 0.052402 0.997658 0.000000 0.000000 0.000000 0.000000 1.000000
0.999048 0.007930 0.042904 -0.000000 -0.005807 0.998764 -0.049371 14.459700 -0.043243 0.049074 0.997859 0.000000 0.000000 0.000000 0.000000 1.000000
0.999040 0.010619 0.042490 0.000000 -0.008582 0.998819 -0.047826 14.459700 -0.042948 0.047415 0.997952 0.000000 0.000000 0.000000 0.000000 1.000000
0.999003 0.014204 0.042325 0.000000 -0.012156 0.998762 -0.048242 14.459700 -0.042958 0.047679 0.997939 0.000000 0.000000 0.000000 0.000000 1.000000
0.998939 0.018124 0.042338 0.000000 -0.016012 0.998635 -0.049711 14.459700 -0.043181 0.048980 0.997866 -0.000000 0.000000 0.000000 0.000000 1.000000
0.998880 0.021423 0.042194 0.000000 -0.019276 0.998530 -0.050666 14.459700 -0.043218 0.049795 0.997824 0.000000 0.000000 0.000000 0.000000 1.000000
0.998885 0.023263 0.041078 0.000000 -0.021195 0.998520 -0.050079 14.459700 -0.042182 0.049153 0.997900 -0.000000 0.000000 0.000000 0.000000 1.000000
0.998996 0.023316 0.038252 0.000000 -0.021463 0.998609 -0.048156 14.459700 -0.039321 0.047287 0.998107 -0.000000 0.000000 0.000000 0.000000 1.000000
0.999190 0.021725 0.033876 0.000000 -0.020159 0.998743 -0.045886 14.459700 -0.034831 0.045165 0.998372 -0.000000 0.000000 0.000000 0.000000 1.000000
0.999401 0.018914 0.028990 0.000000 -0.017623 0.998869 -0.044151 14.459700 -0.029793 0.043614 0.998604 0.000000 0.000000 0.000000 0.000000 1.000000
0.999577 0.015484 0.024613 0.000000 -0.014408 0.998959 -0.043293 14.459700 -0.025257 0.042920 0.998759 0.000000 0.000000 0.000000 0.000000 1.000000
0.999707 0.012019 0.021017 0.000000 -0.011102 0.999004 -0.043216 14.459700 -0.021516 0.042970 0.998845 -0.000000 0.000000 0.000000 0.000000 1.000000
0.999801 0.008807 0.017885 0.000000 -0.008020 0.999016 -0.043621 14.459700 -0.018251 0.043469 0.998888 -0.000000 0.000000 0.000000 0.000000 1.000000
0.999872 0.005854 0.014907 0.000000 -0.005191 0.999011 -0.044159 14.459700 -0.015151 0.044076 0.998913 -0.000000 0.000000 0.000000 0.000000 1.000000
0.999923 0.003134 0.012040 0.000000 -0.002595 0.999005 -0.044513 14.459700 -0.012167 0.044478 0.998936 -0.000000 0.000000 0.000000 0.000000 1.000000
0.999956 0.000689 0.009312 -0.000000 -0.000275 0.999011 -0.044467 14.459700 -0.009334 0.044463 0.998967 0.000000 0.000000 0.000000 0.000000 1.000000
0.999977 -0.001438 0.006670 0.000000 0.001730 0.999030 -0.043991 14.459700 -0.006600 0.044001 0.999010 -0.000000 0.000000 0.000000 0.000000 1.000000
0.999986 -0.003260 0.004065 0.000000 0.003433 0.999061 -0.043191 14.459700 -0.003920 0.043205 0.999059 0.000000 0.000000 0.000000 0.000000 1.000000
0.999987 -0.004814 0.001671 0.000000 0.004880 0.999099 -0.042150 14.459700 -0.001467 0.042158 0.999110 0.000000 0.000000 0.000000 0.000000 1.000000
0.999982 -0.006078 -0.000015 0.000000 0.006073 0.999147 -0.040855 14.459700 0.000263 0.040854 0.999165 -0.000000 0.000000 0.000000 0.000000 1.000000
0.999976 -0.006856 -0.000402 0.000000 0.006835 0.999200 -0.039401 14.459700 0.000672 0.039398 0.999223 -0.000000 0.000000 0.000000 0.000000 1.000000
0.999977 -0.006703 0.000647 -0.000000 0.006723 0.999246 -0.038233 14.459700 -0.000390 0.038236 0.999269 0.000000 0.000000 0.000000 0.000000 1.000000
0.999984 -0.005150 0.002536 0.000000 0.005242 0.999265 -0.037983 14.459700 -0.002339 0.037995 0.999275 -0.000000 0.000000 0.000000 0.000000 1.000000
0.999988 -0.002317 0.004258 -0.000000 0.002481 0.999237 -0.038990 14.459700 -0.004165 0.039000 0.999231 0.000000 0.000000 0.000000 0.000000 1.000000
0.999987 0.000745 0.004961 0.000000 -0.000541 0.999158 -0.041013 14.459700 -0.004988 0.041009 0.999146 -0.000000 0.000000 0.000000 0.000000 1.000000
0.999986 0.002826 0.004499 0.000000 -0.002628 0.999054 -0.043401 14.459700 -0.004617 0.043388 0.999048 -0.000000 0.000000 0.000000 0.000000 1.000000
0.999986 0.003761 0.003598 0.000000 -0.003593 0.998952 -0.045618 14.459700 -0.003765 0.045605 0.998952 -0.000000 0.000000 0.000000 0.000000 1.000000
0.999984 0.004569 0.003361 0.000000 -0.004404 0.998853 -0.047680 14.459700 -0.003575 0.047664 0.998857 -0.000000 0.000000 0.000000 0.000000 1.000000
0.999970 0.006264 0.004463 0.000000 -0.006033 0.998728 -0.050060 14.459700 -0.004771 0.050032 0.998736 0.000000 0.000000 0.000000 0.000000 1.000000
0.999939 0.008725 0.006819 0.000000 -0.008351 0.998553 -0.053132 14.459700 -0.007273 0.053072 0.998564 -0.000000 0.000000 0.000000 0.000000 1.000000
0.999891 0.010890 0.009974 0.000000 -0.010307 0.998337 -0.056726 14.459700 -0.010575 0.056618 0.998340 0.000000 0.000000 0.000000 0.000000 1.000000
0.999838 0.011866 0.013564 0.000000 -0.011028 0.998122 -0.060262 14.459700 -0.014253 0.060103 0.998090 -0.000000 0.000000 0.000000 0.000000 1.000000
0.999782 0.011576 0.017380 0.000000 -0.010457 0.997947 -0.063187 14.459700 -0.018076 0.062991 0.997850 0.000000 0.000000 0.000000 0.000000 1.000000
0.999720 0.010473 0.021217 -0.000000 -0.009068 0.997827 -0.065257 14.459700 -0.021854 0.065047 0.997643 0.000000 0.000000 0.000000 0.000000 1.000000
0.999649 0.009049 0.024892 0.000000 -0.007375 0.997757 -0.066536 14.459700 -0.025438 0.066329 0.997474 0.000000 0.000000 0.000000 0.000000 1.000000
0.999567 0.007705 0.028405 -0.000000 -0.005778 0.997717 -0.067287 14.459700 -0.028859 0.067094 0.997329 0.000000 0.000000 0.000000 0.000000 1.000000
0.999466 0.006734 0.031963 0.000000 -0.004553 0.997687 -0.067822 14.459700 -0.032346 0.067640 0.997185 0.000000 0.000000 0.000000 0.000000 1.000000
0.999341 0.006208 0.035773 0.000000 -0.003753 0.997660 -0.068272 14.459700 -0.036113 0.068093 0.997025 0.000000 0.000000 0.000000 0.000000 1.000000</float_array>
        <technique_common>
          <accessor source="#mixamorig_Spine2-Matrix-animation-output-transform-array" count="45" stride="16">
            <param type="float4x4"/>
          </accessor>
        </technique_common>
      </source>
      <source id="mixamorig_Spine2-Interpolations">
        <Name_array id="mixamorig_Spine2-Interpolations-array" count="45">
 LINEAR LINEAR LINEAR LINEAR LINEAR LINEAR LINEAR LINEAR LINEAR LINEAR LINEAR
LINEAR LINEAR LINEAR LINEAR LINEAR LINEAR LINEAR LINEAR LINEAR LINEAR LINEAR LINEAR
LINEAR LINEAR LINEAR LINEAR LINEAR LINEAR LINEAR LINEAR LINEAR LINEAR LINEAR LINEAR
LINEAR LINEAR LINEAR LINEAR LINEAR LINEAR LINEAR LINEAR LINEAR LINEAR</Name_array>
        <technique_common>
          <accessor source="#mixamorig_Spine2-Interpolations-array" count="45">
            <param type="name"/>
          </accessor>
        </technique_common>
      </source>
      <sampler id="mixamorig_Spine2-Matrix-animation-transform">
        <input semantic="INPUT" source="#mixamorig_Spine2-Matrix-animation-input"/>
        <input semantic="OUTPUT" source="#mixamorig_Spine2-Matrix-animation-output-transform"/>
        <input semantic="INTERPOLATION" source="#mixamorig_Spine2-Interpolations"/>
      </sampler>
      <channel source="#mixamorig_Spine2-Matrix-animation-transform" target="mixamorig_Spine2/matrix"/>
    </animation>
    <animation id="mixamorig_Neck-anim" name="mixamorig_Neck">
      <source id="mixamorig_Neck-Matrix-animation-input">
        <float_array id="mixamorig_Neck-Matrix-animation-input-array" count="45">

0.000000 0.033333 0.066667 0.100000 0.133333 0.166667 0.200000 0.233333 0.266667 0.300000 0.333333 0.366667 0.400000 0.433333 0.466667 0.500000
0.533333 0.566667 0.600000 0.633333 0.666667 0.700000 0.733333 0.766667 0.800000 0.833333 0.866667 0.900000 0.933333 0.966667 1.000000 1.033333
1.066667 1.100000 1.133333 1.166667 1.200000 1.233333 1.266667 1.300000 1.333333 1.366667 1.400000 1.433333 1.466667</float_array>
        <technique_common>
          <accessor source="#mixamorig_Neck-Matrix-animation-input-array" count="45">
            <param name="TIME" type="float"/>
          </accessor>
        </technique_common>
      </source>
      <source id="mixamorig_Neck-Matrix-animation-output-transform">
        <float_array id="mixamorig_Neck-Matrix-animation-output-transform-array" count="720">

0.999005 -0.004645 0.044356 0.000000 0.001660 0.997745 0.067097 16.135700 -0.044568 -0.066957 0.996760 0.000000 0.000000 0.000000 0.000000 1.000000
0.998977 -0.007433 0.044611 0.000000 0.004386 0.997675 0.068012 16.135700 -0.045013 -0.067747 0.996687 0.000000 0.000000 0.000000 0.000000 1.000000
0.998932 -0.010355 0.045024 0.000000 0.007216 0.997568 0.069329 16.135700 -0.045632 -0.068930 0.996577 0.000000 0.000000 0.000000 0.000000 1.000000
0.998866 -0.012846 0.045852 0.000000 0.009558 0.997415 0.071217 16.135700 -0.046649 -0.070698 0.996406 0.000000 0.000000 0.000000 0.000000 1.000000
0.998781 -0.014194 0.047284 0.000000 0.010689 0.997233 0.073565 16.135700 -0.048197 -0.072970 0.996169 0.000000 0.000000 0.000000 0.000000 1.000000
0.998697 -0.013882 0.049109 0.000000 0.010111 0.997040 0.076221 16.135700 -0.050022 -0.075625 0.995881 -0.000000 0.000000 0.000000 0.000000 1.000000
0.998634 -0.011805 0.050895 0.000000 0.007740 0.996818 0.079337 16.135700 -0.051670 -0.078834 0.995548 -0.000000 0.000000 0.000000 0.000000 1.000000
0.998588 -0.008080 0.052504 0.000000 0.003681 0.996513 0.083351 16.135700 -0.052994 -0.083040 0.995136 0.000000 0.000000 0.000000 0.000000 1.000000
0.998528 -0.002728 0.054174 0.000000 -0.002081 0.996073 0.088507 16.135700 -0.054202 -0.088489 0.994601 0.000000 0.000000 0.000000 0.000000 1.000000
0.998422 0.004236 0.055997 0.000000 -0.009512 0.995499 0.094295 16.135700 -0.055346 -0.094679 0.993968 0.000000 0.000000 0.000000 0.000000 1.000000
0.998265 0.012267 0.057589 0.000000 -0.017954 0.994896 0.099294 16.135700 -0.056077 -0.100156 0.993390 -0.000000 0.000000 0.000000 0.000000 1.000000
0.998079 0.020057 0.058615 0.000000 -0.025958 0.994474 0.101724 16.135700 -0.056251 -0.103051 0.993084 0.000000 0.000000 0.000000 0.000000 1.000000
0.997881 0.026234 0.059535 0.000000 -0.032142 0.994413 0.100548 16.135700 -0.056564 -0.102249 0.993149 0.000000 0.000000 0.000000 0.000000 1.000000
