<?xml version="1.0" encoding="utf-8"?>
<COLLADA xmlns="http://www.collada.org/2005/11/COLLADASchema" version="1.4.1">
  <asset>
    <contributor>
      <author>Mixamo</author>
      <authoring_tool>COLLADA Mixamo exporter</authoring_tool>
      <comments/>
    </contributor>
    <created>2024-12-02T02:19:31Z</created>
    <modified>2024-12-02T02:19:31Z</modified>
    <revision/>
    <title/>
    <unit meter="0.010000"/>
    <up_axis>Y_UP</up_axis>
  </asset>
  <library_animations>
    <animation id="mixamorig_Hips-anim" name="mixamorig_Hips">
      <source id="mixamorig_Hips-Matrix-animation-input">
        <float_array id="mixamorig_Hips-Matrix-animation-input-array" count="72">

0.000000 0.033333 0.066667 0.100000 0.133333 0.166667 0.200000 0.233333 0.266667 0.300000 0.333333 0.366667 0.400000 0.433333 0.466667 0.500000
0.533333 0.566667 0.600000 0.633333 0.666667 0.700000 0.733333 0.766667 0.800000 0.833333 0.866667 0.900000 0.933333 0.966667 1.000000 1.033333
1.066667 1.100000 1.133333 1.166667 1.200000 1.233333 1.266667 1.300000 1.333333 1.366667 1.400000 1.433333 1.466667 1.500000 1.533333 1.566667
1.600000 1.633333 1.666667 1.700000 1.733333 1.766667 1.800000 1.833333 1.866667 1.900000 1.933333 1.966667 2.000000 2.033333 2.066667 2.100000
2.133333 2.166667 2.200000 2.233333 2.266667 2.300000 2.333333 2.366667</float_array>
        <technique_common>
          <accessor source="#mixamorig_Hips-Matrix-animation-input-array" count="72">
            <param name="TIME" type="float"/>
          </accessor>
        </technique_common>
      </source>
      <source id="mixamorig_Hips-Matrix-animation-output-transform">
        <float_array id="mixamorig_Hips-Matrix-animation-output-transform-array" count="1152">

0.992657 -0.020566 -0.119204 0.694252 -0.019143 0.946315 -0.322678 110.664215 0.119441 0.322590 0.938972 -1.079514 0.000000 0.000000 0.000000 1.000000
0.994176 -0.061846 -0.088255 1.771623 0.022303 0.919283 -0.392964 108.232346 0.105435 0.388707 0.915309 12.570784 0.000000 0.000000 0.000000 1.000000
0.997598 -0.069211 0.002811 2.562633 0.063274 0.894010 -0.443556 103.089561 0.028186 0.442668 0.896242 28.529329 0.000000 0.000000 0.000000 1.000000
0.992728 -0.065012 0.101318 2.658426 0.102969 0.894578 -0.434889 100.661415 -0.062364 0.442159 0.894766 44.928150 0.000000 0.000000 0.000000 1.000000
0.988718 -0.067153 0.133892 2.568541 0.115794 0.909685 -0.398830 100.743073 -0.095017 0.409834 0.907198 61.720680 0.000000 0.000000 0.000000 1.000000
0.986446 -0.028649 0.161567 3.610229 0.086014 0.928799 -0.360462 102.159363 -0.139736 0.369474 0.918675 79.169426 0.000000 0.000000 0.000000 1.000000
0.978041 -0.004779 0.208356 5.003766 0.073146 0.944011 -0.321702 103.840050 -0.195153 0.329879 0.923632 97.466438 0.000000 0.000000 0.000000 1.000000
0.975305 0.071743 0.208884 6.850167 0.013984 0.923814 -0.382587 104.072105 -0.220418 0.376060 0.899997 115.625275 0.000000 0.000000 0.000000 1.000000
0.952269 0.162885 0.258172 8.062193 -0.049995 0.917542 -0.394483 103.994904 -0.301139 0.362747 0.881890 132.649734 0.000000 0.000000 0.000000 1.000000
0.951516 0.173996 0.253658 10.755404 -0.064960 0.919708 -0.387192 104.633286 -0.300661 0.351942 0.886420 149.571686 0.000000 0.000000 0.000000 1.000000
0.970242 0.139077 0.198214 14.319413 -0.040416 0.900129 -0.433744 105.063744 -0.238742 0.412825 0.878964 167.357986 0.000000 0.000000 0.000000 1.000000
0.972146 0.091118 0.215937 17.227053 0.001760 0.918470 -0.395488 104.702362 -0.234368 0.384852 0.892727 185.560776 0.000000 0.000000 0.000000 1.000000
0.951079 0.032539 0.307228 19.764992 0.086533 0.926577 -0.366015 103.015373 -0.296581 0.374694 0.878433 204.571335 0.000000 0.000000 0.000000 1.000000
0.920844 -0.047770 0.386995 21.371737 0.176751 0.935787 -0.305061 102.629883 -0.347572 0.349315 0.870157 220.625320 0.000000 0.000000 0.000000 1.000000
0.879962 -0.142404 0.453198 22.418034 0.270940 0.934079 -0.232569 109.484962 -0.390204 0.327441 0.860537 235.446243 0.000000 0.000000 0.000000 1.000000
0.834332 -0.228809 0.501534 23.245853 0.359204 0.915783 -0.179760 121.410896 -0.418166 0.330133 0.846256 249.291046 0.000000 0.000000 0.000000 1.000000
0.791052 -0.297171 0.534721 24.097857 0.449553 0.875204 -0.178663 136.784653 -0.414897 0.381717 0.825925 263.122925 0.000000 0.000000 0.000000 1.000000
0.783101 -0.303495 0.542811 24.429131 0.523175 0.793383 -0.311178 151.024078 -0.336216 0.527668 0.780080 275.628418 0.000000 0.000000 0.000000 1.000000
0.817743 -0.368046 0.442536 24.983055 0.543497 0.746858 -0.383163 163.094421 -0.189490 0.553846 0.810770 286.973694 0.000000 0.000000 0.000000 1.000000
0.871939 -0.380223 0.308470 25.091419 0.489566 0.686049 -0.538203 174.546494 -0.006988 0.620296 0.784336 296.997406 0.000000 0.000000 0.000000 1.000000
0.892651 -0.379742 0.242838 25.750076 0.432658 0.570755 -0.697886 185.466614 0.126415 0.728035 0.673784 307.447388 0.000000 0.000000 0.000000 1.000000
0.899344 -0.392652 0.192368 26.501389 0.378143 0.477583 -0.793046 194.735382 0.219519 0.785964 0.577990 319.553894 0.000000 0.000000 0.000000 1.000000
0.898697 -0.390550 0.199535 26.912498 0.348201 0.358776 -0.866046 202.319962 0.266646 0.847791 0.458421 332.309967 0.000000 0.000000 0.000000 1.000000
0.885582 -0.396608 0.241759 27.104506 0.349213 0.225324 -0.909549 208.526123 0.306261 0.889905 0.338044 344.505280 0.000000 0.000000 0.000000 1.000000
0.867153 -0.400514 0.296031 27.269924 0.359990 0.093297 -0.928280 213.603256 0.344170 0.911529 0.225084 356.723907 0.000000 0.000000 0.000000 1.000000
0.861150 -0.372198 0.346250 26.985100 0.358739 -0.037647 -0.932679 217.730286 0.360176 0.927389 0.101102 368.974579 0.000000 0.000000 0.000000 1.000000
0.852831 -0.349907 0.387613 26.499121 0.348875 -0.170514 -0.921526 220.475677 0.388542 0.921135 -0.023346 381.237213 0.000000 0.000000 0.000000 1.000000
0.848899 -0.337330 0.406914 26.048033 0.313483 -0.298515 -0.901453 221.790985 0.425556 0.892803 -0.147662 394.203979 0.000000 0.000000 0.000000 1.000000
0.847137 -0.332307 0.414647 25.395397 0.246632 -0.445295 -0.860747 221.236740 0.470672 0.831435 -0.295268 408.275085 0.000000 0.000000 0.000000 1.000000
0.849077 -0.321699 0.419020 24.923733 0.189272 -0.555280 -0.809840 218.736694 0.493198 0.766925 -0.410587 422.478760 0.000000 0.000000 0.000000 1.000000
0.849534 -0.308476 0.427943 24.384365 0.140494 -0.649616 -0.747168 214.068375 0.508482 0.694868 -0.508532 436.955444 0.000000 0.000000 0.000000 1.000000
0.851253 -0.294200 0.434529 23.815971 0.096832 -0.725773 -0.681085 207.785492 0.515744 0.621852 -0.589329 451.191986 0.000000 0.000000 0.000000 1.000000
0.857475 -0.266681 0.440020 23.040422 0.058353 -0.799275 -0.598126 200.516373 0.511206 0.538555 -0.669797 464.910309 0.000000 0.000000 0.000000 1.000000
0.846890 -0.269482 0.458428 22.233519 0.026177 -0.839911 -0.542092 191.459305 0.531123 0.471093 -0.704259 478.434845 0.000000 0.000000 0.000000 1.000000
0.837368 -0.223939 0.498664 21.127529 0.018954 -0.899793 -0.435905 181.821259 0.546310 0.374465 -0.749214 492.942078 0.000000 0.000000 0.000000 1.000000
0.853582 -0.205006 0.478926 19.646381 -0.020607 -0.931885 -0.362168 171.088531 0.520550 0.299271 -0.799665 507.192749 0.000000 0.000000 0.000000 1.000000
0.864716 -0.175473 0.470611 17.844864 -0.057726 -0.965498 -0.253931 158.676392 0.498932 0.192412 -0.845012 522.139893 0.000000 0.000000 0.000000 1.000000
0.870743 -0.150881 0.468018 15.916170 -0.084678 -0.983553 -0.159539 144.931274 0.484392 0.099287 -0.869199 537.564636 0.000000 0.000000 0.000000 1.000000
0.877837 -0.130925 0.460718 13.714315 -0.128627 -0.991020 -0.036542 130.322464 0.461364 -0.027183 -0.886794 552.936523 0.000000 0.000000 0.000000 1.000000
0.879828 -0.095536 0.465591 11.623598 -0.145287 -0.986761 0.072072 114.875412 0.452542 -0.131055 -0.882060 568.742554 0.000000 0.000000 0.000000 1.000000
0.886333 -0.037944 0.461491 9.490646 -0.155758 -0.962992 0.219968 100.977234 0.436065 -0.266846 -0.859442 584.090759 0.000000 0.000000 0.000000 1.000000
0.895777 -0.026170 0.443733 7.480705 -0.182006 -0.932340 0.312435 86.146515 0.405534 -0.360634 -0.839932 598.123169 0.000000 0.000000 0.000000 1.000000
0.922208 -0.022572 0.386036 5.390356 -0.210809 -0.866252 0.452953 68.137672 0.324180 -0.499097 -0.803623 616.722961 0.000000 0.000000 0.000000 1.000000
0.943307 -0.111867 0.312502 2.605829 -0.297813 -0.700964 0.648040 56.119698 0.146558 -0.704368 -0.694540 630.722046 0.000000 0.000000 0.000000 1.000000
0.921100 -0.204986 0.330991 0.688078 -0.387348 -0.396945 0.832103 43.301071 -0.039184 -0.894659 -0.445027 643.117493 0.000000 0.000000 0.000000 1.000000
0.933831 -0.250743 0.255122 -0.028481 -0.298918 -0.155235 0.941568 27.836370 -0.196488 -0.955526 -0.219915 651.460144 0.000000 0.000000 0.000000 1.000000
0.942493 -0.263561 0.205529 -1.188097 -0.181484 0.112814 0.976901 20.799128 -0.280660 -0.958023 0.058494 655.047974 0.000000 0.000000 0.000000 1.000000
0.938975 -0.266149 0.217926 -2.552675 -0.108334 0.372489 0.921692 20.739260 -0.326482 -0.889054 0.320924 658.984070 0.000000 0.000000 0.000000 1.000000
0.946735 -0.228531 0.226861 -3.362074 -0.060443 0.565872 0.822274 21.553926 -0.316290 -0.792188 0.521918 661.986511 0.000000 0.000000 0.000000 1.000000
0.946895 -0.230427 0.224262 -4.517423 0.012401 0.723108 0.690624 22.612984 -0.321304 -0.651167 0.687565 664.710388 0.000000 0.000000 0.000000 1.000000
0.924460 -0.268879 0.270331 -5.467330 0.084773 0.836210 0.541818 23.614304 -0.371737 -0.477972 0.795836 668.803955 0.000000 0.000000 0.000000 1.000000
0.915392 -0.279456 0.289760 -6.530662 0.150831 0.905448 0.396753 24.278858 -0.373238 -0.319480 0.870991 672.995728 0.000000 0.000000 0.000000 1.000000
0.903580 -0.288196 0.316994 -7.363692 0.196076 0.936066 0.292120 24.679600 -0.380915 -0.201799 0.902319 676.934875 0.000000 0.000000 0.000000 1.000000
0.896651 -0.296898 0.328432 -8.221036 0.263940 0.954049 0.141865 28.332731 -0.355460 -0.040517 0.933813 681.500122 0.000000 0.000000 0.000000 1.000000
0.913718 -0.289835 0.284806 -8.502593 0.300930 0.953633 0.005026 36.213970 -0.273057 0.081114 0.958572 686.418640 0.000000 0.000000 0.000000 1.000000
0.933479 -0.279711 0.224454 -8.195980 0.309153 0.944825 -0.108308 44.221222 -0.181775 0.170494 0.968447 691.187561 0.000000 0.000000 0.000000 1.000000
0.949994 -0.270540 0.155949 -7.814253 0.299465 0.930836 -0.209438 49.841328 -0.088502 0.245667 0.965306 695.851257 0.000000 0.000000 0.000000 1.000000
0.960893 -0.264249 0.082810 -7.360504 0.276904 0.913536 -0.297954 54.120522 0.003085 0.309232 0.950982 700.557983 0.000000 0.000000 0.000000 1.000000
0.964984 -0.262132 0.009625 -6.898680 0.246562 0.893922 -0.374313 58.921257 0.089516 0.363579 0.927252 705.270203 0.000000 0.000000 0.000000 1.000000
0.962486 -0.264834 -0.059022 -6.441992 0.212786 0.871703 -0.441426 63.769333 0.168354 0.412307 0.895354 710.122925 0.000000 0.000000 0.000000 1.000000
0.954785 -0.271914 -0.120203 -5.969985 0.175735 0.842312 -0.509536 67.709953 0.239799 0.465374 0.852012 715.286316 0.000000 0.000000 0.000000 1.000000
0.943226 -0.285174 -0.170295 -5.588708 0.138001 0.802818 -0.580034 72.292969 0.302126 0.523602 0.796593 720.533203 0.000000 0.000000 0.000000 1.000000
0.934111 -0.294743 -0.201404 -5.088697 0.096542 0.751734 -0.652362 76.670036 0.343681 0.589934 0.730658 725.963501 0.000000 0.000000 0.000000 1.000000
0.931599 -0.293315 -0.214686 -4.477096 0.062788 0.711604 -0.699770 80.375221 0.358024 0.638425 0.681346 731.117188 0.000000 0.000000 0.000000 1.000000
0.934660 -0.283072 -0.215131 -3.865441 0.040696 0.686276 -0.726202 83.785995 0.353207 0.669997 0.652954 735.986450 0.000000 0.000000 0.000000 1.000000
0.939536 -0.269587 -0.211177 -3.274784 0.027432 0.673929 -0.738286 87.578430 0.341351 0.687853 0.640576 740.920166 0.000000 0.000000 0.000000 1.000000
0.952033 -0.241609 -0.187772 -2.633513 0.024494 0.671847 -0.740285 91.713219 0.305013 0.700177 0.645538 747.040955 0.000000 0.000000 0.000000 1.000000
0.965764 -0.207735 -0.155389 -1.902423 0.030718 0.686338 -0.726634 96.029907 0.257597 0.696984 0.669222 754.433899 0.000000 0.000000 0.000000 1.000000
0.978671 -0.171910 -0.112474 -1.164055 0.045759 0.716157 -0.696437 100.474274 0.200274 0.676436 0.708749 761.526245 0.000000 0.000000 0.000000 1.000000
0.988123 -0.142571 -0.057321 -0.488709 0.070555 0.752341 -0.654985 105.228035 0.136507 0.643161 0.753465 769.178101 0.000000 0.000000 0.000000 1.000000
0.992660 -0.120865 0.004319 0.102037 0.098487 0.787111 -0.608898 110.077271 0.070195 0.604854 0.793237 776.673462 0.000000 0.000000 0.000000 1.000000
0.992740 -0.102220 0.063386 0.641248 0.120115 0.815170 -0.566630 115.222519 0.006251 0.570130 0.821531 784.188293 0.000000 0.000000 0.000000 1.000000</float_array>
        <technique_common>
          <accessor source="#mixamorig_Hips-Matrix-animation-output-transform-array" count="72" stride="16">
            <param type="float4x4"/>
          </accessor>
        </technique_common>
      </source>
      <source id="mixamorig_Hips-Interpolations">
        <Name_array id="mixamorig_Hips-Interpolations-array" count="72">
 LINEAR LINEAR LINEAR LINEAR LINEAR LINEAR LINEAR LINEAR LINEAR LINEAR LINEAR
LINEAR LINEAR LINEAR LINEAR LINEAR LINEAR LINEAR LINEAR LINEAR LINEAR LINEAR LINEAR
LINEAR LINEAR LINEAR LINEAR LINEAR LINEAR LINEAR LINEAR LINEAR LINEAR LINEAR LINEAR
LINEAR LINEAR LINEAR LINEAR LINEAR LINEAR LINEAR LINEAR LINEAR LINEAR LINEAR LINEAR
LINEAR LINEAR LINEAR LINEAR LINEAR LINEAR LINEAR LINEAR LINEAR LINEAR LINEAR LINEAR
LINEAR LINEAR LINEAR LINEAR LINEAR LINEAR LINEAR LINEAR LINEAR LINEAR LINEAR LINEAR
LINEAR</Name_array>
        <technique_common>
          <accessor source="#mixamorig_Hips-Interpolations-array" count="72">
            <param type="name"/>
          </accessor>
        </technique_common>
      </source>
      <sampler id="mixamorig_Hips-Matrix-animation-transform">
        <input semantic="INPUT" source="#mixamorig_Hips-Matrix-animation-input"/>
        <input semantic="OUTPUT" source="#mixamorig_Hips-Matrix-animation-output-transform"/>
        <input semantic="INTERPOLATION" source="#mixamorig_Hips-Interpolations"/>
      </sampler>
      <channel source="#mixamorig_Hips-Matrix-animation-transform" target="mixamorig_Hips/matrix"/>
    </animation>
    <animation id="mixamorig_Spine-anim" name="mixamorig_Spine">
      <source id="mixamorig_Spine-Matrix-animation-input">
        <float_array id="mixamorig_Spine-Matrix-animation-input-array" count="72">

0.000000 0.033333 0.066667 0.100000 0.133333 0.166667 0.200000 0.233333 0.266667 0.300000 0.333333 0.366667 0.400000 0.433333 0.466667 0.500000
0.533333 0.566667 0.600000 0.633333 0.666667 0.700000 0.733333 0.766667 0.800000 0.833333 0.866667 0.900000 0.933333 0.966667 1.000000 1.033333
1.066667 1.100000 1.133333 1.166667 1.200000 1.233333 1.266667 1.300000 1.333333 1.366667 1.400000 1.433333 1.466667 1.500000 1.533333 1.566667
1.600000 1.633333 1.666667 1.700000 1.733333 1.766667 1.800000 1.833333 1.866667 1.900000 1.933333 1.966667 2.000000 2.033333 2.066667 2.100000
2.133333 2.166667 2.200000 2.233333 2.266667 2.300000 2.333333 2.366667</float_array>
        <technique_common>
          <accessor source="#mixamorig_Spine-Matrix-animation-input-array" count="72">
            <param name="TIME" type="float"/>
          </accessor>
        </technique_common>
      </source>
      <source id="mixamorig_Spine-Matrix-animation-output-transform">
        <float_array id="mixamorig_Spine-Matrix-animation-output-transform-array" count="1152">

0.999503 -0.024366 -0.020023 -0.006600 0.024153 0.999650 -0.010817 10.822600 0.020280 0.010328 0.999741 -0.430700 0.000000 0.000000 0.000000 1.000000
0.998720 -0.050216 0.006105 -0.006600 0.050178 0.998721 0.006165 10.822600 -0.006407 -0.005851 0.999962 -0.430700 0.000000 0.000000 0.000000 1.000000
0.999209 -0.029113 0.027087 -0.006600 0.028993 0.999568 0.004835 10.822600 -0.027216 -0.004046 0.999621 -0.430700 0.000000 0.000000 0.000000 1.000000
0.998685 0.021430 0.046564 -0.006600 -0.021357 0.999770 -0.002059 10.822600 -0.046598 0.001061 0.998913 -0.430700 0.000000 0.000000 0.000000 1.000000
0.997354 0.050842 0.051958 -0.006600 -0.049721 0.998506 -0.022649 10.822600 -0.053032 0.020006 0.998392 -0.430700 0.000000 0.000000 0.000000 1.000000
0.998618 0.034388 0.039732 -0.006600 -0.032803 0.998665 -0.039896 10.822600 -0.041051 0.038538 0.998414 -0.430700 0.000000 0.000000 0.000000 1.000000
0.999849 0.013587 0.010817 -0.006600 -0.012847 0.997754 -0.065737 10.822600 -0.011686 0.065589 0.997778 -0.430700 0.000000 0.000000 0.000000 1.000000
0.999917 -0.012384 -0.003529 -0.006600 0.012103 0.997424 -0.070696 10.822600 0.004395 0.070648 0.997492 -0.430700 0.000000 0.000000 0.000000 1.000000
0.998831 -0.042943 -0.022198 -0.006600 0.041329 0.996784 -0.068658 10.822600 0.025075 0.067660 0.997393 -0.430700 0.000000 0.000000 0.000000 1.000000
0.996942 -0.075451 -0.020336 -0.006600 0.073964 0.995074 -0.066001 10.822600 0.025216 0.064295 0.997612 -0.430700 0.000000 0.000000 0.000000 1.000000
0.995111 -0.098049 -0.011812 -0.006600 0.097459 0.994308 -0.043044 10.822600 0.015965 0.041682 0.999003 -0.430700 0.000000 0.000000 0.000000 1.000000
0.992812 -0.118035 -0.019808 -0.006600 0.117377 0.992583 -0.031637 10.822600 0.023396 0.029085 0.999303 -0.430700 0.000000 0.000000 0.000000 1.000000
0.991239 -0.126343 -0.038499 -0.006600 0.126075 0.991977 -0.009310 10.822600 0.039367 0.004375 0.999215 -0.430700 0.000000 0.000000 0.000000 1.000000
0.991436 -0.121850 -0.046991 -0.006600 0.121930 0.992538 -0.001162 10.822600 0.046782 -0.004578 0.998895 -0.430700 0.000000 0.000000 0.000000 1.000000
0.993083 -0.105722 -0.051069 -0.006600 0.105979 0.994366 0.002339 10.822600 0.050534 -0.007735 0.998692 -0.430700 0.000000 0.000000 0.000000 1.000000
0.994666 -0.088480 -0.053009 -0.006600 0.088939 0.996017 0.006350 10.822600 0.052235 -0.011031 0.998574 -0.430700 0.000000 0.000000 0.000000 1.000000
0.996432 -0.064796 -0.054078 -0.006600 0.065785 0.997694 0.016718 10.822600 0.052870 -0.020215 0.998397 -0.430700 0.000000 0.000000 0.000000 1.000000
0.997385 -0.053332 -0.048770 -0.006600 0.055416 0.997561 0.042429 10.822600 0.046388 -0.045021 0.997908 -0.430700 0.000000 0.000000 0.000000 1.000000
0.996670 -0.062432 -0.052458 -0.006600 0.063512 0.997797 0.019184 10.822600 0.051145 -0.022451 0.998439 -0.430700 0.000000 0.000000 0.000000 1.000000
0.996179 -0.074287 -0.045925 -0.006600 0.074430 0.997225 0.001410 10.822600 0.045693 -0.004823 0.998944 -0.430700 0.000000 0.000000 0.000000 1.000000
0.995137 -0.091545 -0.036364 -0.006600 0.091668 0.995788 0.001723 10.822600 0.036053 -0.005048 0.999337 -0.430700 0.000000 0.000000 0.000000 1.000000
0.993953 -0.107439 -0.022686 -0.006600 0.107352 0.994208 -0.005022 10.822600 0.023094 0.002556 0.999730 -0.430700 0.000000 0.000000 0.000000 1.000000
0.992899 -0.118626 -0.008918 -0.006600 0.118649 0.992934 0.002162 10.822600 0.008598 -0.003205 0.999958 -0.430700 0.000000 0.000000 0.000000 1.000000
0.992028 -0.126021 0.000052 -0.006600 0.126012 0.991963 0.011456 10.822600 -0.001496 -0.011358 0.999934 -0.430700 0.000000 0.000000 0.000000 1.000000
0.991648 -0.128948 0.002537 -0.006600 0.128881 0.991492 0.018282 10.822600 -0.004873 -0.017802 0.999830 -0.430700 0.000000 0.000000 0.000000 1.000000
0.991772 -0.128016 0.000923 -0.006600 0.127962 0.991521 0.022637 10.822600 -0.003813 -0.022333 0.999743 -0.430700 0.000000 0.000000 0.000000 1.000000
0.992564 -0.121687 -0.002865 -0.006600 0.121721 0.992325 0.021790 10.822600 0.000191 -0.021976 0.999758 -0.430700 0.000000 0.000000 0.000000 1.000000
0.993819 -0.111010 0.000945 -0.006600 0.110960 0.993566 0.022697 10.822600 -0.003459 -0.022452 0.999742 -0.430700 0.000000 0.000000 0.000000 1.000000
0.995345 -0.096174 0.006267 -0.006600 0.095943 0.994927 0.030249 10.822600 -0.009144 -0.029507 0.999523 -0.430700 0.000000 0.000000 0.000000 1.000000
0.995613 -0.093016 0.010158 -0.006600 0.092623 0.995122 0.033944 10.822600 -0.013266 -0.032854 0.999372 -0.430700 0.000000 0.000000 0.000000 1.000000
0.995931 -0.089595 0.009699 -0.006600 0.089169 0.995297 0.037848 10.822600 -0.013045 -0.036829 0.999236 -0.430700 0.000000 0.000000 0.000000 1.000000
0.996090 -0.087537 0.011886 -0.006600 0.087019 0.995455 0.038700 10.822600 -0.015220 -0.037514 0.999180 -0.430700 0.000000 0.000000 0.000000 1.000000
0.996064 -0.087610 0.013449 -0.006600 0.086964 0.995291 0.042811 10.822600 -0.017136 -0.041473 0.998993 -0.430700 0.000000 0.000000 0.000000 1.000000
0.996175 -0.087102 0.007010 -0.006600 0.086835 0.995703 0.032173 10.822600 -0.009782 -0.031441 0.999458 -0.430700 0.000000 0.000000 0.000000 1.000000
0.996262 -0.086299 0.003912 -0.006600 0.086075 0.995487 0.039953 10.822600 -0.007342 -0.039467 0.999194 -0.430700 0.000000 0.000000 0.000000 1.000000
0.996419 -0.083906 0.010448 -0.006600 0.083531 0.995982 0.032277 10.822600 -0.013114 -0.031289 0.999424 -0.430700 0.000000 0.000000 0.000000 1.000000
0.996561 -0.080915 0.017837 -0.006600 0.080320 0.996260 0.031858 10.822600 -0.020348 -0.030316 0.999333 -0.430700 0.000000 0.000000 0.000000 1.000000
0.997087 -0.074382 0.016877 -0.006600 0.073955 0.996957 0.024637 10.822600 -0.018658 -0.023317 0.999554 -0.430700 0.000000 0.000000 0.000000 1.000000
0.997651 -0.065311 0.020682 -0.006600 0.064841 0.997639 0.022617 10.822600 -0.022110 -0.021223 0.999530 -0.430700 0.000000 0.000000 0.000000 1.000000
0.997459 -0.063817 0.031683 -0.006600 0.063328 0.997861 0.016213 10.822600 -0.032649 -0.014166 0.999366 -0.430700 0.000000 0.000000 0.000000 1.000000
0.996192 -0.075193 0.044123 -0.006600 0.075027 0.997167 0.005403 10.822600 -0.044404 -0.002072 0.999012 -0.430700 0.000000 0.000000 0.000000 1.000000
0.996552 -0.079463 0.023864 -0.006600 0.080015 0.996525 -0.023144 10.822600 -0.021942 0.024974 0.999447 -0.430700 0.000000 0.000000 0.000000 1.000000
0.977340 -0.200706 -0.067252 -0.006600 0.189691 0.971449 -0.142495 10.822600 0.093931 0.126509 0.987508 -0.430700 0.000000 0.000000 0.000000 1.000000
0.993098 -0.093095 -0.071342 -0.006600 0.088819 0.994181 -0.060948 10.822600 0.076601 0.054191 0.995588 -0.430700 0.000000 0.000000 0.000000 1.000000
0.997945 0.026614 -0.058284 -0.006600 -0.028777 0.998916 -0.036589 10.822600 0.057248 0.038191 0.997629 -0.430700 0.000000 0.000000 0.000000 1.000000
0.998147 0.045560 0.040323 -0.006600 -0.042439 0.996271 -0.075126 10.822600 -0.043595 0.073275 0.996358 -0.430700 0.000000 0.000000 0.000000 1.000000
0.999377 0.034878 0.005320 -0.006600 -0.034576 0.998197 -0.049060 10.822600 -0.007022 0.048846 0.998782 -0.430700 0.000000 0.000000 0.000000 1.000000
0.999990 -0.004553 0.000092 -0.006600 0.004552 0.998704 -0.050699 10.822600 0.000139 0.050699 0.998714 -0.430700 0.000000 0.000000 0.000000 1.000000
0.998183 -0.059077 -0.011898 -0.006600 0.057857 0.994696 -0.085048 10.822600 0.016859 0.084205 0.996306 -0.430700 0.000000 0.000000 0.000000 1.000000
0.996857 -0.072148 -0.032724 -0.006600 0.068026 0.991242 -0.113186 10.822600 0.040603 0.110604 0.993035 -0.430700 0.000000 0.000000 0.000000 1.000000
0.997570 -0.049141 -0.049396 -0.006600 0.042743 0.991470 -0.123124 10.822600 0.055025 0.120714 0.991161 -0.430700 0.000000 0.000000 0.000000 1.000000
0.998577 -0.028535 -0.045055 -0.006600 0.022715 0.991924 -0.124787 10.822600 0.048252 0.123586 0.991160 -0.430700 0.000000 0.000000 0.000000 1.000000
0.999247 -0.038458 0.005219 -0.006600 0.038805 0.992367 -0.117053 10.822600 -0.000678 0.117168 0.993112 -0.430700 0.000000 0.000000 0.000000 1.000000
0.996602 -0.045274 0.068806 -0.006600 0.052047 0.993620 -0.100057 10.822600 -0.063837 0.103298 0.992600 -0.430700 0.000000 0.000000 0.000000 1.000000
0.991733 -0.034627 0.123561 -0.006600 0.046099 0.994763 -0.091226 10.822600 -0.119755 0.096168 0.988135 -0.430700 0.000000 0.000000 0.000000 1.000000
0.986316 -0.003986 0.164819 -0.006600 0.022822 0.993384 -0.112549 10.822600 -0.163280 0.114770 0.979881 -0.430700 0.000000 0.000000 0.000000 1.000000
0.978629 0.024624 0.204152 -0.006600 0.002779 0.991130 -0.132870 10.822600 -0.205613 0.130598 0.969880 -0.430700 0.000000 0.000000 0.000000 1.000000
0.965879 0.045516 0.254964 -0.006600 -0.012558 0.991509 -0.129429 10.822600 -0.258690 0.121811 0.958249 -0.430700 0.000000 0.000000 0.000000 1.000000
0.951419 0.064729 0.301017 -0.006600 -0.030974 0.992814 -0.115592 10.822600 -0.306336 0.100653 0.946587 -0.430700 0.000000 0.000000 0.000000 1.000000
0.935329 0.086857 0.342952 -0.006600 -0.055357 0.993385 -0.100611 10.822600 -0.349422 0.075119 0.933949 -0.430700 0.000000 0.000000 0.000000 1.000000
0.920153 0.113030 0.374890 -0.006600 -0.086990 0.992513 -0.085731 10.822600 -0.381773 0.046274 0.923097 -0.430700 0.000000 0.000000 0.000000 1.000000
0.908662 0.141332 0.392886 -0.006600 -0.123272 0.989832 -0.070969 10.822600 -0.398921 0.016055 0.916845 -0.430700 0.000000 0.000000 0.000000 1.000000
0.908406 0.168395 0.382678 -0.006600 -0.160555 0.985625 -0.052590 10.822600 -0.386033 -0.013668 0.922384 -0.430700 0.000000 0.000000 0.000000 1.000000
0.922478 0.185892 0.338346 -0.006600 -0.187932 0.981810 -0.027034 10.822600 -0.337216 -0.038648 0.940634 -0.430700 0.000000 0.000000 0.000000 1.000000
0.940729 0.194575 0.277794 -0.006600 -0.203143 0.979147 0.002105 10.822600 -0.271592 -0.058412 0.960638 -0.430700 0.000000 0.000000 0.000000 1.000000
0.957741 0.198017 0.208617 -0.006600 -0.209259 0.977302 0.033047 10.822600 -0.197338 -0.075306 0.977439 -0.430700 0.000000 0.000000 0.000000 1.000000
0.971551 0.196033 0.132891 -0.006600 -0.205782 0.976505 0.063965 10.822600 -0.117230 -0.089491 0.989064 -0.430700 0.000000 0.000000 0.000000 1.000000
0.983488 0.175582 0.043853 -0.006600 -0.178977 0.979555 0.091871 10.822600 -0.026825 -0.098203 0.994805 -0.430700 0.000000 0.000000 0.000000 1.000000
0.988787 0.141755 -0.046955 -0.006600 -0.135578 0.983998 0.115616 10.822600 0.062592 -0.107954 0.992184 -0.430700 0.000000 0.000000 0.000000 1.000000
0.988405 0.109157 -0.105550 -0.006600 -0.094733 0.986557 0.133159 10.822600 0.118667 -0.121616 0.985458 -0.430700 0.000000 0.000000 0.000000 1.000000
0.987689 0.080055 -0.134391 -0.006600 -0.059855 0.987153 0.148140 10.822600 0.144524 -0.138272 0.979793 -0.430700 0.000000 0.000000 0.000000 1.000000
0.985858 0.050120 -0.159915 -0.006600 -0.023996 0.986616 0.161288 10.822600 0.165859 -0.155170 0.973865 -0.430700 0.000000 0.000000 0.000000 1.000000</float_array>
        <technique_common>
          <accessor source="#mixamorig_Spine-Matrix-animation-output-transform-array" count="72" stride="16">
            <param type="float4x4"/>
          </accessor>
        </technique_common>
      </source>
      <source id="mixamorig_Spine-Interpolations">
        <Name_array id="mixamorig_Spine-Interpolations-array" count="72">
 LINEAR LINEAR LINEAR LINEAR LINEAR LINEAR LINEAR LINEAR LINEAR LINEAR LINEAR
LINEAR LINEAR LINEAR LINEAR LINEAR LINEAR LINEAR LINEAR LINEAR LINEAR LINEAR LINEAR
LINEAR LINEAR LINEAR LINEAR LINEAR LINEAR LINEAR LINEAR LINEAR LINEAR LINEAR LINEAR
LINEAR LINEAR LINEAR LINEAR LINEAR LINEAR LINEAR LINEAR LINEAR LINEAR LINEAR LINEAR
LINEAR LINEAR LINEAR LINEAR LINEAR LINEAR LINEAR LINEAR LINEAR LINEAR LINEAR LINEAR
LINEAR LINEAR LINEAR LINEAR LINEAR LINEAR LINEAR LINEAR LINEAR LINEAR LINEAR LINEAR
LINEAR</Name_array>
        <technique_common>
          <accessor source="#mixamorig_Spine-Interpolations-array" count="72">
            <param type="name"/>
          </accessor>
        </technique_common>
      </source>
      <sampler id="mixamorig_Spine-Matrix-animation-transform">
        <input semantic="INPUT" source="#mixamorig_Spine-Matrix-animation-input"/>
        <input semantic="OUTPUT" source="#mixamorig_Spine-Matrix-animation-output-transform"/>
        <input semantic="INTERPOLATION" source="#mixamorig_Spine-Interpolations"/>
      </sampler>
      <channel source="#mixamorig_Spine-Matrix-animation-transform" target="mixamorig_Spine/matrix"/>
    </animation>
    <animation id="mixamorig_Spine1-anim" name="mixamorig_Spine1">
      <source id="mixamorig_Spine1-Matrix-animation-input">
        <float_array id="mixamorig_Spine1-Matrix-animation-input-array" count="72">

0.000000 0.033333 0.066667 0.100000 0.133333 0.166667 0.200000 0.233333 0.266667 0.300000 0.333333 0.366667 0.400000 0.433333 0.466667 0.500000
0.533333 0.566667 0.600000 0.633333 0.666667 0.700000 0.733333 0.766667 0.800000 0.833333 0.866667 0.900000 0.933333 0.966667 1.000000 1.033333
1.066667 1.100000 1.133333 1.166667 1.200000 1.233333 1.266667 1.300000 1.333333 1.366667 1.400000 1.433333 1.466667 1.500000 1.533333 1.566667
1.600000 1.633333 1.666667 1.700000 1.733333 1.766667 1.800000 1.833333 1.866667 1.900000 1.933333 1.966667 2.000000 2.033333 2.066667 2.100000
2.133333 2.166667 2.200000 2.233333 2.266667 2.300000 2.333333 2.366667</float_array>
        <technique_common>
          <accessor source="#mixamorig_Spine1-Matrix-animation-input-array" count="72">
            <param name="TIME" type="float"/>
          </accessor>
        </technique_common>
      </source>
      <source id="mixamorig_Spine1-Matrix-animation-output-transform">
        <float_array id="mixamorig_Spine1-Matrix-animation-output-transform-array" count="1152">

0.995915 0.013668 0.089257 -0.000000 -0.010757 0.999397 -0.033009 12.655100 -0.089654 0.031914 0.995462 0.000000 0.000000 0.000000 0.000000 1.000000
0.995303 0.047327 0.084451 0.000000 -0.045849 0.998761 -0.019357 12.655100 -0.085263 0.015394 0.996240 -0.000000 0.000000 0.000000 0.000000 1.000000
0.994501 0.075077 0.073009 0.000000 -0.072547 0.996689 -0.036713 12.655100 -0.075524 0.031215 0.996655 0.000000 0.000000 0.000000 0.000000 1.000000
0.994590 0.083824 0.061362 0.000000 -0.080149 0.994971 -0.060080 12.655100 -0.066089 0.054837 0.996306 0.000000 0.000000 0.000000 0.000000 1.000000
0.995675 0.081629 0.044372 -0.000000 -0.076501 0.991308 -0.107030 12.655100 -0.052723 0.103173 0.993265 0.000000 0.000000 0.000000 0.000000 1.000000
0.997549 0.066608 0.021427 0.000000 -0.062697 0.986867 -0.148872 12.655100 -0.031062 0.147163 0.988624 0.000000 0.000000 0.000000 0.000000 1.000000
0.999225 0.039318 -0.002052 0.000000 -0.038944 0.979381 -0.198231 12.655100 -0.005785 0.198157 0.980153 0.000000 0.000000 0.000000 0.000000 1.000000
0.999875 -0.004363 -0.015215 0.000000 0.001158 0.978840 -0.204623 12.655100 0.015785 0.204579 0.978723 0.000000 0.000000 0.000000 0.000000 1.000000
0.997305 -0.052428 -0.051321 0.000000 0.041194 0.979010 -0.199606 12.655100 0.060708 0.196954 0.978531 0.000000 0.000000 0.000000 0.000000 1.000000
0.995429 -0.075075 -0.059027 0.000000 0.062485 0.979414 -0.191950 12.655100 0.072223 0.187384 0.979628 0.000000 0.000000 0.000000 0.000000 1.000000
0.996083 -0.079597 -0.038509 0.000000 0.073226 0.986671 -0.145323 12.655100 0.049563 0.141934 0.988634 0.000000 0.000000 0.000000 0.000000 1.000000
0.995126 -0.095129 -0.025969 0.000000 0.091459 0.988840 -0.117602 12.655100 0.036866 0.114654 0.992721 0.000000 0.000000 0.000000 0.000000 1.000000
0.993982 -0.102508 -0.038628 0.000000 0.099718 0.992669 -0.068303 12.655100 0.045346 0.064040 0.996917 0.000000 0.000000 0.000000 0.000000 1.000000
0.995450 -0.081945 -0.048625 -0.000000 0.079563 0.995622 -0.049057 12.655100 0.052433 0.044965 0.997612 0.000000 0.000000 0.000000 0.000000 1.000000
0.997073 -0.050757 -0.057173 -0.000000 0.048481 0.998002 -0.040524 12.655100 0.059116 0.037634 0.997541 0.000000 0.000000 0.000000 0.000000 1.000000
0.997807 -0.018393 -0.063580 -0.000000 0.016401 0.999363 -0.031709 12.655100 0.064122 0.030597 0.997473 0.000000 0.000000 0.000000 0.000000 1.000000
0.997722 0.005634 -0.067217 -0.000000 -0.006446 0.999909 -0.011864 12.655100 0.067144 0.012271 0.997668 0.000000 0.000000 0.000000 0.000000 1.000000
0.997882 0.006372 -0.064736 0.000000 -0.003964 0.999298 0.037260 12.655100 0.064928 -0.036925 0.997207 -0.000000 0.000000 0.000000 0.000000 1.000000
0.998243 -0.010130 -0.058382 0.000000 0.009792 0.999934 -0.006071 12.655100 0.058439 0.005488 0.998276 0.000000 0.000000 0.000000 0.000000 1.000000
0.998447 -0.045257 -0.032473 0.000000 0.043849 0.998120 -0.042829 12.655100 0.034350 0.041339 0.998555 -0.000000 0.000000 0.000000 0.000000 1.000000
0.997070 -0.076065 -0.008125 -0.000000 0.075646 0.996196 -0.043264 12.655100 0.011385 0.042523 0.999031 0.000000 0.000000 0.000000 0.000000 1.000000
0.995550 -0.092225 0.019353 0.000000 0.093178 0.994068 -0.056103 12.655100 -0.014064 0.057657 0.998237 -0.000000 0.000000 0.000000 0.000000 1.000000
0.994701 -0.097054 0.033906 0.000000 0.098454 0.994237 -0.042422 12.655100 -0.029593 0.045535 0.998524 -0.000000 0.000000 0.000000 0.000000 1.000000
0.995196 -0.091374 0.035140 0.000000 0.092296 0.995403 -0.025582 12.655100 -0.032641 0.028702 0.999055 0.000000 0.000000 0.000000 0.000000 1.000000
0.996175 -0.083222 0.026632 0.000000 0.083637 0.996385 -0.014897 12.655100 -0.025296 0.017067 0.999534 0.000000 0.000000 0.000000 0.000000 1.000000
0.995848 -0.089833 0.014723 0.000000 0.089985 0.995893 -0.010010 12.655100 -0.013763 0.011293 0.999842 0.000000 0.000000 0.000000 0.000000 1.000000
0.994347 -0.106081 0.004494 0.000000 0.106135 0.994250 -0.014228 12.655100 -0.002959 0.014624 0.999889 0.000000 0.000000 0.000000 0.000000 1.000000
0.994743 -0.101552 0.013203 0.000000 0.101726 0.994724 -0.013242 12.655100 -0.011789 0.014515 0.999825 -0.000000 0.000000 0.000000 0.000000 1.000000
0.995899 -0.086925 0.025072 0.000000 0.086900 0.996215 0.002064 12.655100 -0.025157 0.000123 0.999684 0.000000 0.000000 0.000000 0.000000 1.000000
0.996115 -0.078994 0.038912 0.000000 0.078634 0.996846 0.010690 12.655100 -0.039634 -0.007589 0.999185 0.000000 0.000000 0.000000 0.000000 1.000000
0.996613 -0.068565 0.045403 0.000000 0.067707 0.997501 0.020182 12.655100 -0.046673 -0.017040 0.998765 0.000000 0.000000 0.000000 0.000000 1.000000
0.996448 -0.062240 0.056726 -0.000000 0.060999 0.997864 0.023358 12.655100 -0.058059 -0.019814 0.998117 0.000000 0.000000 0.000000 0.000000 1.000000
0.996137 -0.061112 0.063065 0.000000 0.059140 0.997715 0.032676 12.655100 -0.064918 -0.028820 0.997474 0.000000 0.000000 0.000000 0.000000 1.000000
0.996360 -0.063225 0.057182 0.000000 0.062592 0.997957 0.012784 12.655100 -0.057873 -0.009158 0.998282 0.000000 0.000000 0.000000 0.000000 1.000000
0.997442 -0.054372 0.046393 -0.000000 0.053120 0.998201 0.027795 12.655100 -0.047820 -0.025260 0.998537 0.000000 0.000000 0.000000 0.000000 1.000000
0.996865 -0.055491 0.056399 0.000000 0.054959 0.998429 0.010940 12.655100 -0.056917 -0.007806 0.998348 0.000000 0.000000 0.000000 0.000000 1.000000
0.996366 -0.058647 0.061771 0.000000 0.058273 0.998270 0.007840 12.655100 -0.062124 -0.004212 0.998060 -0.000000 0.000000 0.000000 0.000000 1.000000
0.997351 -0.052569 0.050273 0.000000 0.053072 0.998553 -0.008722 12.655100 -0.049742 0.011367 0.998697 0.000000 0.000000 0.000000 0.000000 1.000000
0.998201 -0.039576 0.045045 0.000000 0.040329 0.999059 -0.015930 12.655100 -0.044372 0.017718 0.998858 0.000000 0.000000 0.000000 0.000000 1.000000
0.997693 -0.040701 0.054341 0.000000 0.042489 0.998579 -0.032177 12.655100 -0.052954 0.034412 0.998004 0.000000 0.000000 0.000000 0.000000 1.000000
0.996473 -0.059150 0.059529 -0.000000 0.062549 0.996415 -0.056969 12.655100 -0.055946 0.060492 0.996600 0.000000 0.000000 0.000000 0.000000 1.000000
0.997257 -0.073186 0.011013 0.000000 0.073962 0.990897 -0.112487 12.655100 -0.002680 0.112993 0.993592 0.000000 0.000000 0.000000 0.000000 1.000000
0.997954 0.055189 -0.032281 0.000000 -0.061636 0.964652 -0.256217 12.655100 0.017000 0.257683 0.966080 0.000000 0.000000 0.000000 0.000000 1.000000
0.994428 0.087189 -0.059255 -0.000000 -0.102267 0.934300 -0.341505 12.655100 0.025586 0.345662 0.938010 0.000000 0.000000 0.000000 0.000000 1.000000
0.995912 0.089110 -0.014769 -0.000000 -0.089909 0.962282 -0.256768 12.655100 -0.008669 0.257046 0.966360 -0.000000 0.000000 0.000000 0.000000 1.000000
0.990996 0.130965 0.027828 0.000000 -0.121732 0.967876 -0.219993 12.655100 -0.055745 0.214624 0.975105 0.000000 0.000000 0.000000 0.000000 1.000000
0.990622 0.133393 -0.029563 0.000000 -0.136444 0.977133 -0.163075 12.655100 0.007133 0.165579 0.986171 0.000000 0.000000 0.000000 0.000000 1.000000
0.991362 0.131053 -0.005077 0.000000 -0.130903 0.986369 -0.099699 12.655100 -0.008058 0.099502 0.995005 0.000000 0.000000 0.000000 0.000000 1.000000
0.996823 0.079100 -0.009314 0.000000 -0.079639 0.991479 -0.103089 12.655100 0.001080 0.103503 0.994629 -0.000000 0.000000 0.000000 0.000000 1.000000
0.999086 0.030062 -0.030376 0.000000 -0.033935 0.990083 -0.136322 12.655100 0.025976 0.137229 0.990199 0.000000 0.000000 0.000000 0.000000 1.000000
0.998132 0.006934 -0.060698 -0.000000 -0.017612 0.984017 -0.177203 12.655100 0.058499 0.177941 0.982301 0.000000 0.000000 0.000000 0.000000 1.000000
0.996801 -0.012865 -0.078877 0.000000 -0.003824 0.978148 -0.207874 12.655100 0.079828 0.207511 0.974970 0.000000 0.000000 0.000000 0.000000 1.000000
0.997271 -0.031768 -0.066639 -0.000000 0.017056 0.977402 -0.210702 12.655100 0.071826 0.208991 0.975276 -0.000000 0.000000 0.000000 0.000000 1.000000
0.998170 -0.040339 -0.045050 0.000000 0.030622 0.979591 -0.198653 12.655100 0.052144 0.196910 0.979034 0.000000 0.000000 0.000000 0.000000 1.000000
0.998365 -0.055771 -0.012523 0.000000 0.052304 0.979729 -0.193378 12.655100 0.023054 0.192407 0.981044 -0.000000 0.000000 0.000000 0.000000 1.000000
0.996931 -0.074410 0.024316 0.000000 0.077723 0.977915 -0.194014 12.655100 -0.009343 0.195308 0.980697 0.000000 0.000000 0.000000 0.000000 1.000000
0.994681 -0.088653 0.052450 0.000000 0.097307 0.975734 -0.196151 12.655100 -0.033788 0.200212 0.979170 -0.000000 0.000000 0.000000 0.000000 1.000000
0.993582 -0.095649 0.060378 -0.000000 0.106008 0.973605 -0.202126 12.655100 -0.039451 0.207229 0.977497 0.000000 0.000000 0.000000 0.000000 1.000000
0.993777 -0.096276 0.056015 0.000000 0.105995 0.971946 -0.209965 12.655100 -0.034229 0.214595 0.976103 0.000000 0.000000 0.000000 0.000000 1.000000
0.994991 -0.090377 0.042720 -0.000000 0.097596 0.970721 -0.219492 12.655100 -0.021632 0.222562 0.974679 0.000000 0.000000 0.000000 0.000000 1.000000
0.996830 -0.076489 0.021880 0.000000 0.079470 0.970185 -0.228968 12.655100 -0.003714 0.229981 0.973188 -0.000000 0.000000 0.000000 0.000000 1.000000
0.998300 -0.058281 -0.000455 -0.000000 0.056538 0.970269 -0.235333 12.655100 0.014157 0.234907 0.971915 0.000000 0.000000 0.000000 0.000000 1.000000
0.999103 -0.039604 -0.015019 0.000000 0.035029 0.971925 -0.232667 12.655100 0.023812 0.231932 0.972440 0.000000 0.000000 0.000000 0.000000 1.000000
0.999448 -0.026393 -0.020190 -0.000000 0.021211 0.974404 -0.223803 12.655100 0.025580 0.223251 0.974425 -0.000000 0.000000 0.000000 0.000000 1.000000
0.999612 -0.019787 -0.019601 -0.000000 0.015138 0.976724 -0.213966 12.655100 0.023379 0.213586 0.976645 0.000000 0.000000 0.000000 0.000000 1.000000
0.999736 -0.016186 -0.016314 0.000000 0.012523 0.978929 -0.203816 12.655100 0.019269 0.203558 0.978873 -0.000000 0.000000 0.000000 0.000000 1.000000
0.999833 -0.014343 -0.011285 0.000000 0.011887 0.980996 -0.193664 12.655100 0.013848 0.193498 0.981003 0.000000 0.000000 0.000000 0.000000 1.000000
0.999865 -0.016275 -0.002109 0.000000 0.015613 0.982957 -0.183171 12.655100 0.005054 0.183114 0.983079 -0.000000 0.000000 0.000000 0.000000 1.000000
0.999830 -0.016893 0.007339 -0.000000 0.017903 0.984983 -0.171723 12.655100 -0.004327 0.171825 0.985118 -0.000000 0.000000 0.000000 0.000000 1.000000
0.999803 -0.012428 0.015464 0.000000 0.014744 0.987003 -0.160022 12.655100 -0.013275 0.160219 0.986992 0.000000 0.000000 0.000000 0.000000 1.000000
0.999722 -0.004795 0.023094 0.000000 0.008171 0.988896 -0.148383 12.655100 -0.022126 0.148530 0.988660 0.000000 0.000000 0.000000 0.000000 1.000000
0.999529 0.002556 0.030579 0.000000 0.001662 0.990553 -0.137117 12.655100 -0.030641 0.137103 0.990083 0.000000 0.000000 0.000000 0.000000 1.000000</float_array>
        <technique_common>
          <accessor source="#mixamorig_Spine1-Matrix-animation-output-transform-array" count="72" stride="16">
            <param type="float4x4"/>
