<?xml version="1.0" encoding="utf-8"?>
<COLLADA xmlns="http://www.collada.org/2005/11/COLLADASchema" version="1.4.1">
  <asset>
    <contributor>
      <author>Mixamo</author>
      <authoring_tool>COLLADA Mixamo exporter</authoring_tool>
      <comments/>
    </contributor>
    <created>2024-12-02T02:18:29Z</created>
    <modified>2024-12-02T02:18:29Z</modified>
    <revision/>
    <title/>
    <unit meter="0.010000"/>
    <up_axis>Y_UP</up_axis>
  </asset>
  <library_animations>
    <animation id="mixamorig_Hips-anim" name="mixamorig_Hips">
      <source id="mixamorig_Hips-Matrix-animation-input">
        <float_array id="mixamorig_Hips-Matrix-animation-input-array" count="66">

0.000000 0.033333 0.066667 0.100000 0.133333 0.166667 0.200000 0.233333 0.266667 0.300000 0.333333 0.366667 0.400000 0.433333 0.466667 0.500000
0.533333 0.566667 0.600000 0.633333 0.666667 0.700000 0.733333 0.766667 0.800000 0.833333 0.866667 0.900000 0.933333 0.966667 1.000000 1.033333
1.066667 1.100000 1.133333 1.166667 1.200000 1.233333 1.266667 1.300000 1.333333 1.366667 1.400000 1.433333 1.466667 1.500000 1.533333 1.566667
1.600000 1.633333 1.666667 1.700000 1.733333 1.766667 1.800000 1.833333 1.866667 1.900000 1.933333 1.966667 2.000000 2.033333 2.066667 2.100000
2.133333 2.166667</float_array>
        <technique_common>
          <accessor source="#mixamorig_Hips-Matrix-animation-input-array" count="66">
            <param name="TIME" type="float"/>
          </accessor>
        </technique_common>
      </source>
      <source id="mixamorig_Hips-Matrix-animation-output-transform">
        <float_array id="mixamorig_Hips-Matrix-animation-output-transform-array" count="1056">

0.928632 0.046083 -0.368129 0.542757 -0.127722 0.971312 -0.200599 112.712944 0.348324 0.233301 0.907877 -1.059269 0.000000 0.000000 0.000000 1.000000
0.978899 0.116140 -0.168133 -0.509932 -0.147423 0.971140 -0.187493 115.141708 0.141506 0.208324 0.967769 11.726193 0.000000 0.000000 0.000000 1.000000
0.986068 0.149129 0.073687 -1.101372 -0.136193 0.978149 -0.157089 117.505264 -0.095503 0.144865 0.984832 24.235371 0.000000 0.000000 0.000000 1.000000
0.935078 0.163715 0.314367 -1.623399 -0.136622 0.984879 -0.106524 118.210289 -0.327053 0.056659 0.943306 35.860905 0.000000 0.000000 0.000000 1.000000
0.839462 0.163540 0.518226 -2.231469 -0.155957 0.986028 -0.058537 116.114655 -0.520559 -0.031681 0.853238 46.461262 0.000000 0.000000 0.000000 1.000000
0.718270 0.161518 0.676757 -3.723157 -0.184369 0.982094 -0.038713 111.390694 -0.670892 -0.096967 0.735188 56.779541 0.000000 0.000000 0.000000 1.000000
0.575458 0.166768 0.800648 -5.646887 -0.202533 0.977554 -0.058047 106.433090 -0.792357 -0.128754 0.596317 67.123566 0.000000 0.000000 0.000000 1.000000
0.414721 0.189207 0.890060 -8.027128 -0.207457 0.972043 -0.109971 103.609451 -0.885984 -0.139042 0.442379 77.238045 0.000000 0.000000 0.000000 1.000000
0.242748 0.220363 0.944729 -10.493196 -0.196509 0.964838 -0.174561 104.104530 -0.949978 -0.143273 0.277516 87.210800 0.000000 0.000000 0.000000 1.000000
0.047638 0.243478 0.968736 -12.650759 -0.162600 0.958791 -0.232983 107.147369 -0.985541 -0.146418 0.085265 97.620277 0.000000 0.000000 0.000000 1.000000
-0.201840 0.252040 0.946434 -13.219371 -0.096786 0.956459 -0.275351 110.748833 -0.974624 -0.147179 -0.168658 108.772415 0.000000 0.000000 0.000000 1.000000
-0.503378 0.250259 0.827032 -11.920592 0.003182 0.957669 -0.287853 113.084770 -0.864061 -0.142267 -0.482866 120.365181 0.000000 0.000000 0.000000 1.000000
-0.770147 0.241404 0.590422 -9.681177 0.105244 0.961024 -0.255650 113.309891 -0.629124 -0.134750 -0.765536 132.029434 0.000000 0.000000 0.000000 1.000000
-0.919104 0.227388 0.321781 -7.174572 0.172085 0.966323 -0.191329 111.859718 -0.354451 -0.120477 -0.927281 143.449997 0.000000 0.000000 0.000000 1.000000
-0.968338 0.225041 0.108062 -5.059896 0.212517 0.970228 -0.116162 110.462227 -0.130986 -0.089519 -0.987334 153.544128 0.000000 0.000000 0.000000 1.000000
-0.965066 0.253458 -0.066381 -3.386405 0.256234 0.965900 -0.037180 110.922333 0.054694 -0.052891 -0.997101 161.496155 0.000000 0.000000 0.000000 1.000000
-0.917221 0.306171 -0.254882 -2.184445 0.305693 0.951180 0.042515 114.248291 0.255455 -0.038920 -0.966037 167.145523 0.000000 0.000000 0.000000 1.000000
-0.812382 0.356432 -0.461510 -1.326633 0.342932 0.932139 0.116254 119.812637 0.471628 -0.063824 -0.879485 170.956070 0.000000 0.000000 0.000000 1.000000
-0.659763 0.374803 -0.651333 -1.027562 0.350052 0.920245 0.174963 125.987549 0.664963 -0.112566 -0.738345 173.932144 0.000000 0.000000 0.000000 1.000000
-0.482863 0.354459 -0.800750 -1.750532 0.316157 0.923306 0.218063 131.692093 0.816632 -0.147868 -0.557895 177.320816 0.000000 0.000000 0.000000 1.000000
-0.291163 0.323265 -0.900402 -3.211757 0.246347 0.934776 0.255945 136.148148 0.924412 -0.147290 -0.351807 181.633423 0.000000 0.000000 0.000000 1.000000
-0.088573 0.309037 -0.946917 -4.704803 0.150326 0.943912 0.293995 139.114349 0.984661 -0.116306 -0.130061 187.060028 0.000000 0.000000 0.000000 1.000000
0.120756 0.315931 -0.941066 -6.068585 0.037401 0.945882 0.322347 140.942993 0.991977 -0.074122 0.102405 193.042130 0.000000 0.000000 0.000000 1.000000
0.325832 0.330780 -0.885674 -7.417794 -0.081591 0.943140 0.322226 141.822586 0.941900 -0.032729 0.334294 199.347046 0.000000 0.000000 0.000000 1.000000
0.511019 0.343771 -0.787833 -8.654140 -0.191446 0.939041 0.285571 141.709457 0.837978 0.004895 0.545682 205.836304 0.000000 0.000000 0.000000 1.000000
0.662645 0.360892 -0.656245 -9.611612 -0.285492 0.931799 0.224153 140.470596 0.692384 0.038819 0.720484 212.209869 0.000000 0.000000 0.000000 1.000000
0.773254 0.394164 -0.496703 -10.237992 -0.365928 0.917113 0.158117 137.857773 0.517856 0.059493 0.853396 218.335678 0.000000 0.000000 0.000000 1.000000
0.840351 0.441604 -0.314319 -10.635878 -0.434523 0.895487 0.096395 133.469009 0.324037 0.055573 0.944411 224.194855 0.000000 0.000000 0.000000 1.000000
0.866659 0.484046 -0.120834 -11.224938 -0.483713 0.874564 0.034054 127.210785 0.122161 0.028936 0.992088 229.604324 0.000000 0.000000 0.000000 1.000000
0.864330 0.498408 0.067256 -12.550192 -0.497082 0.866940 -0.036391 119.987885 -0.076445 -0.001978 0.997072 234.459427 0.000000 0.000000 0.000000 1.000000
0.844984 0.478674 0.238482 -14.879553 -0.464788 0.877889 -0.115247 113.334335 -0.264527 -0.013462 0.964284 238.980988 0.000000 0.000000 0.000000 1.000000
0.813005 0.434068 0.388082 -17.880024 -0.389223 0.900865 -0.192218 108.691132 -0.433045 0.005224 0.901357 243.413116 0.000000 0.000000 0.000000 1.000000
0.769133 0.381369 0.512828 -20.389418 -0.290418 0.923366 -0.251103 106.406868 -0.569291 0.044197 0.820947 248.062271 0.000000 0.000000 0.000000 1.000000
0.715714 0.336011 0.612250 -22.104813 -0.196500 0.938124 -0.285150 105.886444 -0.670180 0.083779 0.737455 253.440643 0.000000 0.000000 0.000000 1.000000
0.652931 0.305008 0.693290 -23.001722 -0.121228 0.945618 -0.301846 105.912880 -0.747653 0.113039 0.654398 260.387085 0.000000 0.000000 0.000000 1.000000
0.561598 0.296292 0.772540 -22.916643 -0.066205 0.946783 -0.314991 105.453545 -0.824757 0.125752 0.551327 269.407288 0.000000 0.000000 0.000000 1.000000
0.405667 0.316699 0.857401 -22.036484 -0.024456 0.941479 -0.336184 104.668953 -0.913694 0.115410 0.389672 280.075256 0.000000 0.000000 0.000000 1.000000
0.167644 0.357953 0.918567 -20.965073 0.021784 0.930181 -0.366455 103.490501 -0.985607 0.081444 0.148141 291.399719 0.000000 0.000000 0.000000 1.000000
-0.120326 0.391299 0.912363 -19.500814 0.093259 0.919432 -0.382031 102.426285 -0.988344 0.039118 -0.147124 302.098145 0.000000 0.000000 0.000000 1.000000
-0.399494 0.390713 0.829306 -17.146069 0.175393 0.920493 -0.349184 101.817390 -0.899801 0.005958 -0.436260 311.436371 0.000000 0.000000 0.000000 1.000000
-0.633646 0.356455 0.686609 -13.783833 0.232869 0.934244 -0.270110 101.565315 -0.737743 -0.011264 -0.674988 319.074371 0.000000 0.000000 0.000000 1.000000
-0.809127 0.310934 0.498632 -9.885759 0.256680 0.950321 -0.176083 101.385880 -0.528610 -0.014485 -0.848741 325.313141 0.000000 0.000000 0.000000 1.000000
-0.919158 0.275485 0.281526 -5.903137 0.261030 0.961274 -0.088407 101.301270 -0.294979 -0.007773 -0.955472 330.308685 0.000000 0.000000 0.000000 1.000000
-0.964471 0.258252 0.055697 -2.227745 0.258042 0.966070 -0.011048 101.435043 -0.056661 0.003716 -0.998387 334.339630 0.000000 0.000000 0.000000 1.000000
-0.953587 0.253000 -0.163285 0.858918 0.247137 0.967383 0.055614 101.608597 0.172029 0.012679 -0.985010 337.836761 0.000000 0.000000 0.000000 1.000000
-0.895970 0.250097 -0.367000 3.250967 0.226045 0.968124 0.107889 101.653435 0.382284 0.013707 -0.923943 341.100800 0.000000 0.000000 0.000000 1.000000
-0.799925 0.244084 -0.548219 5.006536 0.198333 0.969740 0.142364 101.649620 0.566379 0.005151 -0.824129 344.294586 0.000000 0.000000 0.000000 1.000000
-0.675981 0.233894 -0.698816 6.187333 0.170351 0.972206 0.160613 101.814926 0.716959 -0.010472 -0.697036 347.574066 0.000000 0.000000 0.000000 1.000000
-0.537056 0.221741 -0.813881 6.744554 0.145609 0.974718 0.169478 102.273224 0.830884 -0.027489 -0.555766 351.136719 0.000000 0.000000 0.000000 1.000000
-0.392770 0.209728 -0.895402 6.643607 0.120619 0.976985 0.175928 102.877777 0.911692 -0.038903 -0.409028 355.209412 0.000000 0.000000 0.000000 1.000000
-0.245138 0.196976 -0.949267 6.017894 0.089740 0.979549 0.180085 103.453194 0.965326 -0.041042 -0.257802 359.846283 0.000000 0.000000 0.000000 1.000000
-0.093683 0.178559 -0.979459 5.218169 0.050686 0.983365 0.174423 103.793251 0.994311 -0.033304 -0.101175 364.848877 0.000000 0.000000 0.000000 1.000000
0.057968 0.153107 -0.986508 4.486120 0.009336 0.988043 0.153893 103.566818 0.998275 -0.018131 0.055846 369.761047 0.000000 0.000000 0.000000 1.000000
0.200269 0.128561 -0.971269 3.700737 -0.025329 0.991701 0.126042 102.624649 0.979413 -0.000641 0.201864 374.179230 0.000000 0.000000 0.000000 1.000000
0.323652 0.115529 -0.939096 2.932393 -0.051978 0.993190 0.104270 101.578903 0.944747 0.015065 0.327453 377.756042 0.000000 0.000000 0.000000 1.000000
0.428429 0.114692 -0.896267 2.573989 -0.077963 0.992905 0.089790 101.115265 0.900206 0.031407 0.434330 380.514771 0.000000 0.000000 0.000000 1.000000
0.527203 0.117431 -0.841586 2.056094 -0.108971 0.991570 0.070095 101.590614 0.842723 0.054754 0.535555 383.008240 0.000000 0.000000 0.000000 1.000000
0.630126 0.118606 -0.767381 1.140473 -0.140272 0.989394 0.037737 102.824493 0.763718 0.083863 0.640080 385.497681 0.000000 0.000000 0.000000 1.000000
0.730731 0.118428 -0.672314 0.208685 -0.159630 0.987177 0.000391 104.238838 0.663740 0.107036 0.740266 387.721008 0.000000 0.000000 0.000000 1.000000
0.812842 0.117898 -0.570427 -1.131745 -0.164058 0.985995 -0.029989 105.826439 0.558903 0.117959 0.820800 389.815216 0.000000 0.000000 0.000000 1.000000
0.869967 0.109687 -0.480756 -2.941923 -0.151743 0.987187 -0.049358 107.521362 0.469182 0.115891 0.875464 391.715149 0.000000 0.000000 0.000000 1.000000
0.907506 0.087751 -0.410771 -4.998424 -0.123156 0.990543 -0.060481 109.222466 0.401579 0.105476 0.909730 393.331299 0.000000 0.000000 0.000000 1.000000
0.932892 0.054891 -0.355949 -6.814888 -0.084213 0.994166 -0.067399 110.758995 0.350173 0.092851 0.932072 394.748962 0.000000 0.000000 0.000000 1.000000
0.950472 0.021797 -0.310046 -8.149587 -0.046816 0.996197 -0.073483 111.993919 0.307265 0.084358 0.947878 396.075012 0.000000 0.000000 0.000000 1.000000
0.962754 -0.001509 -0.270373 -8.949914 -0.021335 0.996442 -0.081533 112.799034 0.269534 0.084264 0.959297 397.316162 0.000000 0.000000 0.000000 1.000000
0.971436 -0.009707 -0.237102 -9.342858 -0.012940 0.995509 -0.093774 113.029587 0.236947 0.094163 0.966948 398.503326 0.000000 0.000000 0.000000 1.000000</float_array>
        <technique_common>
          <accessor source="#mixamorig_Hips-Matrix-animation-output-transform-array" count="66" stride="16">
            <param type="float4x4"/>
          </accessor>
        </technique_common>
      </source>
      <source id="mixamorig_Hips-Interpolations">
        <Name_array id="mixamorig_Hips-Interpolations-array" count="66">
 LINEAR LINEAR LINEAR LINEAR LINEAR LINEAR LINEAR LINEAR LINEAR LINEAR LINEAR
LINEAR LINEAR LINEAR LINEAR LINEAR LINEAR LINEAR LINEAR LINEAR LINEAR LINEAR LINEAR
LINEAR LINEAR LINEAR LINEAR LINEAR LINEAR LINEAR LINEAR LINEAR LINEAR LINEAR LINEAR
LINEAR LINEAR LINEAR LINEAR LINEAR LINEAR LINEAR LINEAR LINEAR LINEAR LINEAR LINEAR
LINEAR LINEAR LINEAR LINEAR LINEAR LINEAR LINEAR LINEAR LINEAR LINEAR LINEAR LINEAR
LINEAR LINEAR LINEAR LINEAR LINEAR LINEAR LINEAR</Name_array>
        <technique_common>
          <accessor source="#mixamorig_Hips-Interpolations-array" count="66">
            <param type="name"/>
          </accessor>
        </technique_common>
      </source>
      <sampler id="mixamorig_Hips-Matrix-animation-transform">
        <input semantic="INPUT" source="#mixamorig_Hips-Matrix-animation-input"/>
        <input semantic="OUTPUT" source="#mixamorig_Hips-Matrix-animation-output-transform"/>
        <input semantic="INTERPOLATION" source="#mixamorig_Hips-Interpolations"/>
      </sampler>
      <channel source="#mixamorig_Hips-Matrix-animation-transform" target="mixamorig_Hips/matrix"/>
    </animation>
    <animation id="mixamorig_Spine-anim" name="mixamorig_Spine">
      <source id="mixamorig_Spine-Matrix-animation-input">
        <float_array id="mixamorig_Spine-Matrix-animation-input-array" count="66">

0.000000 0.033333 0.066667 0.100000 0.133333 0.166667 0.200000 0.233333 0.266667 0.300000 0.333333 0.366667 0.400000 0.433333 0.466667 0.500000
0.533333 0.566667 0.600000 0.633333 0.666667 0.700000 0.733333 0.766667 0.800000 0.833333 0.866667 0.900000 0.933333 0.966667 1.000000 1.033333
1.066667 1.100000 1.133333 1.166667 1.200000 1.233333 1.266667 1.300000 1.333333 1.366667 1.400000 1.433333 1.466667 1.500000 1.533333 1.566667
1.600000 1.633333 1.666667 1.700000 1.733333 1.766667 1.800000 1.833333 1.866667 1.900000 1.933333 1.966667 2.000000 2.033333 2.066667 2.100000
2.133333 2.166667</float_array>
        <technique_common>
          <accessor source="#mixamorig_Spine-Matrix-animation-input-array" count="66">
            <param name="TIME" type="float"/>
          </accessor>
        </technique_common>
      </source>
      <source id="mixamorig_Spine-Matrix-animation-output-transform">
        <float_array id="mixamorig_Spine-Matrix-animation-output-transform-array" count="1056">

0.990008 -0.118792 0.075972 -0.006600 0.140876 0.809909 -0.569387 10.822600 0.006108 0.574400 0.818552 -0.430700 0.000000 0.000000 0.000000 1.000000
0.992058 -0.095515 0.081839 -0.006600 0.123866 0.854965 -0.503679 10.822600 -0.021861 0.509816 0.860006 -0.430700 0.000000 0.000000 0.000000 1.000000
0.992936 -0.083168 0.084629 -0.006600 0.112275 0.889273 -0.443383 10.822600 -0.038383 0.449753 0.892328 -0.430700 0.000000 0.000000 0.000000 1.000000
0.993013 -0.086309 0.080467 -0.006600 0.110887 0.915725 -0.386202 10.822600 -0.040353 0.392426 0.918898 -0.430700 0.000000 0.000000 0.000000 1.000000
0.992092 -0.103125 0.071542 -0.006600 0.120694 0.940258 -0.318352 10.822600 -0.034438 0.324469 0.945269 -0.430700 0.000000 0.000000 0.000000 1.000000
0.991121 -0.117448 0.062326 -0.006600 0.129273 0.960839 -0.245106 10.822600 -0.031098 0.250986 0.967491 -0.430700 0.000000 0.000000 0.000000 1.000000
0.991990 -0.115829 0.050390 -0.006600 0.123290 0.974634 -0.186782 10.822600 -0.027477 0.191499 0.981108 -0.430700 0.000000 0.000000 0.000000 1.000000
0.993177 -0.107004 0.046356 -0.006600 0.113291 0.979583 -0.166082 10.822600 -0.027638 0.170200 0.985022 -0.430700 0.000000 0.000000 0.000000 1.000000
0.993525 -0.099837 0.054231 -0.006600 0.108070 0.977726 -0.179924 10.822600 -0.035060 0.184620 0.982184 -0.430700 0.000000 0.000000 0.000000 1.000000
0.994471 -0.090629 0.053036 -0.006600 0.099739 0.973211 -0.207154 10.822600 -0.032841 0.211299 0.976870 -0.430700 0.000000 0.000000 0.000000 1.000000
0.994938 -0.092581 0.039078 -0.006600 0.098920 0.970792 -0.218582 10.822600 -0.017700 0.221341 0.975036 -0.430700 0.000000 0.000000 0.000000 1.000000
0.994707 -0.102337 0.009265 -0.006600 0.102028 0.972923 -0.207392 10.822600 0.012209 0.207240 0.978214 -0.430700 0.000000 0.000000 0.000000 1.000000
0.994373 -0.104931 -0.014555 -0.006600 0.100525 0.977984 -0.182870 10.822600 0.033423 0.180378 0.983029 -0.430700 0.000000 0.000000 0.000000 1.000000
0.995253 -0.096501 -0.012576 -0.006600 0.092999 0.981188 -0.169176 10.822600 0.028665 0.167203 0.985506 -0.430700 0.000000 0.000000 0.000000 1.000000
0.996604 -0.081956 0.007968 -0.006600 0.082139 0.982664 -0.166205 10.822600 0.005791 0.166295 0.986059 -0.430700 0.000000 0.000000 0.000000 1.000000
0.998106 -0.055761 0.025987 -0.006600 0.059344 0.984021 -0.167869 10.822600 -0.016211 0.169093 0.985467 -0.430700 0.000000 0.000000 0.000000 1.000000
0.998905 -0.025265 0.039369 -0.006600 0.030865 0.988379 -0.148844 10.822600 -0.035151 0.149896 0.988077 -0.430700 0.000000 0.000000 0.000000 1.000000
0.999249 0.019057 0.033726 -0.006600 -0.015184 0.993639 -0.111581 10.822600 -0.035638 0.110985 0.993183 -0.430700 0.000000 0.000000 0.000000 1.000000
0.997226 0.069558 0.026487 -0.006600 -0.067663 0.995472 -0.066766 10.822600 -0.031011 0.064788 0.997417 -0.430700 0.000000 0.000000 0.000000 1.000000
0.994078 0.107371 0.016773 -0.006600 -0.106718 0.993640 -0.035922 10.822600 -0.020524 0.033920 0.999214 -0.430700 0.000000 0.000000 0.000000 1.000000
0.992137 0.124934 0.007478 -0.006600 -0.124824 0.992085 -0.013682 10.822600 -0.009128 0.012641 0.999878 -0.430700 0.000000 0.000000 0.000000 1.000000
0.991961 0.125837 -0.013344 -0.006600 -0.125977 0.991981 -0.010164 10.822600 0.011958 0.011764 0.999859 -0.430700 0.000000 0.000000 0.000000 1.000000
0.992593 0.114783 -0.039791 -0.006600 -0.115638 0.993092 -0.019907 10.822600 0.037231 0.024361 0.999010 -0.430700 0.000000 0.000000 0.000000 1.000000
0.993522 0.094797 -0.062677 -0.006600 -0.096731 0.994900 -0.028568 10.822600 0.059649 0.034446 0.997625 -0.430700 0.000000 0.000000 0.000000 1.000000
0.994346 0.074002 -0.076155 -0.006600 -0.076063 0.996801 -0.024524 10.822600 0.074097 0.030178 0.996794 -0.430700 0.000000 0.000000 0.000000 1.000000
0.995188 0.054036 -0.081742 -0.006600 -0.055532 0.998327 -0.016135 10.822600 0.080733 0.020597 0.996523 -0.430700 0.000000 0.000000 0.000000 1.000000
0.996116 0.026945 -0.083829 -0.006600 -0.028734 0.999383 -0.020212 10.822600 0.083233 0.022543 0.996275 -0.430700 0.000000 0.000000 0.000000 1.000000
0.996590 -0.012631 -0.081546 -0.006600 0.008985 0.998950 -0.044925 10.822600 0.082028 0.044039 0.995657 -0.430700 0.000000 0.000000 0.000000 1.000000
0.996255 -0.049577 -0.070842 -0.006600 0.043476 0.995414 -0.085209 10.822600 0.074741 0.081810 0.993841 -0.430700 0.000000 0.000000 0.000000 1.000000
0.996513 -0.064366 -0.053095 -0.006600 0.057163 0.990188 -0.127517 10.822600 0.060782 0.124038 0.990414 -0.430700 0.000000 0.000000 0.000000 1.000000
0.998203 -0.045686 -0.038766 -0.006600 0.038461 0.984674 -0.170111 10.822600 0.045943 0.168314 0.984662 -0.430700 0.000000 0.000000 0.000000 1.000000
0.999430 -0.012565 -0.031336 -0.006600 0.005574 0.976842 -0.213888 10.822600 0.033298 0.213591 0.976356 -0.430700 0.000000 0.000000 0.000000 1.000000
0.999427 0.023882 -0.023980 -0.006600 -0.029357 0.964312 -0.263135 10.822600 0.016840 0.263689 0.964461 -0.430700 0.000000 0.000000 0.000000 1.000000
0.998679 0.048129 -0.017998 -0.006600 -0.051329 0.950604 -0.306131 10.822600 0.002376 0.306651 0.951819 -0.430700 0.000000 0.000000 0.000000 1.000000
0.998405 0.056464 0.000531 -0.006600 -0.052742 0.935877 -0.348356 10.822600 -0.020166 0.347773 0.937362 -0.430700 0.000000 0.000000 0.000000 1.000000
0.997743 0.053299 0.040853 -0.006600 -0.033997 0.925515 -0.377181 10.822600 -0.057914 0.374941 0.925238 -0.430700 0.000000 0.000000 0.000000 1.000000
0.994176 0.032653 0.102702 -0.006600 0.010224 0.920116 -0.391512 10.822600 -0.107282 0.390282 0.914424 -0.430700 0.000000 0.000000 0.000000 1.000000
0.990922 0.000328 0.134440 -0.006600 0.051798 0.921863 -0.384039 10.822600 -0.124061 0.387516 0.913477 -0.430700 0.000000 0.000000 0.000000 1.000000
0.984527 -0.028510 0.172898 -0.006600 0.091681 0.924664 -0.369581 10.822600 -0.149336 0.379714 0.912971 -0.430700 0.000000 0.000000 0.000000 1.000000
0.982591 -0.055555 0.177283 -0.006600 0.114514 0.932524 -0.342471 10.822600 -0.146294 0.356810 0.922651 -0.430700 0.000000 0.000000 0.000000 1.000000
0.981207 -0.079530 0.175807 -0.006600 0.133782 0.936964 -0.322801 10.822600 -0.139052 0.340254 0.929995 -0.430700 0.000000 0.000000 0.000000 1.000000
0.979675 -0.100356 0.173681 -0.006600 0.148503 0.944925 -0.291657 10.822600 -0.134846 0.311521 0.940623 -0.430700 0.000000 0.000000 0.000000 1.000000
0.981006 -0.107367 0.161554 -0.006600 0.146104 0.956819 -0.251299 10.822600 -0.127597 0.270130 0.954332 -0.430700 0.000000 0.000000 0.000000 1.000000
0.984434 -0.099243 0.145057 -0.006600 0.129199 0.968155 -0.214437 10.822600 -0.119156 0.229840 0.965906 -0.430700 0.000000 0.000000 0.000000 1.000000
0.988115 -0.078711 0.132038 -0.006600 0.103065 0.976522 -0.189162 10.822600 -0.114049 0.200522 0.973028 -0.430700 0.000000 0.000000 0.000000 1.000000
0.990665 -0.054379 0.124999 -0.006600 0.075866 0.981792 -0.174150 10.822600 -0.113253 0.182007 0.976753 -0.430700 0.000000 0.000000 0.000000 1.000000
0.991983 -0.029717 0.122828 -0.006600 0.049901 0.985084 -0.164682 10.822600 -0.116102 0.169491 0.978669 -0.430700 0.000000 0.000000 0.000000 1.000000
0.993057 -0.002723 0.117606 -0.006600 0.021491 0.987106 -0.158618 10.822600 -0.115657 0.160044 0.980311 -0.430700 0.000000 0.000000 0.000000 1.000000
0.993534 0.019185 0.111906 -0.006600 -0.001394 0.987608 -0.156937 10.822600 -0.113530 0.155766 0.981248 -0.430700 0.000000 0.000000 0.000000 1.000000
0.994018 0.030643 0.104826 -0.006600 -0.014222 0.987978 -0.153942 10.822600 -0.108283 0.151530 0.982504 -0.430700 0.000000 0.000000 0.000000 1.000000
0.994653 0.029810 0.098879 -0.006600 -0.015297 0.989400 -0.144405 10.822600 -0.102136 0.142120 0.984566 -0.430700 0.000000 0.000000 0.000000 1.000000
0.995006 0.024861 0.096672 -0.006600 -0.011653 0.990796 -0.134860 10.822600 -0.099135 0.133060 0.986138 -0.430700 0.000000 0.000000 0.000000 1.000000
0.994803 0.025053 0.098691 -0.006600 -0.011200 0.990300 -0.138496 10.822600 -0.101203 0.136670 0.985433 -0.430700 0.000000 0.000000 0.000000 1.000000
0.993962 0.031136 0.105216 -0.006600 -0.013328 0.986053 -0.165895 10.822600 -0.108914 0.163491 0.980514 -0.430700 0.000000 0.000000 0.000000 1.000000
0.992982 0.038114 0.111951 -0.006600 -0.014057 0.977971 -0.208266 10.822600 -0.117423 0.205230 0.971644 -0.430700 0.000000 0.000000 0.000000 1.000000
0.992196 0.044203 0.116589 -0.006600 -0.014143 0.968914 -0.246992 10.822600 -0.123883 0.243416 0.961978 -0.430700 0.000000 0.000000 0.000000 1.000000
0.991996 0.049406 0.116204 -0.006600 -0.016374 0.962836 -0.269589 10.822600 -0.125204 0.265528 0.955939 -0.430700 0.000000 0.000000 0.000000 1.000000
0.992408 0.050930 0.111952 -0.006600 -0.017844 0.960224 -0.278660 10.822600 -0.121691 0.274546 0.953843 -0.430700 0.000000 0.000000 0.000000 1.000000
0.993438 0.049023 0.103332 -0.006600 -0.017659 0.958392 -0.284907 10.822600 -0.113000 0.281213 0.952969 -0.430700 0.000000 0.000000 0.000000 1.000000
0.994311 0.043104 0.097402 -0.006600 -0.012337 0.954911 -0.296637 10.822600 -0.105796 0.293748 0.950010 -0.430700 0.000000 0.000000 0.000000 1.000000
0.994963 0.036795 0.093250 -0.006600 -0.005721 0.949528 -0.313629 10.822600 -0.100084 0.311516 0.944956 -0.430700 0.000000 0.000000 0.000000 1.000000
0.995196 0.033488 0.092001 -0.006600 -0.001180 0.943718 -0.330748 10.822600 -0.097900 0.329051 0.939224 -0.430700 0.000000 0.000000 0.000000 1.000000
0.995534 0.031953 0.088828 -0.006600 0.000846 0.937914 -0.346867 10.822600 -0.094396 0.345393 0.933699 -0.430700 0.000000 0.000000 0.000000 1.000000
0.996068 0.026825 0.084431 -0.006600 0.005460 0.932653 -0.360732 10.822600 -0.088422 0.359775 0.928840 -0.430700 0.000000 0.000000 0.000000 1.000000
0.996681 0.016445 0.079727 -0.006600 0.014322 0.928682 -0.370601 10.822600 -0.080135 0.370513 0.925364 -0.430700 0.000000 0.000000 0.000000 1.000000
0.997060 0.002099 0.076599 -0.006600 0.026744 0.927237 -0.373519 10.822600 -0.071809 0.374470 0.924454 -0.430700 0.000000 0.000000 0.000000 1.000000</float_array>
        <technique_common>
          <accessor source="#mixamorig_Spine-Matrix-animation-output-transform-array" count="66" stride="16">
            <param type="float4x4"/>
          </accessor>
        </technique_common>
      </source>
      <source id="mixamorig_Spine-Interpolations">
        <Name_array id="mixamorig_Spine-Interpolations-array" count="66">
 LINEAR LINEAR LINEAR LINEAR LINEAR LINEAR LINEAR LINEAR LINEAR LINEAR LINEAR
LINEAR LINEAR LINEAR LINEAR LINEAR LINEAR LINEAR LINEAR LINEAR LINEAR LINEAR LINEAR
LINEAR LINEAR LINEAR LINEAR LINEAR LINEAR LINEAR LINEAR LINEAR LINEAR LINEAR LINEAR
LINEAR LINEAR LINEAR LINEAR LINEAR LINEAR LINEAR LINEAR LINEAR LINEAR LINEAR LINEAR
LINEAR LINEAR LINEAR LINEAR LINEAR LINEAR LINEAR LINEAR LINEAR LINEAR LINEAR LINEAR
LINEAR LINEAR LINEAR LINEAR LINEAR LINEAR LINEAR</Name_array>
        <technique_common>
          <accessor source="#mixamorig_Spine-Interpolations-array" count="66">
            <param type="name"/>
          </accessor>
        </technique_common>
      </source>
      <sampler id="mixamorig_Spine-Matrix-animation-transform">
        <input semantic="INPUT" source="#mixamorig_Spine-Matrix-animation-input"/>
        <input semantic="OUTPUT" source="#mixamorig_Spine-Matrix-animation-output-transform"/>
        <input semantic="INTERPOLATION" source="#mixamorig_Spine-Interpolations"/>
      </sampler>
      <channel source="#mixamorig_Spine-Matrix-animation-transform" target="mixamorig_Spine/matrix"/>
    </animation>
    <animation id="mixamorig_Spine1-anim" name="mixamorig_Spine1">
      <source id="mixamorig_Spine1-Matrix-animation-input">
        <float_array id="mixamorig_Spine1-Matrix-animation-input-array" count="66">

0.000000 0.033333 0.066667 0.100000 0.133333 0.166667 0.200000 0.233333 0.266667 0.300000 0.333333 0.366667 0.400000 0.433333 0.466667 0.500000
0.533333 0.566667 0.600000 0.633333 0.666667 0.700000 0.733333 0.766667 0.800000 0.833333 0.866667 0.900000 0.933333 0.966667 1.000000 1.033333
1.066667 1.100000 1.133333 1.166667 1.200000 1.233333 1.266667 1.300000 1.333333 1.366667 1.400000 1.433333 1.466667 1.500000 1.533333 1.566667
1.600000 1.633333 1.666667 1.700000 1.733333 1.766667 1.800000 1.833333 1.866667 1.900000 1.933333 1.966667 2.000000 2.033333 2.066667 2.100000
2.133333 2.166667</float_array>
        <technique_common>
          <accessor source="#mixamorig_Spine1-Matrix-animation-input-array" count="66">
            <param name="TIME" type="float"/>
          </accessor>
        </technique_common>
      </source>
      <source id="mixamorig_Spine1-Matrix-animation-output-transform">
        <float_array id="mixamorig_Spine1-Matrix-animation-output-transform-array" count="1056">

0.996525 0.079471 0.024927 0.000000 -0.080117 0.996444 0.026107 12.655100 -0.022764 -0.028013 0.999348 0.000000 0.000000 0.000000 0.000000 1.000000
0.997006 0.064408 0.042777 0.000000 -0.065992 0.997145 0.036698 12.655100 -0.040292 -0.039411 0.998410 0.000000 0.000000 0.000000 0.000000 1.000000
0.997499 0.054242 0.045326 0.000000 -0.055287 0.998225 0.022121 12.655100 -0.044046 -0.024572 0.998727 0.000000 0.000000 0.000000 0.000000 1.000000
0.998478 0.033540 0.043773 -0.000000 -0.033379 0.999433 -0.004407 12.655100 -0.043896 0.002939 0.999032 0.000000 0.000000 0.000000 0.000000 1.000000
0.999203 0.005790 0.039498 0.000000 -0.004496 0.999453 -0.032767 12.655100 -0.039667 0.032563 0.998682 -0.000000 0.000000 0.000000 0.000000 1.000000
0.999213 -0.021939 0.033049 0.000000 0.023687 0.998288 -0.053486 12.655100 -0.031819 0.054227 0.998022 0.000000 0.000000 0.000000 0.000000 1.000000
0.998874 -0.038758 0.027367 0.000000 0.040545 0.996854 -0.068104 12.655100 -0.024641 0.069137 0.997303 -0.000000 0.000000 0.000000 0.000000 1.000000
0.998914 -0.040147 0.023647 0.000000 0.041824 0.996282 -0.075324 12.655100 -0.020535 0.076231 0.996879 0.000000 0.000000 0.000000 0.000000 1.000000
0.999187 -0.033875 0.021859 0.000000 0.035481 0.996336 -0.077820 12.655100 -0.019142 0.078532 0.996728 0.000000 0.000000 0.000000 0.000000 1.000000
0.999175 -0.032756 0.023986 0.000000 0.034535 0.996360 -0.077931 12.655100 -0.021346 0.078695 0.996670 0.000000 0.000000 0.000000 0.000000 1.000000
0.999411 -0.031114 0.014461 0.000000 0.032198 0.996110 -0.082024 12.655100 -0.011853 0.082442 0.996525 -0.000000 0.000000 0.000000 0.000000 1.000000
0.999512 -0.029893 -0.009025 0.000000 0.029004 0.995841 -0.086368 12.655100 0.011569 0.086064 0.996222 0.000000 0.000000 0.000000 0.000000 1.000000
0.998949 -0.032610 -0.032206 0.000000 0.029780 0.995958 -0.084738 12.655100 0.034840 0.083690 0.995883 0.000000 0.000000 0.000000 0.000000 1.000000
0.998952 -0.030859 -0.033802 0.000000 0.028388 0.997051 -0.071301 12.655100 0.035903 0.070266 0.996882 -0.000000 0.000000 0.000000 0.000000 1.000000
0.999758 -0.018817 -0.011364 -0.000000 0.018077 0.997907 -0.062087 12.655100 0.012508 0.061867 0.998006 0.000000 0.000000 0.000000 0.000000 1.000000
0.999810 -0.011237 0.015931 -0.000000 0.012113 0.998358 -0.055979 12.655100 -0.015276 0.056162 0.998305 0.000000 0.000000 0.000000 0.000000 1.000000
0.999734 -0.005071 0.022496 0.000000 0.006247 0.998601 -0.052508 12.655100 -0.022199 0.052634 0.998367 -0.000000 0.000000 0.000000 0.000000 1.000000
0.999725 0.004403 0.023012 0.000000 -0.003389 0.999028 -0.043947 12.655100 -0.023184 0.043857 0.998769 0.000000 0.000000 0.000000 0.000000 1.000000
0.999455 0.020350 0.026002 0.000000 -0.019467 0.999240 -0.033773 12.655100 -0.026669 0.033248 0.999091 0.000000 0.000000 0.000000 0.000000 1.000000
0.999002 0.033799 0.029198 -0.000000 -0.033341 0.999316 -0.016017 12.655100 -0.029719 0.015028 0.999445 0.000000 0.000000 0.000000 0.000000 1.000000
0.999022 0.039631 0.019630 -0.000000 -0.039442 0.999173 -0.009918 12.655100 -0.020006 0.009134 0.999758 0.000000 0.000000 0.000000 0.000000 1.000000
0.999319 0.036881 0.001402 0.000000 -0.036861 0.999241 -0.012618 12.655100 -0.001867 0.012558 0.999919 0.000000 0.000000 0.000000 0.000000 1.000000
0.999430 0.027028 -0.020209 0.000000 -0.027420 0.999437 -0.019349 12.655100 0.019674 0.019892 0.999609 -0.000000 0.000000 0.000000 0.000000 1.000000
0.999188 0.013441 -0.037991 -0.000000 -0.014285 0.999655 -0.022028 12.655100 0.037682 0.022553 0.999035 -0.000000 0.000000 0.000000 0.000000 1.000000
0.998813 -0.000266 -0.048706 0.000000 -0.000681 0.999811 -0.019425 12.655100 0.048702 0.019435 0.998624 0.000000 0.000000 0.000000 0.000000 1.000000
0.998483 -0.012719 -0.053580 0.000000 0.011915 0.999812 -0.015299 12.655100 0.053765 0.014638 0.998446 0.000000 0.000000 0.000000 0.000000 1.000000
0.998178 -0.024447 -0.055159 0.000000 0.023521 0.999572 -0.017387 12.655100 0.055560 0.016058 0.998326 0.000000 0.000000 0.000000 0.000000 1.000000
0.997813 -0.035269 -0.055910 0.000000 0.033741 0.999037 -0.028036 12.655100 0.056845 0.026088 0.998042 0.000000 0.000000 0.000000 0.000000 1.000000
0.997415 -0.046537 -0.054742 0.000000 0.044295 0.998157 -0.041474 12.655100 0.056571 0.038942 0.997639 0.000000 0.000000 0.000000 0.000000 1.000000
0.997604 -0.049029 -0.048815 0.000000 0.046405 0.997488 -0.053510 12.655100 0.051316 0.051117 0.997373 0.000000 0.000000 0.000000 0.000000 1.000000
0.998533 -0.039659 -0.036877 0.000000 0.037314 0.997364 -0.062224 12.655100 0.039247 0.060756 0.997381 0.000000 0.000000 0.000000 0.000000 1.000000
0.999525 -0.013420 -0.027727 0.000000 0.011411 0.997382 -0.071406 12.655100 0.028613 0.071056 0.997062 0.000000 0.000000 0.000000 0.000000 1.000000
0.999658 0.009328 -0.024434 0.000000 -0.011301 0.996578 -0.081886 12.655100 0.023587 0.082134 0.996342 0.000000 0.000000 0.000000 0.000000 1.000000
0.999685 0.021839 -0.012388 0.000000 -0.022992 0.994502 -0.102162 12.655100 0.010088 0.102415 0.994691 -0.000000 0.000000 0.000000 0.000000 1.000000
0.999505 0.028614 0.013052 0.000000 -0.026823 0.992261 -0.121241 12.655100 -0.016420 0.120831 0.992537 -0.000000 0.000000 0.000000 0.000000 1.000000
0.998551 0.027693 0.046133 0.000000 -0.020869 0.989598 -0.142339 12.655100 -0.049595 0.141170 0.988742 0.000000 0.000000 0.000000 0.000000 1.000000
0.997086 0.017089 0.074350 0.000000 -0.005594 0.988342 -0.152148 12.655100 -0.076084 0.151288 0.985557 0.000000 0.000000 0.000000 0.000000 1.000000
0.993971 0.001611 0.109634 0.000000 0.014442 0.989257 -0.145471 12.655100 -0.108691 0.146177 0.983269 -0.000000 0.000000 0.000000 0.000000 1.000000
0.992749 -0.013762 0.119417 0.000000 0.028205 0.992359 -0.120118 12.655100 -0.116852 0.122615 0.985551 0.000000 0.000000 0.000000 0.000000 1.000000
0.992171 -0.020751 0.123149 -0.000000 0.035040 0.992745 -0.115023 12.655100 -0.119869 0.118438 0.985700 -0.000000 0.000000 0.000000 0.000000 1.000000
0.992367 -0.026512 0.120440 0.000000 0.039722 0.993287 -0.108639 12.655100 -0.116751 0.112594 0.986758 0.000000 0.000000 0.000000 0.000000 1.000000
0.992982 -0.033992 0.113275 0.000000 0.045319 0.994058 -0.098971 12.655100 -0.109238 0.103409 0.988622 0.000000 0.000000 0.000000 0.000000 1.000000
0.993674 -0.038179 0.105612 0.000000 0.047500 0.995058 -0.087194 12.655100 -0.101761 0.091659 0.990577 0.000000 0.000000 0.000000 0.000000 1.000000
0.994690 -0.033151 0.097431 0.000000 0.040989 0.995985 -0.079586 12.655100 -0.094401 0.083157 0.992055 0.000000 0.000000 0.000000 0.000000 1.000000
0.995458 -0.024728 0.091935 0.000000 0.031781 0.996596 -0.076065 12.655100 -0.089741 0.078641 0.992856 0.000000 0.000000 0.000000 0.000000 1.000000
0.995815 -0.014674 0.090202 -0.000000 0.021443 0.996987 -0.074544 12.655100 -0.088837 0.076166 0.993130 -0.000000 0.000000 0.000000 0.000000 1.000000
0.995927 -0.002671 0.090120 0.000000 0.009434 0.997162 -0.074695 12.655100 -0.089665 0.075241 0.993126 0.000000 0.000000 0.000000 0.000000 1.000000
0.995769 0.007708 0.091570 0.000000 -0.000716 0.997096 -0.076149 12.655100 -0.091891 0.075761 0.992883 -0.000000 0.000000 0.000000 0.000000 1.000000
0.995848 0.017480 0.089336 0.000000 -0.010614 0.996993 -0.076762 12.655100 -0.090409 0.075495 0.993039 0.000000 0.000000 0.000000 0.000000 1.000000
0.996125 0.023079 0.084869 0.000000 -0.016509 0.996870 -0.077313 12.655100 -0.086388 0.075612 0.993388 0.000000 0.000000 0.000000 0.000000 1.000000
0.996437 0.024445 0.080716 0.000000 -0.018150 0.996801 -0.077829 12.655100 -0.082360 0.076087 0.993694 -0.000000 0.000000 0.000000 0.000000 1.000000
0.996607 0.022637 0.079137 -0.000000 -0.016621 0.996979 -0.075866 12.655100 -0.080616 0.074293 0.993973 0.000000 0.000000 0.000000 0.000000 1.000000
0.996463 0.020808 0.081421 0.000000 -0.014701 0.997083 -0.074896 12.655100 -0.082742 0.073434 0.993862 0.000000 0.000000 0.000000 0.000000 1.000000
0.995985 0.021833 0.086813 -0.000000 -0.014724 0.996548 -0.081703 12.655100 -0.088297 0.080097 0.992869 0.000000 0.000000 0.000000 0.000000 1.000000
0.995269 0.024019 0.094141 0.000000 -0.014603 0.994934 -0.099459 12.655100 -0.096053 0.097614 0.990578 0.000000 0.000000 0.000000 0.000000 1.000000
0.994677 0.024778 0.100021 0.000000 -0.012918 0.992985 -0.117533 12.655100 -0.102232 0.115616 0.988019 0.000000 0.000000 0.000000 0.000000 1.000000
0.994474 0.023784 0.102258 0.000000 -0.010824 0.992039 -0.125465 12.655100 -0.104428 0.123665 0.986814 0.000000 0.000000 0.000000 0.000000 1.000000
0.994944 0.021851 0.098030 0.000000 -0.009383 0.992000 -0.125887 12.655100 -0.099997 0.124331 0.987189 0.000000 0.000000 0.000000 0.000000 1.000000
0.995801 0.018918 0.089566 0.000000 -0.007470 0.991943 -0.126468 12.655100 -0.091237 0.125268 0.987919 -0.000000 0.000000 0.000000 0.000000 1.000000
0.996730 0.015035 0.079391 0.000000 -0.004909 0.991989 -0.126227 12.655100 -0.080653 0.125424 0.988819 0.000000 0.000000 0.000000 0.000000 1.000000
0.997405 0.013983 0.070617 0.000000 -0.005282 0.992525 -0.121930 12.655100 -0.071794 0.121241 0.990023 0.000000 0.000000 0.000000 0.000000 1.000000
0.997998 0.015796 0.061235 -0.000000 -0.008647 0.993294 -0.115289 12.655100 -0.062645 0.114529 0.991443 0.000000 0.000000 0.000000 0.000000 1.000000
0.998525 0.018478 0.051057 0.000000 -0.012915 0.994152 -0.107219 12.655100 -0.052739 0.106401 0.992924 0.000000 0.000000 0.000000 0.000000 1.000000
0.999013 0.019960 0.039685 -0.000000 -0.015940 0.994944 -0.099161 12.655100 -0.041464 0.098431 0.994280 -0.000000 0.000000 0.000000 0.000000 1.000000
0.999396 0.018768 0.029237 -0.000000 -0.016002 0.995619 -0.092122 12.655100 -0.030838 0.091598 0.995318 0.000000 0.000000 0.000000 0.000000 1.000000
0.999660 0.014781 0.021459 0.000000 -0.012827 0.995995 -0.088488 12.655100 -0.022681 0.088183 0.995846 0.000000 0.000000 0.000000 0.000000 1.000000</float_array>
        <technique_common>
          <accessor source="#mixamorig_Spine1-Matrix-animation-output-transform-array" count="66" stride="16">
            <param type="float4x4"/>
          </accessor>
        </technique_common>
      </source>
      <source id="mixamorig_Spine1-Interpolations">
        <Name_array id="mixamorig_Spine1-Interpolations-array" count="66">
 LINEAR LINEAR LINEAR LINEAR LINEAR LINEAR LINEAR LINEAR LINEAR LINEAR LINEAR
LINEAR LINEAR LINEAR LINEAR LINEAR LINEAR LINEAR LINEAR LINEAR LINEAR LINEAR LINEAR
LINEAR LINEAR LINEAR LINEAR LINEAR LINEAR LINEAR LINEAR LINEAR LINEAR LINEAR LINEAR
LINEAR LINEAR LINEAR LINEAR LINEAR LINEAR LINEAR LINEAR LINEAR LINEAR LINEAR LINEAR
LINEAR LINEAR LINEAR LINEAR LINEAR LINEAR LINEAR LINEAR LINEAR LINEAR LINEAR LINEAR
LINEAR LINEAR LINEAR LINEAR LINEAR LINEAR LINEAR</Name_array>
        <technique_common>
          <accessor source="#mixamorig_Spine1-Interpolations-array" count="66">
            <param type="name"/>
          </accessor>
        </technique_common>
      </source>
      <sampler id="mixamorig_Spine1-Matrix-animation-transform">
        <input semantic="INPUT" source="#mixamorig_Spine1-Matrix-animation-input"/>
        <input semantic="OUTPUT" source="#mixamorig_Spine1-Matrix-animation-output-transform"/>
        <input semantic="INTERPOLATION" source="#mixamorig_Spine1-Interpolations"/>
      </sampler>
      <channel source="#mixamorig_Spine1-Matrix-animation-transform" target="mixamorig_Spine1/matrix"/>
    </animation>
    <animation id="mixamorig_Spine2-anim" name="mixamorig_Spine2">
      <source id="mixamorig_Spine2-Matrix-animation-input">
        <float_array id="mixamorig_Spine2-Matrix-animation-input-array" count="66">

0.000000 0.033333 0.066667 0.100000 0.133333 0.166667 0.200000 0.233333 0.266667 0.300000 0.333333 0.366667 0.400000 0.433333 0.466667 0.500000
0.533333 0.566667 0.600000 0.633333 0.666667 0.700000 0.733333 0.766667 0.800000 0.833333 0.866667 0.900000 0.933333 0.966667 1.000000 1.033333
1.066667 1.100000 1.133333 1.166667 1.200000 1.233333 1.266667 1.300000 1.333333 1.366667 1.400000 1.433333 1.466667 1.500000 1.533333 1.566667
1.600000 1.633333 1.666667 1.700000 1.733333 1.766667 1.800000 1.833333 1.866667 1.900000 1.933333 1.966667 2.000000 2.033333 2.066667 2.100000
2.133333 2.166667</float_array>
        <technique_common>
          <accessor source="#mixamorig_Spine2-Matrix-animation-input-array" count="66">
            <param name="TIME" type="float"/>
          </accessor>
        </technique_common>
      </source>
      <source id="mixamorig_Spine2-Matrix-animation-output-transform">
        <float_array id="mixamorig_Spine2-Matrix-animation-output-transform-array" count="1056">

0.998380 0.056575 -0.006092 -0.000000 -0.056335 0.997827 0.034161 14.459700 0.008012 -0.033763 0.999398 0.000000 0.000000 0.000000 0.000000 1.000000
0.998961 0.043508 0.013559 0.000000 -0.044074 0.998027 0.044724 14.459700 -0.011586 -0.045275 0.998907 -0.000000 0.000000 0.000000 0.000000 1.000000
