<?xml version="1.0" encoding="utf-8"?>
<COLLADA xmlns="http://www.collada.org/2005/11/COLLADASchema" version="1.4.1">
  <asset>
    <contributor>
      <author>Mixamo</author>
      <authoring_tool>COLLADA Mixamo exporter</authoring_tool>
      <comments/>
    </contributor>
    <created>2024-12-02T02:20:24Z</created>
    <modified>2024-12-02T02:20:24Z</modified>
    <revision/>
    <title/>
    <unit meter="0.010000"/>
    <up_axis>Y_UP</up_axis>
  </asset>
  <library_animations>
    <animation id="mixamorig_Hips-anim" name="mixamorig_Hips">
      <source id="mixamorig_Hips-Matrix-animation-input">
        <float_array id="mixamorig_Hips-Matrix-animation-input-array" count="81">

0.000000 0.033333 0.066667 0.100000 0.133333 0.166667 0.200000 0.233333 0.266667 0.300000 0.333333 0.366667 0.400000 0.433333 0.466667 0.500000
0.533333 0.566667 0.600000 0.633333 0.666667 0.700000 0.733333 0.766667 0.800000 0.833333 0.866667 0.900000 0.933333 0.966667 1.000000 1.033333
1.066667 1.100000 1.133333 1.166667 1.200000 1.233333 1.266667 1.300000 1.333333 1.366667 1.400000 1.433333 1.466667 1.500000 1.533333 1.566667
1.600000 1.633333 1.666667 1.700000 1.733333 1.766667 1.800000 1.833333 1.866667 1.900000 1.933333 1.966667 2.000000 2.033333 2.066667 2.100000
2.133333 2.166667 2.200000 2.233333 2.266667 2.300000 2.333333 2.366667 2.400000 2.433333 2.466667 2.500000 2.533333 2.566667 2.600000 2.633333
2.666667</float_array>
        <technique_common>
          <accessor source="#mixamorig_Hips-Matrix-animation-input-array" count="81">
            <param name="TIME" type="float"/>
          </accessor>
        </technique_common>
      </source>
      <source id="mixamorig_Hips-Matrix-animation-output-transform">
        <float_array id="mixamorig_Hips-Matrix-animation-output-transform-array" count="1296">

0.882225 -0.061581 -0.466784 -0.745059 -0.092400 0.949486 -0.299898 99.795822 0.461673 0.307708 0.831970 2.070910 0.000000 0.000000 0.000000 1.000000
0.884617 -0.057436 -0.462768 -0.618478 -0.098026 0.947307 -0.304958 99.445236 0.455899 0.315134 0.832374 1.780210 0.000000 0.000000 0.000000 1.000000
0.883942 -0.057973 -0.463990 -0.548517 -0.103689 0.943279 -0.315395 98.994644 0.455956 0.326901 0.827792 1.068872 0.000000 0.000000 0.000000 1.000000
0.889938 -0.065049 -0.451419 -0.397091 -0.103234 0.935358 -0.338302 98.163918 0.444245 0.347670 0.825695 0.033975 0.000000 0.000000 0.000000 1.000000
0.897332 -0.076508 -0.434674 -0.368334 -0.101542 0.922654 -0.372019 96.472313 0.429517 0.377962 0.820159 -1.250745 0.000000 0.000000 0.000000 1.000000
0.903853 -0.094928 -0.417178 -0.270189 -0.090063 0.911012 -0.402426 94.090302 0.418256 0.401306 0.814871 -2.625117 0.000000 0.000000 0.000000 1.000000
0.906300 -0.111189 -0.407747 0.023524 -0.083502 0.898647 -0.430652 91.346718 0.414304 0.424348 0.805159 -3.776285 0.000000 0.000000 0.000000 1.000000
0.911737 -0.140640 -0.385948 0.207940 -0.055038 0.889265 -0.454068 87.503036 0.407070 0.435233 0.803036 -4.583394 0.000000 0.000000 0.000000 1.000000
0.919032 -0.148991 -0.364941 0.388381 -0.040881 0.884798 -0.464179 83.400368 0.392057 0.441514 0.807066 -4.827804 0.000000 0.000000 0.000000 1.000000
0.924730 -0.136952 -0.355133 0.315172 -0.016515 0.917711 -0.396906 80.696777 0.380266 0.372896 0.846373 -4.954906 0.000000 0.000000 0.000000 1.000000
0.918914 -0.116417 -0.376887 0.104205 0.012982 0.963865 -0.266076 78.319183 0.394244 0.239608 0.887220 -5.869298 0.000000 0.000000 0.000000 1.000000
0.929887 -0.095650 -0.355192 -0.126897 0.054159 0.990678 -0.124993 77.390335 0.363837 0.096993 0.926399 -6.886192 0.000000 0.000000 0.000000 1.000000
0.919073 -0.084393 -0.384944 -0.891627 0.097594 0.995116 0.014846 78.299477 0.381811 -0.051213 0.922820 -7.636687 0.000000 0.000000 0.000000 1.000000
0.918458 -0.057349 -0.391338 -1.997836 0.144038 0.969987 0.195906 82.344025 0.368357 -0.236299 0.899153 -7.555856 0.000000 0.000000 0.000000 1.000000
0.915861 -0.042381 -0.399251 -3.665738 0.200748 0.909524 0.363958 90.176796 0.347704 -0.413484 0.841506 -6.176760 0.000000 0.000000 0.000000 1.000000
0.925668 -0.009850 -0.378210 -6.076764 0.237196 0.793911 0.559860 101.100632 0.294750 -0.607954 0.737234 -5.206091 0.000000 0.000000 0.000000 1.000000
0.946807 0.022231 -0.321033 -8.493093 0.232256 0.643306 0.729530 112.034554 0.222740 -0.765286 0.603923 -4.831441 0.000000 0.000000 0.000000 1.000000
0.974383 0.015736 -0.224343 -10.319271 0.184041 0.517521 0.835644 120.558159 0.129252 -0.855526 0.501368 -7.636685 0.000000 0.000000 0.000000 1.000000
0.982622 0.023809 -0.184083 -11.919333 0.160740 0.386800 0.908047 127.997147 0.092823 -0.921856 0.376251 -12.801369 0.000000 0.000000 0.000000 1.000000
0.978988 0.037257 -0.200483 -13.416114 0.182935 0.273899 0.944200 133.722992 0.090090 -0.961036 0.261329 -18.749737 0.000000 0.000000 0.000000 1.000000
0.981684 0.047333 -0.184544 -14.456717 0.178798 0.105603 0.978202 138.554733 0.065790 -0.993281 0.095205 -24.945248 0.000000 0.000000 0.000000 1.000000
0.984643 0.061457 -0.163405 -15.204942 0.166605 -0.051129 0.984697 141.949707 0.052162 -0.996799 -0.060583 -31.344332 0.000000 0.000000 0.000000 1.000000
0.983632 0.092671 -0.154533 -15.775915 0.172801 -0.242065 0.954748 144.393295 0.051070 -0.965824 -0.254116 -37.555477 0.000000 0.000000 0.000000 1.000000
0.984323 0.120705 -0.128599 -16.097939 0.168363 -0.425815 0.889008 146.096497 0.052548 -0.896723 -0.439462 -44.869614 0.000000 0.000000 0.000000 1.000000
0.985373 0.148632 -0.083362 -16.372728 0.156341 -0.593801 0.789277 146.424255 0.067812 -0.790765 -0.608352 -53.108650 0.000000 0.000000 0.000000 1.000000
0.986035 0.156602 -0.056668 -16.493156 0.155741 -0.746550 0.646845 144.834717 0.058992 -0.646637 -0.760514 -61.849262 0.000000 0.000000 0.000000 1.000000
0.987554 0.156308 -0.017472 -16.765699 0.145047 -0.862143 0.485459 141.003342 0.060818 -0.481952 -0.874085 -71.408134 0.000000 0.000000 0.000000 1.000000
0.990632 0.135451 0.017340 -17.369656 0.122066 -0.935265 0.332233 135.168243 0.061219 -0.327004 -0.943038 -81.040352 0.000000 0.000000 0.000000 1.000000
0.994438 0.099504 0.034530 -18.084150 0.094002 -0.986353 0.135174 127.532455 0.047509 -0.131176 -0.990220 -90.374680 0.000000 0.000000 0.000000 1.000000
0.998028 0.055025 0.030219 -18.725077 0.056917 -0.996210 -0.065772 117.896019 0.026485 0.067363 -0.997377 -100.053795 0.000000 0.000000 0.000000 1.000000
0.999951 0.009805 -0.001626 -19.661421 0.009077 -0.967579 -0.252407 106.796577 -0.004048 0.252380 -0.967620 -109.545952 0.000000 0.000000 0.000000 1.000000
0.997727 -0.038197 -0.055509 -20.732594 -0.058501 -0.899816 -0.432330 93.764404 -0.033434 0.434595 -0.900005 -120.713516 0.000000 0.000000 0.000000 1.000000
0.989058 -0.079154 -0.124493 -21.913216 -0.138636 -0.787207 -0.600904 79.970856 -0.050438 0.611588 -0.789567 -132.582764 0.000000 0.000000 0.000000 1.000000
0.973674 -0.106200 -0.201694 -22.906780 -0.222529 -0.634601 -0.740110 65.856491 -0.049396 0.765508 -0.641527 -144.037903 0.000000 0.000000 0.000000 1.000000
0.954129 -0.115742 -0.276118 -23.433325 -0.297930 -0.458160 -0.837452 51.807472 -0.029578 0.881302 -0.471627 -153.706467 0.000000 0.000000 0.000000 1.000000
0.935062 -0.105915 -0.338291 -23.137564 -0.354482 -0.282654 -0.891319 37.694447 -0.001215 0.953357 -0.301844 -160.949799 0.000000 0.000000 0.000000 1.000000
0.913936 -0.082035 -0.397480 -22.149212 -0.405270 -0.131808 -0.904645 26.156809 0.021821 0.987875 -0.153711 -165.982971 0.000000 0.000000 0.000000 1.000000
0.891145 -0.060780 -0.449629 -20.827864 -0.451384 -0.018371 -0.892141 19.010780 0.045965 0.997982 -0.043807 -169.437592 0.000000 0.000000 0.000000 1.000000
0.875081 -0.058389 -0.480441 -19.514999 -0.478645 0.042532 -0.876978 15.344131 0.071640 0.997387 0.009271 -171.931076 0.000000 0.000000 0.000000 1.000000
0.874087 -0.075302 -0.479898 -17.771772 -0.480269 0.014290 -0.877005 15.990746 0.072898 0.997058 -0.023674 -173.362701 0.000000 0.000000 0.000000 1.000000
0.877399 -0.087735 -0.471670 -15.192744 -0.476331 -0.041969 -0.878264 18.923176 0.057259 0.995259 -0.078615 -175.263535 0.000000 0.000000 0.000000 1.000000
0.870632 -0.098448 -0.481984 -13.307342 -0.487585 -0.042678 -0.872032 19.570173 0.065280 0.994227 -0.085158 -178.183075 0.000000 0.000000 0.000000 1.000000
0.854089 -0.109223 -0.508530 -11.728839 -0.511462 0.001356 -0.859305 18.893974 0.094545 0.994016 -0.054706 -181.757507 0.000000 0.000000 0.000000 1.000000
0.840579 -0.119974 -0.528236 -10.345744 -0.528491 0.032314 -0.848324 17.563702 0.118847 0.992251 -0.036242 -185.257019 0.000000 0.000000 0.000000 1.000000
0.844631 -0.128274 -0.519754 -9.440914 -0.522402 0.014740 -0.852572 15.387163 0.117024 0.991629 -0.054561 -187.866470 0.000000 0.000000 0.000000 1.000000
0.858484 -0.136018 -0.494474 -9.017449 -0.498708 0.003377 -0.866764 13.906775 0.119565 0.990701 -0.064934 -189.431046 0.000000 0.000000 0.000000 1.000000
0.876845 -0.134895 -0.461462 -9.094234 -0.464415 0.010595 -0.885554 13.285882 0.124346 0.990803 -0.053357 -190.078781 0.000000 0.000000 0.000000 1.000000
0.895858 -0.129947 -0.424915 -9.299097 -0.425523 0.024454 -0.904617 13.256370 0.127943 0.991219 -0.033388 -190.291168 0.000000 0.000000 0.000000 1.000000
0.913785 -0.124047 -0.386794 -9.657194 -0.385075 0.038530 -0.922081 13.560279 0.129285 0.991528 -0.012559 -190.234924 0.000000 0.000000 0.000000 1.000000
0.929419 -0.118123 -0.349611 -10.161255 -0.346631 0.045569 -0.936894 13.985914 0.126600 0.991953 0.001408 -190.061203 0.000000 0.000000 0.000000 1.000000
0.941742 -0.112247 -0.317053 -10.961409 -0.315300 0.033513 -0.948400 14.600060 0.117081 0.993115 -0.003831 -189.644897 0.000000 0.000000 0.000000 1.000000
0.951204 -0.105826 -0.289849 -11.801769 -0.289508 0.018910 -0.956989 15.085691 0.106755 0.994205 -0.012650 -189.078003 0.000000 0.000000 0.000000 1.000000
0.958921 -0.104358 -0.263780 -12.384179 -0.264217 0.009866 -0.964413 15.157302 0.103246 0.994491 -0.018112 -188.648285 0.000000 0.000000 0.000000 1.000000
0.963337 -0.102952 -0.247754 -12.669550 -0.249381 -0.003044 -0.968401 14.869698 0.098944 0.994682 -0.028606 -188.164780 0.000000 0.000000 0.000000 1.000000
0.971902 -0.085472 -0.219318 -12.824279 -0.217551 0.029579 -0.975601 14.159216 0.089874 0.995901 0.010153 -187.392517 0.000000 0.000000 0.000000 1.000000
0.974295 -0.061962 -0.216589 -13.022489 -0.212376 0.068071 -0.974814 13.331917 0.075145 0.995755 0.053162 -186.672409 0.000000 0.000000 0.000000 1.000000
0.972651 -0.049519 -0.226931 -13.010368 -0.222781 0.077527 -0.971781 12.388674 0.065715 0.995760 0.064374 -186.183548 0.000000 0.000000 0.000000 1.000000
0.968532 -0.038699 -0.245862 -12.471989 -0.240988 0.101112 -0.965247 11.673429 0.062213 0.994122 0.088605 -186.123642 0.000000 0.000000 0.000000 1.000000
0.961583 -0.030178 -0.272849 -12.260045 -0.266142 0.141090 -0.953552 11.677153 0.067272 0.989537 0.127638 -186.277618 0.000000 0.000000 0.000000 1.000000
0.937333 -0.055983 -0.343908 -12.817619 -0.326869 0.200567 -0.923542 13.382245 0.120679 0.978079 0.169699 -187.754135 0.000000 0.000000 0.000000 1.000000
0.889296 -0.107786 -0.444449 -13.005474 -0.412559 0.230296 -0.881339 17.685324 0.197350 0.967133 0.160333 -189.469055 0.000000 0.000000 0.000000 1.000000
0.879574 -0.122017 -0.459849 -13.082495 -0.417975 0.263517 -0.869400 23.580450 0.227259 0.956907 0.180783 -191.207733 0.000000 0.000000 0.000000 1.000000
0.904234 -0.144070 -0.402002 -13.082141 -0.363938 0.232497 -0.901939 31.330030 0.223406 0.961867 0.157799 -192.981049 0.000000 0.000000 0.000000 1.000000
0.930631 -0.180746 -0.318209 -13.484495 -0.288754 0.171518 -0.941914 39.550682 0.224826 0.968459 0.107429 -193.986557 0.000000 0.000000 0.000000 1.000000
0.952061 -0.221045 -0.211469 -13.868030 -0.196032 0.089843 -0.976473 47.940430 0.234843 0.971117 0.042204 -194.605179 0.000000 0.000000 0.000000 1.000000
0.955124 -0.276779 -0.105507 -13.840467 -0.095963 0.047844 -0.994234 56.536182 0.280231 0.959742 0.019137 -194.282013 0.000000 0.000000 0.000000 1.000000
0.938571 -0.344606 -0.018192 -13.137370 -0.017507 0.005101 -0.999834 64.260094 0.344641 0.938734 -0.001245 -194.630234 0.000000 0.000000 0.000000 1.000000
0.914424 -0.404653 0.009164 -12.939424 0.038205 0.063751 -0.997234 70.025284 0.402950 0.912245 0.073755 -195.472382 0.000000 0.000000 0.000000 1.000000
0.900374 -0.434251 0.027421 -12.353247 0.093950 0.132488 -0.986722 74.321671 0.424852 0.890995 0.160087 -195.518951 0.000000 0.000000 0.000000 1.000000
0.883788 -0.465152 0.050525 -11.303780 0.148954 0.177347 -0.972811 76.927834 0.443544 0.867284 0.226023 -195.492172 0.000000 0.000000 0.000000 1.000000
0.866041 -0.498632 0.036596 -10.354892 0.198981 0.276595 -0.940161 78.792778 0.458672 0.821499 0.338760 -194.959381 0.000000 0.000000 0.000000 1.000000
0.843381 -0.537286 -0.005700 -9.317252 0.208941 0.337711 -0.917766 78.764427 0.495028 0.772836 0.397080 -193.879105 0.000000 0.000000 0.000000 1.000000
0.819551 -0.570557 -0.052933 -7.920656 0.196711 0.366909 -0.909221 78.345665 0.538184 0.734740 0.412935 -193.905563 0.000000 0.000000 0.000000 1.000000
0.792638 -0.600774 -0.103903 -6.639515 0.169008 0.380247 -0.909312 77.150063 0.585800 0.703195 0.402934 -193.925018 0.000000 0.000000 0.000000 1.000000
0.764156 -0.626024 -0.155432 -5.402933 0.136424 0.392373 -0.909633 75.375839 0.630439 0.673897 0.385239 -193.858978 0.000000 0.000000 0.000000 1.000000
0.738153 -0.642813 -0.204747 -4.258812 0.112716 0.416740 -0.902011 73.488121 0.665151 0.642744 0.380073 -193.984177 0.000000 0.000000 0.000000 1.000000
0.719134 -0.646672 -0.254287 -3.454990 0.100096 0.458537 -0.883020 70.802177 0.687624 0.609557 0.394479 -194.527908 0.000000 0.000000 0.000000 1.000000
0.700660 -0.644053 -0.307037 -2.972701 0.086298 0.503666 -0.859577 68.948708 0.708257 0.575775 0.408479 -195.444977 0.000000 0.000000 0.000000 1.000000
0.692068 -0.636389 -0.340663 -2.890590 0.083679 0.539491 -0.837823 67.840973 0.716966 0.551323 0.426617 -196.716125 0.000000 0.000000 0.000000 1.000000
0.695168 -0.620452 -0.363017 -3.185006 0.085738 0.572958 -0.815088 67.009445 0.713716 0.535498 0.451498 -198.083237 0.000000 0.000000 0.000000 1.000000
0.704811 -0.595957 -0.384808 -3.683664 0.086975 0.610948 -0.786879 66.433731 0.704043 0.521132 0.482436 -199.602051 0.000000 0.000000 0.000000 1.000000</float_array>
        <technique_common>
          <accessor source="#mixamorig_Hips-Matrix-animation-output-transform-array" count="81" stride="16">
            <param type="float4x4"/>
          </accessor>
        </technique_common>
      </source>
      <source id="mixamorig_Hips-Interpolations">
        <Name_array id="mixamorig_Hips-Interpolations-array" count="81">
 LINEAR LINEAR LINEAR LINEAR LINEAR LINEAR LINEAR LINEAR LINEAR LINEAR LINEAR
LINEAR LINEAR LINEAR LINEAR LINEAR LINEAR LINEAR LINEAR LINEAR LINEAR LINEAR LINEAR
LINEAR LINEAR LINEAR LINEAR LINEAR LINEAR LINEAR LINEAR LINEAR LINEAR LINEAR LINEAR
LINEAR LINEAR LINEAR LINEAR LINEAR LINEAR LINEAR LINEAR LINEAR LINEAR LINEAR LINEAR
LINEAR LINEAR LINEAR LINEAR LINEAR LINEAR LINEAR LINEAR LINEAR LINEAR LINEAR LINEAR
LINEAR LINEAR LINEAR LINEAR LINEAR LINEAR LINEAR LINEAR LINEAR LINEAR LINEAR LINEAR
LINEAR LINEAR LINEAR LINEAR LINEAR LINEAR LINEAR LINEAR LINEAR LINEAR</Name_array>
        <technique_common>
          <accessor source="#mixamorig_Hips-Interpolations-array" count="81">
            <param type="name"/>
          </accessor>
        </technique_common>
      </source>
      <sampler id="mixamorig_Hips-Matrix-animation-transform">
        <input semantic="INPUT" source="#mixamorig_Hips-Matrix-animation-input"/>
        <input semantic="OUTPUT" source="#mixamorig_Hips-Matrix-animation-output-transform"/>
        <input semantic="INTERPOLATION" source="#mixamorig_Hips-Interpolations"/>
      </sampler>
      <channel source="#mixamorig_Hips-Matrix-animation-transform" target="mixamorig_Hips/matrix"/>
    </animation>
    <animation id="mixamorig_Spine-anim" name="mixamorig_Spine">
      <source id="mixamorig_Spine-Matrix-animation-input">
        <float_array id="mixamorig_Spine-Matrix-animation-input-array" count="81">

0.000000 0.033333 0.066667 0.100000 0.133333 0.166667 0.200000 0.233333 0.266667 0.300000 0.333333 0.366667 0.400000 0.433333 0.466667 0.500000
0.533333 0.566667 0.600000 0.633333 0.666667 0.700000 0.733333 0.766667 0.800000 0.833333 0.866667 0.900000 0.933333 0.966667 1.000000 1.033333
1.066667 1.100000 1.133333 1.166667 1.200000 1.233333 1.266667 1.300000 1.333333 1.366667 1.400000 1.433333 1.466667 1.500000 1.533333 1.566667
1.600000 1.633333 1.666667 1.700000 1.733333 1.766667 1.800000 1.833333 1.866667 1.900000 1.933333 1.966667 2.000000 2.033333 2.066667 2.100000
2.133333 2.166667 2.200000 2.233333 2.266667 2.300000 2.333333 2.366667 2.400000 2.433333 2.466667 2.500000 2.533333 2.566667 2.600000 2.633333
2.666667</float_array>
        <technique_common>
          <accessor source="#mixamorig_Spine-Matrix-animation-input-array" count="81">
            <param name="TIME" type="float"/>
          </accessor>
        </technique_common>
      </source>
      <source id="mixamorig_Spine-Matrix-animation-output-transform">
        <float_array id="mixamorig_Spine-Matrix-animation-output-transform-array" count="1296">

0.999803 -0.006936 -0.018589 -0.006600 0.006186 0.999176 -0.040109 10.822600 0.018851 0.039986 0.999022 -0.430700 0.000000 0.000000 0.000000 1.000000
0.999802 -0.007810 -0.018329 -0.006600 0.007106 0.999246 -0.038166 10.822600 0.018614 0.038028 0.999103 -0.430700 0.000000 0.000000 0.000000 1.000000
0.999817 -0.010506 -0.015959 -0.006600 0.009915 0.999280 -0.036626 10.822600 0.016332 0.036461 0.999202 -0.430700 0.000000 0.000000 0.000000 1.000000
0.999796 -0.012768 -0.015627 -0.006600 0.012203 0.999287 -0.035728 10.822600 0.016072 0.035531 0.999239 -0.430700 0.000000 0.000000 0.000000 1.000000
0.999816 -0.011993 -0.014982 -0.006600 0.011464 0.999325 -0.034907 10.822600 0.015391 0.034729 0.999278 -0.430700 0.000000 0.000000 0.000000 1.000000
0.999849 -0.009333 -0.014642 -0.006600 0.008793 0.999294 -0.036534 10.822600 0.014972 0.036400 0.999225 -0.430700 0.000000 0.000000 0.000000 1.000000
0.999896 -0.010450 -0.009935 -0.006600 0.010061 0.999208 -0.038495 10.822600 0.010329 0.038391 0.999209 -0.430700 0.000000 0.000000 0.000000 1.000000
0.999951 -0.008143 -0.005660 -0.006600 0.007921 0.999243 -0.038100 10.822600 0.005966 0.038053 0.999258 -0.430700 0.000000 0.000000 0.000000 1.000000
0.999941 -0.010664 0.001994 -0.006600 0.010728 0.999326 -0.035096 10.822600 -0.001619 0.035116 0.999382 -0.430700 0.000000 0.000000 0.000000 1.000000
0.999753 -0.015755 0.015649 -0.006600 0.016448 0.998843 -0.045186 10.822600 -0.014919 0.045432 0.998856 -0.430700 0.000000 0.000000 0.000000 1.000000
0.999599 -0.016050 0.023337 -0.006600 0.017144 0.998726 -0.047451 10.822600 -0.022545 0.047832 0.998601 -0.430700 0.000000 0.000000 0.000000 1.000000
0.999172 -0.033924 0.022466 -0.006600 0.034767 0.998664 -0.038224 10.822600 -0.021140 0.038974 0.999017 -0.430700 0.000000 0.000000 0.000000 1.000000
0.998906 -0.037977 0.027298 -0.006600 0.038641 0.998960 -0.024197 10.822600 -0.026351 0.025225 0.999334 -0.430700 0.000000 0.000000 0.000000 1.000000
0.998453 -0.048439 0.027302 -0.006600 0.048964 0.998622 -0.018896 10.822600 -0.026349 0.020204 0.999449 -0.430700 0.000000 0.000000 0.000000 1.000000
0.998672 -0.048552 0.017259 -0.006600 0.048411 0.998791 0.008502 10.822600 -0.017651 -0.007655 0.999815 -0.430700 0.000000 0.000000 0.000000 1.000000
0.999321 -0.034923 0.011719 -0.006600 0.034695 0.999215 0.019136 10.822600 -0.012378 -0.018716 0.999748 -0.430700 0.000000 0.000000 0.000000 1.000000
0.999616 -0.027676 0.001542 -0.006600 0.027624 0.999258 0.026834 10.822600 -0.002283 -0.026781 0.999639 -0.430700 0.000000 0.000000 0.000000 1.000000
0.999881 -0.015431 -0.000729 -0.006600 0.015448 0.998986 0.042282 10.822600 0.000076 -0.042288 0.999105 -0.430700 0.000000 0.000000 0.000000 1.000000
0.999897 -0.010600 0.009687 -0.006600 0.010069 0.998526 0.053334 10.822600 -0.010238 -0.053231 0.998530 -0.430700 0.000000 0.000000 0.000000 1.000000
0.999824 -0.003359 0.018475 -0.006600 0.002095 0.997683 0.067996 10.822600 -0.018660 -0.067946 0.997515 -0.430700 0.000000 0.000000 0.000000 1.000000
0.999742 -0.004874 0.022200 -0.006600 0.003312 0.997550 0.069882 10.822600 -0.022486 -0.069790 0.997308 -0.430700 0.000000 0.000000 0.000000 1.000000
0.999575 -0.006629 0.028403 -0.006600 0.004574 0.997407 0.071826 10.822600 -0.028805 -0.071666 0.997013 -0.430700 0.000000 0.000000 0.000000 1.000000
0.999528 -0.024151 0.018970 -0.006600 0.022831 0.997494 0.066965 10.822600 -0.020540 -0.066500 0.997575 -0.430700 0.000000 0.000000 0.000000 1.000000
0.998989 -0.044621 0.005440 -0.006600 0.044160 0.996791 0.066759 10.822600 -0.008401 -0.066451 0.997754 -0.430700 0.000000 0.000000 0.000000 1.000000
0.997705 -0.066659 -0.011879 -0.006600 0.067299 0.995562 0.065775 10.822600 0.007442 -0.066424 0.997764 -0.430700 0.000000 0.000000 0.000000 1.000000
0.996108 -0.084011 -0.026665 -0.006600 0.085571 0.994270 0.064062 10.822600 0.021130 -0.066094 0.997590 -0.430700 0.000000 0.000000 0.000000 1.000000
0.994325 -0.096713 -0.044315 -0.006600 0.099333 0.993163 0.061322 10.822600 0.038081 -0.065376 0.997134 -0.430700 0.000000 0.000000 0.000000 1.000000
0.993099 -0.100293 -0.060788 -0.006600 0.104054 0.992623 0.062230 10.822600 0.054098 -0.068126 0.996209 -0.430700 0.000000 0.000000 0.000000 1.000000
0.992222 -0.100592 -0.073332 -0.006600 0.104690 0.993019 0.054350 10.822600 0.067352 -0.061604 0.995826 -0.430700 0.000000 0.000000 0.000000 1.000000
0.991924 -0.098635 -0.079732 -0.006600 0.102680 0.993540 0.048331 10.822600 0.074450 -0.056127 0.995644 -0.430700 0.000000 0.000000 0.000000 1.000000
0.992618 -0.092209 -0.078785 -0.006600 0.096008 0.994323 0.045867 10.822600 0.074108 -0.053092 0.995836 -0.430700 0.000000 0.000000 0.000000 1.000000
0.994000 -0.088027 -0.064919 -0.006600 0.090749 0.995061 0.040230 10.822600 0.061057 -0.045880 0.997079 -0.430700 0.000000 0.000000 0.000000 1.000000
0.995300 -0.084305 -0.047641 -0.006600 0.085955 0.995729 0.033705 10.822600 0.044597 -0.037642 0.998296 -0.430700 0.000000 0.000000 0.000000 1.000000
0.996460 -0.078183 -0.030907 -0.006600 0.079055 0.996474 0.028094 10.822600 0.028601 -0.030438 0.999127 -0.430700 0.000000 0.000000 0.000000 1.000000
0.997710 -0.065080 -0.018429 -0.006600 0.065545 0.997514 0.025875 10.822600 0.016700 -0.027023 0.999495 -0.430700 0.000000 0.000000 0.000000 1.000000
0.998448 -0.053999 -0.013600 -0.006600 0.054309 0.998247 0.023516 10.822600 0.012306 -0.024218 0.999631 -0.430700 0.000000 0.000000 0.000000 1.000000
0.998279 -0.058571 -0.002750 -0.006600 0.058613 0.998098 0.019084 10.822600 0.001627 -0.019212 0.999814 -0.430700 0.000000 0.000000 0.000000 1.000000
0.997825 -0.063638 0.017186 -0.006600 0.063402 0.997891 0.013941 10.822600 -0.018037 -0.012821 0.999755 -0.430700 0.000000 0.000000 0.000000 1.000000
0.997644 -0.059633 0.033905 -0.006600 0.059390 0.998202 0.008134 10.822600 -0.034329 -0.006101 0.999392 -0.430700 0.000000 0.000000 0.000000 1.000000
0.997574 -0.056556 0.040580 -0.006600 0.056513 0.998399 0.002200 10.822600 -0.040639 0.000099 0.999174 -0.430700 0.000000 0.000000 0.000000 1.000000
0.996756 -0.068055 0.042954 -0.006600 0.068240 0.997665 -0.002851 10.822600 -0.042660 0.005773 0.999073 -0.430700 0.000000 0.000000 0.000000 1.000000
0.995948 -0.077257 0.046030 -0.006600 0.077675 0.996952 -0.007355 10.822600 -0.045322 0.010901 0.998913 -0.430700 0.000000 0.000000 0.000000 1.000000
0.995246 -0.084175 0.048996 -0.006600 0.084809 0.996337 -0.011001 10.822600 -0.047891 0.015104 0.998738 -0.430700 0.000000 0.000000 0.000000 1.000000
0.995027 -0.086810 0.048841 -0.006600 0.087260 0.996160 -0.007153 10.822600 -0.048032 0.011379 0.998781 -0.430700 0.000000 0.000000 0.000000 1.000000
0.994956 -0.087382 0.049257 -0.006600 0.087461 0.996168 0.000547 10.822600 -0.049116 0.003764 0.998786 -0.430700 0.000000 0.000000 0.000000 1.000000
0.994813 -0.087576 0.051743 -0.006600 0.087887 0.996123 -0.003747 10.822600 -0.051214 0.008275 0.998653 -0.430700 0.000000 0.000000 0.000000 1.000000
0.994859 -0.085824 0.053757 -0.006600 0.086840 0.996080 -0.016841 10.822600 -0.052101 0.021423 0.998412 -0.430700 0.000000 0.000000 0.000000 1.000000
0.994941 -0.087206 0.049880 -0.006600 0.088287 0.995896 -0.019894 10.822600 -0.047941 0.024197 0.998557 -0.430700 0.000000 0.000000 0.000000 1.000000
0.995065 -0.089065 0.043742 -0.006600 0.089959 0.995766 -0.018906 10.822600 -0.041873 0.022747 0.998864 -0.430700 0.000000 0.000000 0.000000 1.000000
0.995174 -0.090745 0.037350 -0.006600 0.091399 0.995683 -0.016179 10.822600 -0.035720 0.019514 0.999171 -0.430700 0.000000 0.000000 0.000000 1.000000
0.995355 -0.090597 0.032578 -0.006600 0.091091 0.995744 -0.014028 10.822600 -0.031168 0.016931 0.999371 -0.430700 0.000000 0.000000 0.000000 1.000000
0.995615 -0.087513 0.033052 -0.006600 0.087939 0.996058 -0.011662 10.822600 -0.031901 0.014518 0.999386 -0.430700 0.000000 0.000000 0.000000 1.000000
0.995598 -0.086580 0.035884 -0.006600 0.086972 0.996165 -0.009519 10.822600 -0.034922 0.012598 0.999311 -0.430700 0.000000 0.000000 0.000000 1.000000
0.995382 -0.088379 0.037462 -0.006600 0.088600 0.996058 -0.004267 10.822600 -0.036937 0.007566 0.999289 -0.430700 0.000000 0.000000 0.000000 1.000000
0.994652 -0.097912 0.032885 -0.006600 0.098095 0.995169 -0.003984 10.822600 -0.032336 0.007188 0.999451 -0.430700 0.000000 0.000000 0.000000 1.000000
0.993499 -0.110891 0.025742 -0.006600 0.111075 0.993795 -0.005836 10.822600 -0.024935 0.008657 0.999652 -0.430700 0.000000 0.000000 0.000000 1.000000
0.992236 -0.122169 0.023293 -0.006600 0.122114 0.992509 0.003755 10.822600 -0.023577 -0.000881 0.999722 -0.430700 0.000000 0.000000 0.000000 1.000000
0.990249 -0.138135 0.018054 -0.006600 0.137864 0.990330 0.015482 10.822600 -0.020018 -0.012842 0.999717 -0.430700 0.000000 0.000000 0.000000 1.000000
0.988230 -0.152793 0.007443 -0.006600 0.152598 0.988042 0.022081 10.822600 -0.010727 -0.020685 0.999728 -0.430700 0.000000 0.000000 0.000000 1.000000
0.989614 -0.143725 0.002817 -0.006600 0.143667 0.989510 0.015147 10.822600 -0.004964 -0.014585 0.999881 -0.430700 0.000000 0.000000 0.000000 1.000000
0.992132 -0.124614 0.012087 -0.006600 0.124510 0.992177 0.009073 10.822600 -0.013123 -0.007496 0.999886 -0.430700 0.000000 0.000000 0.000000 1.000000
0.993581 -0.112890 0.007286 -0.006600 0.112933 0.993586 -0.005771 10.822600 -0.006588 0.006557 0.999957 -0.430700 0.000000 0.000000 0.000000 1.000000
0.993440 -0.114220 0.005497 -0.006600 0.114304 0.993266 -0.018887 10.822600 -0.003303 0.019391 0.999807 -0.430700 0.000000 0.000000 0.000000 1.000000
0.996086 -0.087772 0.010406 -0.006600 0.088000 0.995831 -0.024027 10.822600 -0.008253 0.024849 0.999657 -0.430700 0.000000 0.000000 0.000000 1.000000
0.998370 -0.053621 0.019572 -0.006600 0.054120 0.998198 -0.025912 10.822600 -0.018147 0.026929 0.999473 -0.430700 0.000000 0.000000 0.000000 1.000000
0.999650 -0.016299 0.020834 -0.006600 0.017130 0.999040 -0.040325 10.822600 -0.020157 0.040668 0.998969 -0.430700 0.000000 0.000000 0.000000 1.000000
0.999838 0.012807 0.012636 -0.006600 -0.012213 0.998865 -0.046046 10.822600 -0.013211 0.045884 0.998859 -0.430700 0.000000 0.000000 0.000000 1.000000
0.999123 0.040850 0.009233 -0.006600 -0.040123 0.996837 -0.068598 10.822600 -0.012006 0.068167 0.997602 -0.430700 0.000000 0.000000 0.000000 1.000000
0.999053 0.041954 0.011525 -0.006600 -0.040827 0.995549 -0.084942 10.822600 -0.015037 0.084391 0.996319 -0.430700 0.000000 0.000000 0.000000 1.000000
0.999139 0.041341 0.003408 -0.006600 -0.040900 0.995512 -0.085335 10.822600 -0.006920 0.085122 0.996346 -0.430700 0.000000 0.000000 0.000000 1.000000
0.998948 0.045520 0.005518 -0.006600 -0.044743 0.993996 -0.099855 10.822600 -0.010030 0.099503 0.994987 -0.430700 0.000000 0.000000 0.000000 1.000000
0.998627 0.051559 0.009281 -0.006600 -0.050329 0.993384 -0.103228 10.822600 -0.014542 0.102619 0.994614 -0.430700 0.000000 0.000000 0.000000 1.000000
0.998527 0.052579 0.013424 -0.006600 -0.051036 0.993979 -0.096956 10.822600 -0.018441 0.096128 0.995198 -0.430700 0.000000 0.000000 0.000000 1.000000
0.998417 0.052335 0.020598 -0.006600 -0.050397 0.995070 -0.085419 10.822600 -0.024967 0.084246 0.996132 -0.430700 0.000000 0.000000 0.000000 1.000000
0.998285 0.050188 0.030142 -0.006600 -0.047879 0.996185 -0.072960 10.822600 -0.033689 0.071392 0.996879 -0.430700 0.000000 0.000000 0.000000 1.000000
0.998214 0.044476 0.039891 -0.006600 -0.041873 0.997079 -0.063876 10.822600 -0.042615 0.062091 0.997160 -0.430700 0.000000 0.000000 0.000000 1.000000
0.998169 0.035180 0.049198 -0.006600 -0.032198 0.997671 -0.060135 10.822600 -0.051199 0.058441 0.996977 -0.430700 0.000000 0.000000 0.000000 1.000000
0.997952 0.036770 0.052344 -0.006600 -0.033535 0.997549 -0.061410 10.822600 -0.054474 0.059529 0.996739 -0.430700 0.000000 0.000000 0.000000 1.000000
0.998015 0.035846 0.051777 -0.006600 -0.032632 0.997564 -0.061651 10.822600 -0.053861 0.059839 0.996754 -0.430700 0.000000 0.000000 0.000000 1.000000
0.998107 0.035830 0.049993 -0.006600 -0.032646 0.997472 -0.063113 10.822600 -0.052128 0.061362 0.996753 -0.430700 0.000000 0.000000 0.000000 1.000000
0.998289 0.034662 0.047095 -0.006600 -0.031455 0.997243 -0.067214 10.822600 -0.049295 0.065617 0.996626 -0.430700 0.000000 0.000000 0.000000 1.000000</float_array>
        <technique_common>
          <accessor source="#mixamorig_Spine-Matrix-animation-output-transform-array" count="81" stride="16">
            <param type="float4x4"/>
          </accessor>
        </technique_common>
      </source>
      <source id="mixamorig_Spine-Interpolations">
        <Name_array id="mixamorig_Spine-Interpolations-array" count="81">
 LINEAR LINEAR LINEAR LINEAR LINEAR LINEAR LINEAR LINEAR LINEAR LINEAR LINEAR
LINEAR LINEAR LINEAR LINEAR LINEAR LINEAR LINEAR LINEAR LINEAR LINEAR LINEAR LINEAR
LINEAR LINEAR LINEAR LINEAR LINEAR LINEAR LINEAR LINEAR LINEAR LINEAR LINEAR LINEAR
LINEAR LINEAR LINEAR LINEAR LINEAR LINEAR LINEAR LINEAR LINEAR LINEAR LINEAR LINEAR
LINEAR LINEAR LINEAR LINEAR LINEAR LINEAR LINEAR LINEAR LINEAR LINEAR LINEAR LINEAR
LINEAR LINEAR LINEAR LINEAR LINEAR LINEAR LINEAR LINEAR LINEAR LINEAR LINEAR LINEAR
LINEAR LINEAR LINEAR LINEAR LINEAR LINEAR LINEAR LINEAR LINEAR LINEAR</Name_array>
        <technique_common>
          <accessor source="#mixamorig_Spine-Interpolations-array" count="81">
            <param type="name"/>
          </accessor>
        </technique_common>
      </source>
      <sampler id="mixamorig_Spine-Matrix-animation-transform">
        <input semantic="INPUT" source="#mixamorig_Spine-Matrix-animation-input"/>
        <input semantic="OUTPUT" source="#mixamorig_Spine-Matrix-animation-output-transform"/>
        <input semantic="INTERPOLATION" source="#mixamorig_Spine-Interpolations"/>
      </sampler>
      <channel source="#mixamorig_Spine-Matrix-animation-transform" target="mixamorig_Spine/matrix"/>
    </animation>
    <animation id="mixamorig_Spine1-anim" name="mixamorig_Spine1">
      <source id="mixamorig_Spine1-Matrix-animation-input">
        <float_array id="mixamorig_Spine1-Matrix-animation-input-array" count="81">

0.000000 0.033333 0.066667 0.100000 0.133333 0.166667 0.200000 0.233333 0.266667 0.300000 0.333333 0.366667 0.400000 0.433333 0.466667 0.500000
0.533333 0.566667 0.600000 0.633333 0.666667 0.700000 0.733333 0.766667 0.800000 0.833333 0.866667 0.900000 0.933333 0.966667 1.000000 1.033333
1.066667 1.100000 1.133333 1.166667 1.200000 1.233333 1.266667 1.300000 1.333333 1.366667 1.400000 1.433333 1.466667 1.500000 1.533333 1.566667
1.600000 1.633333 1.666667 1.700000 1.733333 1.766667 1.800000 1.833333 1.866667 1.900000 1.933333 1.966667 2.000000 2.033333 2.066667 2.100000
2.133333 2.166667 2.200000 2.233333 2.266667 2.300000 2.333333 2.366667 2.400000 2.433333 2.466667 2.500000 2.533333 2.566667 2.600000 2.633333
2.666667</float_array>
        <technique_common>
          <accessor source="#mixamorig_Spine1-Matrix-animation-input-array" count="81">
            <param name="TIME" type="float"/>
          </accessor>
        </technique_common>
      </source>
      <source id="mixamorig_Spine1-Matrix-animation-output-transform">
        <float_array id="mixamorig_Spine1-Matrix-animation-output-transform-array" count="1296">

0.998019 0.028439 -0.056123 -0.000000 -0.036257 0.988969 -0.143616 12.655100 0.051420 0.145367 0.988041 -0.000000 0.000000 0.000000 0.000000 1.000000
0.998113 0.025929 -0.055667 -0.000000 -0.033519 0.989573 -0.140075 12.655100 0.051455 0.141677 0.988575 0.000000 0.000000 0.000000 0.000000 1.000000
0.998154 0.026617 -0.054593 0.000000 -0.033893 0.989989 -0.137016 12.655100 0.050400 0.138613 0.989063 -0.000000 0.000000 0.000000 0.000000 1.000000
0.997878 0.026735 -0.059370 -0.000000 -0.034569 0.990229 -0.135100 12.655100 0.055178 0.136866 0.989052 -0.000000 0.000000 0.000000 0.000000 1.000000
0.997620 0.028513 -0.062779 0.000000 -0.036700 0.990383 -0.133395 12.655100 0.058372 0.135382 0.989073 0.000000 0.000000 0.000000 0.000000 1.000000
0.997373 0.030476 -0.065716 0.000000 -0.039210 0.989931 -0.136015 12.655100 0.060909 0.138235 0.988525 0.000000 0.000000 0.000000 0.000000 1.000000
0.997203 0.032833 -0.067146 0.000000 -0.041972 0.989321 -0.139581 12.655100 0.061846 0.142009 0.987931 0.000000 0.000000 0.000000 0.000000 1.000000
0.997048 0.038832 -0.066235 0.000000 -0.047783 0.989081 -0.139410 12.655100 0.060098 0.142163 0.988017 0.000000 0.000000 0.000000 0.000000 1.000000
0.997929 0.033304 -0.055034 0.000000 -0.040448 0.990119 -0.134267 12.655100 0.050018 0.136215 0.989416 0.000000 0.000000 0.000000 0.000000 1.000000
0.998702 0.036060 -0.035959 0.000000 -0.041202 0.987151 -0.154384 12.655100 0.029930 0.155665 0.987356 0.000000 0.000000 0.000000 0.000000 1.000000
0.999050 0.042043 -0.011423 0.000000 -0.043330 0.986183 -0.159892 12.655100 0.004542 0.160235 0.987068 0.000000 0.000000 0.000000 0.000000 1.000000
0.999290 0.033322 -0.017571 0.000000 -0.035483 0.989232 -0.141986 12.655100 0.012651 0.142509 0.989713 0.000000 0.000000 0.000000 0.000000 1.000000
0.999476 0.031121 0.008848 0.000000 -0.029908 0.993005 -0.114226 12.655100 -0.012341 0.113901 0.993415 0.000000 0.000000 0.000000 0.000000 1.000000
0.999085 0.035172 0.024335 -0.000000 -0.032486 0.994139 -0.103109 12.655100 -0.027818 0.102224 0.994372 0.000000 0.000000 0.000000 0.000000 1.000000
0.998583 0.043113 0.031205 0.000000 -0.041691 0.998123 -0.044860 12.655100 -0.033081 0.043496 0.998506 -0.000000 0.000000 0.000000 0.000000 1.000000
0.999045 0.026627 0.034629 0.000000 -0.026004 0.999494 -0.018323 12.655100 -0.035100 0.017405 0.999232 0.000000 0.000000 0.000000 0.000000 1.000000
0.999337 0.009623 0.035121 -0.000000 -0.009724 0.999949 0.002706 12.655100 -0.035093 -0.003046 0.999379 0.000000 0.000000 0.000000 0.000000 1.000000
0.999219 0.019072 0.034610 -0.000000 -0.020396 0.999058 0.038292 12.655100 -0.033847 -0.038968 0.998667 0.000000 0.000000 0.000000 0.000000 1.000000
0.998137 0.018753 0.058056 0.000000 -0.022263 0.997926 0.060406 12.655100 -0.056803 -0.061586 0.996484 -0.000000 0.000000 0.000000 0.000000 1.000000
0.997385 0.020732 0.069240 -0.000000 -0.026785 0.995789 0.087674 12.655100 -0.067131 -0.089300 0.993740 -0.000000 0.000000 0.000000 0.000000 1.000000
0.996774 0.016634 0.078521 0.000000 -0.023592 0.995793 0.088543 12.655100 -0.076718 -0.090110 0.992973 -0.000000 0.000000 0.000000 0.000000 1.000000
0.996917 0.004799 0.078316 0.000000 -0.011901 0.995828 0.090470 12.655100 -0.077556 -0.091123 0.992815 -0.000000 0.000000 0.000000 0.000000 1.000000
0.996878 -0.012126 0.078026 0.000000 0.005773 0.996686 0.081146 12.655100 -0.078751 -0.080442 0.993643 0.000000 0.000000 0.000000 0.000000 1.000000
0.996939 -0.032496 0.071114 -0.000000 0.026584 0.996232 0.082549 12.655100 -0.073528 -0.080406 0.994047 0.000000 0.000000 0.000000 0.000000 1.000000
0.996934 -0.054608 0.056047 -0.000000 0.049826 0.995267 0.083435 12.655100 -0.060338 -0.080387 0.994936 0.000000 0.000000 0.000000 0.000000 1.000000
0.996384 -0.071640 0.045685 0.000000 0.067663 0.994220 0.083352 12.655100 -0.051392 -0.079959 0.995472 0.000000 0.000000 0.000000 0.000000 1.000000
0.996248 -0.083118 0.024096 -0.000000 0.080927 0.993435 0.080856 12.655100 -0.030658 -0.078603 0.996434 -0.000000 0.000000 0.000000 0.000000 1.000000
0.996993 -0.077460 -0.002306 0.000000 0.077374 0.993343 0.085345 12.655100 -0.004320 -0.085267 0.996349 -0.000000 0.000000 0.000000 0.000000 1.000000
0.997569 -0.067773 -0.016228 0.000000 0.068772 0.995026 0.072068 12.655100 0.011263 -0.073009 0.997268 -0.000000 0.000000 0.000000 0.000000 1.000000
0.998149 -0.056414 -0.022702 -0.000000 0.057729 0.996395 0.062159 12.655100 0.019113 -0.063355 0.997808 -0.000000 0.000000 0.000000 0.000000 1.000000
0.998965 -0.041021 -0.019639 0.000000 0.042104 0.997409 0.058335 12.655100 0.017195 -0.059101 0.998104 0.000000 0.000000 0.000000 0.000000 1.000000
0.999527 -0.030752 -0.000291 0.000000 0.030730 0.998361 0.048280 12.655100 -0.001194 -0.048266 0.998834 0.000000 0.000000 0.000000 0.000000 1.000000
0.999421 -0.022735 0.025301 0.000000 0.021811 0.999106 0.036223 12.655100 -0.026102 -0.035650 0.999023 0.000000 0.000000 0.000000 0.000000 1.000000
0.998501 -0.016031 0.052334 0.000000 0.014719 0.999570 0.025365 12.655100 -0.052718 -0.024557 0.998307 -0.000000 0.000000 0.000000 0.000000 1.000000
0.996935 -0.010886 0.077478 0.000000 0.009348 0.999753 0.020184 12.655100 -0.077679 -0.019398 0.996790 -0.000000 0.000000 0.000000 0.000000 1.000000
0.995064 -0.007573 0.098941 0.000000 0.006371 0.999902 0.012458 12.655100 -0.099026 -0.011766 0.995015 0.000000 0.000000 0.000000 0.000000 1.000000
0.993978 -0.004568 0.109487 0.000000 0.004548 0.999990 0.000440 12.655100 -0.109488 0.000061 0.993988 0.000000 0.000000 0.000000 0.000000 1.000000
0.993294 -0.001374 0.115607 0.000000 0.002955 0.999904 -0.013507 12.655100 -0.115577 0.013758 0.993203 -0.000000 0.000000 0.000000 0.000000 1.000000
0.992956 0.001247 0.118480 0.000000 0.002136 0.999594 -0.028421 12.655100 -0.118467 0.028474 0.992550 0.000000 0.000000 0.000000 0.000000 1.000000
0.992857 0.002531 0.119280 0.000000 0.002661 0.999057 -0.043347 12.655100 -0.119278 0.043354 0.991914 0.000000 0.000000 0.000000 0.000000 1.000000
0.992871 0.001716 0.119180 0.000000 0.005157 0.998342 -0.057334 12.655100 -0.119081 0.057540 0.991216 -0.000000 0.000000 0.000000 0.000000 1.000000
0.992851 -0.001962 0.119348 0.000000 0.010318 0.997533 -0.069443 12.655100 -0.118917 0.070178 0.990421 -0.000000 0.000000 0.000000 0.000000 1.000000
0.992615 -0.009264 0.120950 0.000000 0.018894 0.996718 -0.078713 12.655100 -0.119823 0.080417 0.989533 0.000000 0.000000 0.000000 0.000000 1.000000
0.992205 -0.015775 0.123612 -0.000000 0.024679 0.997183 -0.070835 12.655100 -0.122147 0.073334 0.989799 0.000000 0.000000 0.000000 0.000000 1.000000
0.992262 -0.013797 0.123396 0.000000 0.020857 0.998207 -0.056107 12.655100 -0.122401 0.058246 0.990770 -0.000000 0.000000 0.000000 0.000000 1.000000
0.992054 -0.016492 0.124730 0.000000 0.024903 0.997497 -0.066181 12.655100 -0.123327 0.068762 0.989981 0.000000 0.000000 0.000000 0.000000 1.000000
0.991718 -0.015920 0.127443 0.000000 0.028016 0.995207 -0.093690 12.655100 -0.125341 0.096485 0.987411 0.000000 0.000000 0.000000 0.000000 1.000000
0.992487 -0.018929 0.120880 0.000000 0.031090 0.994549 -0.099528 12.655100 -0.118337 0.102538 0.987665 0.000000 0.000000 0.000000 0.000000 1.000000
0.993582 -0.023241 0.110701 -0.000000 0.034037 0.994735 -0.096662 12.655100 -0.107871 0.099810 0.989142 0.000000 0.000000 0.000000 0.000000 1.000000
0.994653 -0.027624 0.099509 -0.000000 0.036673 0.995240 -0.090287 12.655100 -0.096542 0.093454 0.990932 -0.000000 0.000000 0.000000 0.000000 1.000000
0.995471 -0.030847 0.089923 0.000000 0.038578 0.995587 -0.085551 12.655100 -0.086887 0.088633 0.992268 -0.000000 0.000000 0.000000 0.000000 1.000000
