<?xml version="1.0" encoding="utf-8"?>
<COLLADA xmlns="http://www.collada.org/2005/11/COLLADASchema" version="1.4.1">
  <asset>
    <contributor>
      <author>Mixamo</author>
      <authoring_tool>COLLADA Mixamo exporter</authoring_tool>
      <comments/>
    </contributor>
    <created>2024-12-02T02:17:56Z</created>
    <modified>2024-12-02T02:17:56Z</modified>
    <revision/>
    <title/>
    <unit meter="0.010000"/>
    <up_axis>Y_UP</up_axis>
  </asset>
  <library_animations>
    <animation id="mixamorig_Hips-anim" name="mixamorig_Hips">
      <source id="mixamorig_Hips-Matrix-animation-input">
        <float_array id="mixamorig_Hips-Matrix-animation-input-array" count="96">

0.000000 0.033333 0.066667 0.100000 0.133333 0.166667 0.200000 0.233333 0.266667 0.300000 0.333333 0.366667 0.400000 0.433333 0.466667 0.500000
0.533333 0.566667 0.600000 0.633333 0.666667 0.700000 0.733333 0.766667 0.800000 0.833333 0.866667 0.900000 0.933333 0.966667 1.000000 1.033333
1.066667 1.100000 1.133333 1.166667 1.200000 1.233333 1.266667 1.300000 1.333333 1.366667 1.400000 1.433333 1.466667 1.500000 1.533333 1.566667
1.600000 1.633333 1.666667 1.700000 1.733333 1.766667 1.800000 1.833333 1.866667 1.900000 1.933333 1.966667 2.000000 2.033333 2.066667 2.100000
2.133333 2.166667 2.200000 2.233333 2.266667 2.300000 2.333333 2.366667 2.400000 2.433333 2.466667 2.500000 2.533333 2.566667 2.600000 2.633333
2.666667 2.700000 2.733333 2.766667 2.800000 2.833333 2.866667 2.900000 2.933333 2.966667 3.000000 3.033333 3.066667 3.100000 3.133333 3.166667</float_array>
        <technique_common>
          <accessor source="#mixamorig_Hips-Matrix-animation-input-array" count="96">
            <param name="TIME" type="float"/>
          </accessor>
        </technique_common>
      </source>
      <source id="mixamorig_Hips-Matrix-animation-output-transform">
        <float_array id="mixamorig_Hips-Matrix-animation-output-transform-array" count="1536">

0.636780 -0.128496 -0.760263 -0.399997 0.042634 0.990375 -0.131679 99.869423 0.769866 0.051438 0.636129 0.631508 0.000000 0.000000 0.000000 1.000000
0.639514 -0.125939 -0.758394 0.249484 0.039961 0.990603 -0.130803 100.165756 0.767740 0.053344 0.638537 0.118560 0.000000 0.000000 0.000000 1.000000
0.630607 -0.125083 -0.765956 0.890755 0.040794 0.990905 -0.128233 100.468155 0.775029 0.049618 0.629974 -0.616942 0.000000 0.000000 0.000000 1.000000
0.585678 -0.127065 -0.800522 1.494291 0.038017 0.990855 -0.129462 100.802078 0.809651 0.045389 0.585153 -1.502022 0.000000 0.000000 0.000000 1.000000
0.506319 -0.131314 -0.852290 2.073393 0.031984 0.990518 -0.133610 101.158035 0.861753 0.040390 0.505718 -2.496886 0.000000 0.000000 0.000000 1.000000
0.399304 -0.137239 -0.906489 2.636666 0.023343 0.989934 -0.139590 101.510742 0.916522 0.034579 0.398488 -3.557916 0.000000 0.000000 0.000000 1.000000
0.274841 -0.144198 -0.950615 3.186412 0.012470 0.989141 -0.146437 101.855629 0.961409 0.028392 0.273655 -4.646918 0.000000 0.000000 0.000000 1.000000
0.146356 -0.151946 -0.977493 3.715313 0.000048 0.988134 -0.153593 102.204292 0.989232 0.022432 0.144627 -5.700916 0.000000 0.000000 0.000000 1.000000
-0.003369 -0.167860 -0.985805 4.064904 -0.017951 0.985662 -0.167774 102.525566 0.999833 0.017131 -0.006334 -6.670261 0.000000 0.000000 0.000000 1.000000
-0.118634 -0.188938 -0.974797 4.138725 -0.036363 0.981898 -0.185889 102.819016 0.992272 0.013393 -0.123357 -7.471168 0.000000 0.000000 0.000000 1.000000
-0.164845 -0.221746 -0.961070 3.886471 -0.049004 0.975038 -0.216563 103.066246 0.985101 0.011397 -0.171596 -8.041841 0.000000 0.000000 0.000000 1.000000
-0.198580 -0.255292 -0.946252 3.226451 -0.065588 0.966777 -0.247065 103.292458 0.977888 0.013001 -0.208727 -8.354329 0.000000 0.000000 0.000000 1.000000
-0.217855 -0.287220 -0.932762 2.332886 -0.082357 0.957718 -0.275669 103.524437 0.972500 0.016763 -0.232298 -8.215199 0.000000 0.000000 0.000000 1.000000
-0.213837 -0.315196 -0.924622 1.441622 -0.094725 0.948745 -0.301513 103.774452 0.972266 0.023110 -0.232733 -7.773986 0.000000 0.000000 0.000000 1.000000
-0.197590 -0.349336 -0.915927 0.918911 -0.098989 0.936682 -0.335898 104.022697 0.975274 0.024297 -0.219659 -6.915909 0.000000 0.000000 0.000000 1.000000
-0.159341 -0.389159 -0.907285 0.843408 -0.103308 0.920554 -0.376707 104.260025 0.981803 0.033705 -0.186885 -5.942617 0.000000 0.000000 0.000000 1.000000
-0.088832 -0.427521 -0.899630 1.410643 -0.099282 0.902504 -0.419083 104.491882 0.991086 0.052089 -0.122616 -4.798998 0.000000 0.000000 0.000000 1.000000
0.011272 -0.457259 -0.889262 2.652357 -0.089194 0.885314 -0.456360 104.715958 0.995951 0.084461 -0.030806 -3.611599 0.000000 0.000000 0.000000 1.000000
0.137174 -0.476950 -0.868160 4.491709 -0.070688 0.869497 -0.488854 104.911789 0.988022 0.128426 0.085557 -2.254746 0.000000 0.000000 0.000000 1.000000
0.278683 -0.480521 -0.831526 6.676980 -0.037719 0.859683 -0.509433 105.158989 0.959642 0.173335 0.221455 -0.587867 0.000000 0.000000 0.000000 1.000000
0.419142 -0.469475 -0.777118 8.925484 0.009712 0.858202 -0.513221 105.407280 0.907869 0.207565 0.364268 1.829368 0.000000 0.000000 0.000000 1.000000
0.563203 -0.431200 -0.704889 10.939027 0.070821 0.875098 -0.478735 105.798134 0.823278 0.219704 0.523396 5.247888 0.000000 0.000000 0.000000 1.000000
0.696503 -0.380481 -0.608373 12.758058 0.136647 0.902659 -0.408087 105.850418 0.704423 0.201102 0.680696 9.486572 0.000000 0.000000 0.000000 1.000000
0.807280 -0.331717 -0.488121 14.439127 0.184092 0.927359 -0.325753 105.752869 0.560721 0.173115 0.809705 13.657206 0.000000 0.000000 0.000000 1.000000
0.895724 -0.270539 -0.352827 15.500204 0.197166 0.952969 -0.230166 105.522987 0.398502 0.136599 0.906938 17.597832 0.000000 0.000000 0.000000 1.000000
0.957489 -0.228198 -0.176466 16.174030 0.203987 0.968152 -0.145156 106.024940 0.203970 0.102989 0.973545 20.908373 0.000000 0.000000 0.000000 1.000000
0.980595 -0.193862 0.029166 16.014511 0.195589 0.977565 -0.078177 106.568565 -0.013356 0.082365 0.996513 23.533161 0.000000 0.000000 0.000000 1.000000
0.957190 -0.170821 0.233683 15.301940 0.177471 0.984097 -0.007572 107.733444 -0.228673 0.048720 0.972283 26.450991 0.000000 0.000000 0.000000 1.000000
0.892399 -0.175465 0.415736 15.039499 0.163609 0.984428 0.064292 109.261009 -0.420544 0.010644 0.907210 29.212965 0.000000 0.000000 0.000000 1.000000
0.760753 -0.202427 0.616667 15.386960 0.139373 0.978905 0.149398 110.449081 -0.633901 -0.027708 0.772918 31.647373 0.000000 0.000000 0.000000 1.000000
0.635160 -0.217746 0.741052 15.686102 0.096617 0.974302 0.203472 110.848778 -0.766314 -0.057639 0.639876 33.887157 0.000000 0.000000 0.000000 1.000000
0.443375 -0.230153 0.866284 16.313038 0.010782 0.967772 0.251598 110.622726 -0.896271 -0.102212 0.431568 37.027382 0.000000 0.000000 0.000000 1.000000
0.256543 -0.259023 0.931178 17.445858 -0.068132 0.956178 0.284748 109.741707 -0.964128 -0.136494 0.227653 41.071575 0.000000 0.000000 0.000000 1.000000
0.103262 -0.262824 0.959302 18.484507 -0.110979 0.955391 0.273699 107.339859 -0.988443 -0.134725 0.069488 46.518539 0.000000 0.000000 0.000000 1.000000
-0.045176 -0.242539 0.969089 18.929214 -0.120132 0.964359 0.235755 104.247169 -0.991729 -0.105768 -0.072703 53.001934 0.000000 0.000000 0.000000 1.000000
-0.188628 -0.204985 0.960417 20.047523 -0.099527 0.976928 0.188961 102.165955 -0.976992 -0.059944 -0.204678 60.044273 0.000000 0.000000 0.000000 1.000000
-0.330106 -0.138708 0.933697 21.094124 -0.083607 0.989553 0.117447 101.259529 -0.940234 -0.039294 -0.338254 67.307198 0.000000 0.000000 0.000000 1.000000
-0.455154 -0.098818 0.884912 21.915276 -0.106949 0.992695 0.055845 101.646133 -0.883967 -0.069222 -0.462398 73.732292 0.000000 0.000000 0.000000 1.000000
-0.553195 -0.069037 0.830186 22.205885 -0.130363 0.991456 -0.004420 102.546051 -0.822788 -0.110671 -0.557469 78.555618 0.000000 0.000000 0.000000 1.000000
-0.642144 -0.046578 0.765168 22.201801 -0.143283 0.987854 -0.060112 103.515762 -0.753075 -0.148236 -0.641018 81.854164 0.000000 0.000000 0.000000 1.000000
-0.699639 -0.024576 0.714074 21.929224 -0.149240 0.982390 -0.112413 104.318138 -0.698737 -0.185217 -0.690986 84.458519 0.000000 0.000000 0.000000 1.000000
-0.746071 -0.016672 0.665657 21.523809 -0.151790 0.977624 -0.145641 104.583809 -0.648334 -0.209699 -0.731908 86.213058 0.000000 0.000000 0.000000 1.000000
-0.785317 -0.020102 0.618768 20.853943 -0.148338 0.976468 -0.156543 104.606651 -0.601060 -0.214722 -0.769819 87.628082 0.000000 0.000000 0.000000 1.000000
-0.799954 -0.003545 0.600051 19.811188 -0.136329 0.974907 -0.175987 104.369072 -0.584370 -0.222586 -0.780364 88.772652 0.000000 0.000000 0.000000 1.000000
-0.793871 0.018113 0.607817 18.839748 -0.120204 0.975158 -0.186059 104.153854 -0.596088 -0.220769 -0.771972 89.729202 0.000000 0.000000 0.000000 1.000000
-0.778749 0.045302 0.625697 17.867323 -0.104114 0.974224 -0.200117 104.206161 -0.618635 -0.220985 -0.753960 90.307091 0.000000 0.000000 0.000000 1.000000
-0.749211 0.062157 0.659408 17.000456 -0.098464 0.974071 -0.203690 104.554535 -0.654972 -0.217535 -0.723665 90.455765 0.000000 0.000000 0.000000 1.000000
-0.703779 0.067804 0.707175 16.241735 -0.103295 0.975090 -0.196292 105.044525 -0.702869 -0.211194 -0.679244 90.110947 0.000000 0.000000 0.000000 1.000000
-0.643121 0.077532 0.761830 15.556625 -0.105337 0.976447 -0.188297 105.418747 -0.758485 -0.201347 -0.619806 89.325066 0.000000 0.000000 0.000000 1.000000
-0.572726 0.088458 0.814960 14.883426 -0.108139 0.977320 -0.182078 105.492760 -0.812583 -0.192410 -0.550171 88.281227 0.000000 0.000000 0.000000 1.000000
-0.492982 0.101725 0.864072 14.172851 -0.108746 0.978149 -0.177198 105.328835 -0.863217 -0.181320 -0.471147 86.912308 0.000000 0.000000 0.000000 1.000000
-0.401887 0.102583 0.909925 13.454197 -0.112192 0.980702 -0.160115 104.961853 -0.908790 -0.166434 -0.382623 84.753586 0.000000 0.000000 0.000000 1.000000
-0.313438 0.098002 0.944538 12.657142 -0.120738 0.982475 -0.142004 104.604881 -0.941902 -0.158551 -0.296113 81.783157 0.000000 0.000000 0.000000 1.000000
-0.237505 0.100081 0.966217 11.882018 -0.132641 0.982020 -0.134323 104.702690 -0.962288 -0.160062 -0.219960 77.937592 0.000000 0.000000 0.000000 1.000000
-0.167721 0.127705 0.977528 11.042051 -0.144459 0.977687 -0.152512 105.392303 -0.975193 -0.166792 -0.145531 73.208046 0.000000 0.000000 0.000000 1.000000
-0.107349 0.161128 0.981078 10.043111 -0.158092 0.971459 -0.176846 106.190422 -0.981572 -0.174085 -0.078812 68.080719 0.000000 0.000000 0.000000 1.000000
-0.044361 0.186652 0.981424 9.200456 -0.166638 0.967246 -0.191488 107.071220 -0.985020 -0.172037 -0.011805 62.304672 0.000000 0.000000 0.000000 1.000000
0.076644 0.193431 0.978116 8.950511 -0.171036 0.969011 -0.178228 108.157837 -0.982279 -0.153633 0.107352 55.676208 0.000000 0.000000 0.000000 1.000000
0.243569 0.187974 0.951494 9.159765 -0.169487 0.974193 -0.149072 109.246979 -0.954960 -0.124956 0.269142 49.067764 0.000000 0.000000 0.000000 1.000000
0.415586 0.163395 0.894757 9.912144 -0.161179 0.981393 -0.104353 110.238594 -0.895159 -0.100848 0.434189 43.179512 0.000000 0.000000 0.000000 1.000000
0.579264 0.138953 0.803209 10.840199 -0.146773 0.987039 -0.064904 110.945923 -0.801817 -0.080293 0.592150 37.887253 0.000000 0.000000 0.000000 1.000000
0.717641 0.122656 0.685527 11.586666 -0.135600 0.990138 -0.035206 111.047745 -0.683084 -0.067692 0.727196 35.034088 0.000000 0.000000 0.000000 1.000000
0.825373 0.118615 0.551987 12.007717 -0.127797 0.991557 -0.021982 110.962776 -0.549934 -0.052399 0.833563 32.810272 0.000000 0.000000 0.000000 1.000000
0.907707 0.114494 0.403681 12.122516 -0.122920 0.992404 -0.005076 110.600349 -0.401196 -0.045013 0.914886 31.210102 0.000000 0.000000 0.000000 1.000000
0.961249 0.110118 0.252733 11.763442 -0.116278 0.993171 0.009521 110.103256 -0.249958 -0.038539 0.967489 29.965429 0.000000 0.000000 0.000000 1.000000
0.988713 0.099106 0.112359 10.958076 -0.102510 0.994420 0.024924 109.850838 -0.109262 -0.036161 0.993355 29.059666 0.000000 0.000000 0.000000 1.000000
0.995012 0.095048 -0.030278 9.779639 -0.093921 0.994904 0.036682 109.457047 0.033611 -0.033655 0.998868 28.138807 0.000000 0.000000 0.000000 1.000000
0.982809 0.096676 -0.157292 8.068056 -0.091744 0.995044 0.038334 108.940384 0.160218 -0.023245 0.986808 26.822369 0.000000 0.000000 0.000000 1.000000
0.961288 0.093121 -0.259334 6.099791 -0.083284 0.995336 0.048689 108.589371 0.262659 -0.025206 0.964560 25.457802 0.000000 0.000000 0.000000 1.000000
0.933235 0.090931 -0.347568 3.837383 -0.075249 0.995454 0.058383 108.030571 0.351297 -0.028331 0.935835 23.715900 0.000000 0.000000 0.000000 1.000000
0.901775 0.080433 -0.424655 1.421186 -0.064405 0.996569 0.051991 107.205246 0.427379 -0.019534 0.903861 21.457115 0.000000 0.000000 0.000000 1.000000
0.870849 0.063284 -0.487460 -1.009351 -0.046214 0.997826 0.046979 106.671310 0.489374 -0.018384 0.871880 18.961817 0.000000 0.000000 0.000000 1.000000
0.838800 0.045685 -0.542519 -3.099565 -0.027869 0.998770 0.041016 106.131920 0.543725 -0.019285 0.839042 15.894073 0.000000 0.000000 0.000000 1.000000
0.803713 0.028123 -0.594352 -4.403290 -0.013335 0.999483 0.029260 105.588203 0.594867 -0.015592 0.803673 13.396912 0.000000 0.000000 0.000000 1.000000
0.769207 0.010428 -0.638915 -5.372795 0.004285 0.999760 0.021476 105.012978 0.638986 -0.019257 0.768977 11.775903 0.000000 0.000000 0.000000 1.000000
0.742447 -0.007006 -0.669868 -6.433930 0.026286 0.999480 0.018681 104.585869 0.669389 -0.031478 0.742245 10.431737 0.000000 0.000000 0.000000 1.000000
0.727527 -0.018061 -0.685841 -6.756118 0.036992 0.999232 0.012927 104.124466 0.685081 -0.034775 0.727637 9.413271 0.000000 0.000000 0.000000 1.000000
0.714263 -0.028143 -0.699312 -6.944894 0.045858 0.998926 0.006638 103.647575 0.698374 -0.036810 0.714786 8.604653 0.000000 0.000000 0.000000 1.000000
0.702678 -0.037153 -0.710537 -7.008075 0.052732 0.998609 -0.000067 103.177513 0.709551 -0.037421 0.703660 7.952210 0.000000 0.000000 0.000000 1.000000
0.692721 -0.045245 -0.719785 -6.955883 0.057834 0.998301 -0.007093 102.717728 0.718883 -0.036715 0.694161 7.389789 0.000000 0.000000 0.000000 1.000000
0.684292 -0.052644 -0.727306 -6.806726 0.061506 0.998003 -0.014369 102.277000 0.726610 -0.034901 0.686163 6.850484 0.000000 0.000000 0.000000 1.000000
0.677265 -0.059549 -0.733325 -6.585233 0.064076 0.997706 -0.021840 101.861542 0.732943 -0.032197 0.679527 6.276537 0.000000 0.000000 0.000000 1.000000
0.671551 -0.065688 -0.738041 -6.295545 0.065186 0.997438 -0.029462 101.447479 0.738086 -0.028325 0.674112 5.637021 0.000000 0.000000 0.000000 1.000000
0.666986 -0.071306 -0.741650 -5.941886 0.065239 0.997176 -0.037202 101.056435 0.742208 -0.023572 0.669754 5.046763 0.000000 0.000000 0.000000 1.000000
0.663407 -0.076493 -0.744339 -5.534715 0.064419 0.996906 -0.045034 100.691086 0.745481 -0.018074 0.666282 4.525643 0.000000 0.000000 0.000000 1.000000
0.660641 -0.081330 -0.746284 -5.084082 0.062891 0.996615 -0.052938 100.354515 0.748063 -0.011962 0.663520 4.064182 0.000000 0.000000 0.000000 1.000000
0.658510 -0.085887 -0.747655 -4.599946 0.060806 0.996290 -0.060892 100.049263 0.750112 -0.005364 0.661289 3.653154 0.000000 0.000000 0.000000 1.000000
0.656830 -0.090249 -0.748618 -4.092566 0.058333 0.995918 -0.068881 99.778984 0.751779 0.001574 0.659414 3.282815 0.000000 0.000000 0.000000 1.000000
0.655415 -0.094504 -0.749333 -3.609381 0.055637 0.995486 -0.076884 99.546951 0.753217 0.008700 0.657715 2.943190 0.000000 0.000000 0.000000 1.000000
0.654076 -0.098733 -0.749958 -3.135656 0.052866 0.994987 -0.084885 99.356186 0.754579 0.015874 0.656017 2.624872 0.000000 0.000000 0.000000 1.000000
0.652622 -0.103022 -0.750647 -2.669846 0.050167 0.994414 -0.092862 99.209656 0.756021 0.022947 0.654145 2.318377 0.000000 0.000000 0.000000 1.000000
0.650861 -0.107458 -0.751553 -2.210300 0.047683 0.993764 -0.100796 99.125221 0.757698 0.029768 0.651926 2.014381 0.000000 0.000000 0.000000 1.000000
0.648598 -0.112133 -0.752826 -1.755248 0.045554 0.993034 -0.108665 99.179779 0.759766 0.036185 0.649188 1.703177 0.000000 0.000000 0.000000 1.000000
0.645635 -0.117136 -0.754609 -1.302957 0.043915 0.992226 -0.116447 99.349030 0.762382 0.042044 0.645760 1.375262 0.000000 0.000000 0.000000 1.000000
0.641766 -0.122560 -0.757044 -0.851731 0.042898 0.991339 -0.124124 99.592438 0.765700 0.047183 0.641465 1.021226 0.000000 0.000000 0.000000 1.000000
0.636780 -0.128496 -0.760263 -0.399985 0.042634 0.990375 -0.131679 99.869415 0.769866 0.051438 0.636129 0.631507 0.000000 0.000000 0.000000 1.000000</float_array>
        <technique_common>
          <accessor source="#mixamorig_Hips-Matrix-animation-output-transform-array" count="96" stride="16">
            <param type="float4x4"/>
          </accessor>
        </technique_common>
      </source>
      <source id="mixamorig_Hips-Interpolations">
        <Name_array id="mixamorig_Hips-Interpolations-array" count="96">
 LINEAR LINEAR LINEAR LINEAR LINEAR LINEAR LINEAR LINEAR LINEAR LINEAR LINEAR
LINEAR LINEAR LINEAR LINEAR LINEAR LINEAR LINEAR LINEAR LINEAR LINEAR LINEAR LINEAR
LINEAR LINEAR LINEAR LINEAR LINEAR LINEAR LINEAR LINEAR LINEAR LINEAR LINEAR LINEAR
LINEAR LINEAR LINEAR LINEAR LINEAR LINEAR LINEAR LINEAR LINEAR LINEAR LINEAR LINEAR
LINEAR LINEAR LINEAR LINEAR LINEAR LINEAR LINEAR LINEAR LINEAR LINEAR LINEAR LINEAR
LINEAR LINEAR LINEAR LINEAR LINEAR LINEAR LINEAR LINEAR LINEAR LINEAR LINEAR LINEAR
LINEAR LINEAR LINEAR LINEAR LINEAR LINEAR LINEAR LINEAR LINEAR LINEAR LINEAR LINEAR
LINEAR LINEAR LINEAR LINEAR LINEAR LINEAR LINEAR LINEAR LINEAR LINEAR LINEAR LINEAR
LINEAR</Name_array>
        <technique_common>
          <accessor source="#mixamorig_Hips-Interpolations-array" count="96">
            <param type="name"/>
          </accessor>
        </technique_common>
      </source>
      <sampler id="mixamorig_Hips-Matrix-animation-transform">
        <input semantic="INPUT" source="#mixamorig_Hips-Matrix-animation-input"/>
        <input semantic="OUTPUT" source="#mixamorig_Hips-Matrix-animation-output-transform"/>
        <input semantic="INTERPOLATION" source="#mixamorig_Hips-Interpolations"/>
      </sampler>
      <channel source="#mixamorig_Hips-Matrix-animation-transform" target="mixamorig_Hips/matrix"/>
    </animation>
    <animation id="mixamorig_Spine-anim" name="mixamorig_Spine">
      <source id="mixamorig_Spine-Matrix-animation-input">
        <float_array id="mixamorig_Spine-Matrix-animation-input-array" count="96">

0.000000 0.033333 0.066667 0.100000 0.133333 0.166667 0.200000 0.233333 0.266667 0.300000 0.333333 0.366667 0.400000 0.433333 0.466667 0.500000
0.533333 0.566667 0.600000 0.633333 0.666667 0.700000 0.733333 0.766667 0.800000 0.833333 0.866667 0.900000 0.933333 0.966667 1.000000 1.033333
1.066667 1.100000 1.133333 1.166667 1.200000 1.233333 1.266667 1.300000 1.333333 1.366667 1.400000 1.433333 1.466667 1.500000 1.533333 1.566667
1.600000 1.633333 1.666667 1.700000 1.733333 1.766667 1.800000 1.833333 1.866667 1.900000 1.933333 1.966667 2.000000 2.033333 2.066667 2.100000
2.133333 2.166667 2.200000 2.233333 2.266667 2.300000 2.333333 2.366667 2.400000 2.433333 2.466667 2.500000 2.533333 2.566667 2.600000 2.633333
2.666667 2.700000 2.733333 2.766667 2.800000 2.833333 2.866667 2.900000 2.933333 2.966667 3.000000 3.033333 3.066667 3.100000 3.133333 3.166667</float_array>
        <technique_common>
          <accessor source="#mixamorig_Spine-Matrix-animation-input-array" count="96">
            <param name="TIME" type="float"/>
          </accessor>
        </technique_common>
      </source>
      <source id="mixamorig_Spine-Matrix-animation-output-transform">
        <float_array id="mixamorig_Spine-Matrix-animation-output-transform-array" count="1536">

0.998148 0.035086 0.049685 -0.006600 -0.026082 0.984839 -0.171500 10.822600 -0.054949 0.169886 0.983931 -0.430700 0.000000 0.000000 0.000000 1.000000
0.998288 0.032075 0.048913 -0.006600 -0.023428 0.985493 -0.168090 10.822600 -0.053595 0.166656 0.984557 -0.430700 0.000000 0.000000 0.000000 1.000000
0.998351 0.036130 0.044617 -0.006600 -0.027975 0.984789 -0.171486 10.822600 -0.050134 0.169955 0.984176 -0.430700 0.000000 0.000000 0.000000 1.000000
0.998619 0.035382 0.038826 -0.006600 -0.028218 0.984757 -0.171632 10.822600 -0.044307 0.170299 0.984396 -0.430700 0.000000 0.000000 0.000000 1.000000
0.998937 0.034115 0.031000 -0.006600 -0.028285 0.984663 -0.172160 10.822600 -0.036398 0.171100 0.984581 -0.430700 0.000000 0.000000 0.000000 1.000000
0.999245 0.032551 0.021216 -0.006600 -0.028390 0.984464 -0.173274 10.822600 -0.026526 0.172541 0.984645 -0.430700 0.000000 0.000000 0.000000 1.000000
0.999527 0.029120 0.009865 -0.006600 -0.026944 0.984172 -0.175156 10.822600 -0.014810 0.174807 0.984491 -0.430700 0.000000 0.000000 0.000000 1.000000
0.999710 0.023922 -0.002921 -0.006600 -0.024059 0.983523 -0.179176 10.822600 -0.001414 0.179194 0.983813 -0.430700 0.000000 0.000000 0.000000 1.000000
0.999634 0.017355 -0.020775 -0.006600 -0.020920 0.982329 -0.185989 10.822600 0.017180 0.186355 0.982332 -0.430700 0.000000 0.000000 0.000000 1.000000
0.999005 0.011602 -0.043065 -0.006600 -0.019815 0.980502 -0.195506 10.822600 0.039957 0.196165 0.979757 -0.430700 0.000000 0.000000 0.000000 1.000000
0.998021 0.005885 -0.062600 -0.006600 -0.018738 0.978210 -0.206772 10.822600 0.060019 0.207535 0.976385 -0.430700 0.000000 0.000000 0.000000 1.000000
0.997103 0.000510 -0.076063 -0.006600 -0.017110 0.975855 -0.217750 10.822600 0.074116 0.218421 0.973036 -0.430700 0.000000 0.000000 0.000000 1.000000
0.996342 -0.002219 -0.085427 -0.006600 -0.017147 0.974140 -0.225292 10.822600 0.083717 0.225933 0.970539 -0.430700 0.000000 0.000000 0.000000 1.000000
0.995658 -0.005841 -0.092899 -0.006600 -0.016064 0.972273 -0.233295 10.822600 0.091686 0.233774 0.967958 -0.430700 0.000000 0.000000 0.000000 1.000000
0.995101 -0.010644 -0.098292 -0.006600 -0.013093 0.971242 -0.237734 10.822600 0.097996 0.237856 0.966344 -0.430700 0.000000 0.000000 0.000000 1.000000
0.994546 -0.020387 -0.102289 -0.006600 -0.004912 0.970469 -0.241176 10.822600 0.104185 0.240363 0.965076 -0.430700 0.000000 0.000000 0.000000 1.000000
0.993675 -0.033653 -0.107133 -0.006600 0.006508 0.969692 -0.244242 10.822600 0.112106 0.242000 0.963778 -0.430700 0.000000 0.000000 0.000000 1.000000
0.992606 -0.051394 -0.109967 -0.006600 0.022804 0.968766 -0.246925 10.822600 0.119223 0.242592 0.962775 -0.430700 0.000000 0.000000 0.000000 1.000000
0.991380 -0.072939 -0.108837 -0.006600 0.044153 0.968108 -0.246611 10.822600 0.123354 0.239680 0.962984 -0.430700 0.000000 0.000000 0.000000 1.000000
0.990205 -0.093234 -0.103928 -0.006600 0.065675 0.967908 -0.242571 10.822600 0.123209 0.233369 0.964551 -0.430700 0.000000 0.000000 0.000000 1.000000
0.989363 -0.110970 -0.094052 -0.006600 0.086433 0.968508 -0.233499 10.822600 0.117002 0.222886 0.967798 -0.430700 0.000000 0.000000 0.000000 1.000000
0.988604 -0.125985 -0.082407 -0.006600 0.104576 0.968480 -0.226075 10.822600 0.108291 0.214881 0.970618 -0.430700 0.000000 0.000000 0.000000 1.000000
0.987823 -0.138868 -0.070153 -0.006600 0.120835 0.968819 -0.216306 10.822600 0.098004 0.205195 0.973802 -0.430700 0.000000 0.000000 0.000000 1.000000
0.987276 -0.149344 -0.054606 -0.006600 0.135337 0.969460 -0.204528 10.822600 0.083484 0.194535 0.977336 -0.430700 0.000000 0.000000 0.000000 1.000000
0.986741 -0.158522 -0.034838 -0.006600 0.148963 0.969743 -0.193415 10.822600 0.064444 0.185660 0.980498 -0.430700 0.000000 0.000000 0.000000 1.000000
0.986286 -0.163965 -0.018833 -0.006600 0.158032 0.971126 -0.178718 10.822600 0.047592 0.173291 0.983720 -0.430700 0.000000 0.000000 0.000000 1.000000
0.986131 -0.165803 -0.007405 -0.006600 0.162598 0.974089 -0.157202 10.822600 0.033278 0.153817 0.987539 -0.430700 0.000000 0.000000 0.000000 1.000000
0.986832 -0.161710 0.003432 -0.006600 0.160709 0.977877 -0.133899 10.822600 0.018297 0.132688 0.990989 -0.430700 0.000000 0.000000 0.000000 1.000000
0.989100 -0.146499 0.014820 -0.006600 0.147220 0.981989 -0.118419 10.822600 0.002795 0.119310 0.992853 -0.430700 0.000000 0.000000 0.000000 1.000000
0.992109 -0.124490 0.014894 -0.006600 0.125374 0.986038 -0.109594 10.822600 -0.001043 0.110596 0.993865 -0.430700 0.000000 0.000000 0.000000 1.000000
0.994824 -0.098462 0.025110 -0.006600 0.100533 0.989664 -0.102267 10.822600 -0.014781 0.104262 0.994440 -0.430700 0.000000 0.000000 0.000000 1.000000
0.996944 -0.075077 0.021570 -0.006600 0.076834 0.992266 -0.097493 10.822600 -0.014084 0.098852 0.995002 -0.430700 0.000000 0.000000 0.000000 1.000000
0.998301 -0.057048 0.011841 -0.006600 0.057954 0.993214 -0.100830 10.822600 -0.006009 0.101345 0.994833 -0.430700 0.000000 0.000000 0.000000 1.000000
0.999299 -0.037099 -0.004979 -0.006600 0.036383 0.993935 -0.103777 10.822600 0.008799 0.103523 0.994588 -0.430700 0.000000 0.000000 0.000000 1.000000
0.999644 -0.017589 -0.020040 -0.006600 0.015247 0.993643 -0.111543 10.822600 0.021874 0.111198 0.993558 -0.430700 0.000000 0.000000 0.000000 1.000000
0.999657 0.005774 -0.025553 -0.006600 -0.008820 0.992643 -0.120755 10.822600 0.024668 0.120939 0.992353 -0.430700 0.000000 0.000000 0.000000 1.000000
0.999109 0.031777 -0.027778 -0.006600 -0.035007 0.991564 -0.124801 10.822600 0.023578 0.125663 0.991793 -0.430700 0.000000 0.000000 0.000000 1.000000
0.998638 0.049552 -0.016343 -0.006600 -0.051337 0.989105 -0.137969 10.822600 0.009328 0.138621 0.990302 -0.430700 0.000000 0.000000 0.000000 1.000000
0.998132 0.061007 0.003162 -0.006600 -0.059784 0.986133 -0.154812 10.822600 -0.012562 0.154334 0.987939 -0.430700 0.000000 0.000000 0.000000 1.000000
0.997385 0.069575 0.019580 -0.006600 -0.065197 0.982976 -0.171776 10.822600 -0.031198 0.170051 0.984941 -0.430700 0.000000 0.000000 0.000000 1.000000
0.996656 0.075345 0.031619 -0.006600 -0.068429 0.981112 -0.180934 10.822600 -0.044654 0.178166 0.982987 -0.430700 0.000000 0.000000 0.000000 1.000000
0.996238 0.075250 0.042989 -0.006600 -0.065967 0.980147 -0.186975 10.822600 -0.056206 0.183435 0.981424 -0.430700 0.000000 0.000000 0.000000 1.000000
0.996113 0.067526 0.056562 -0.006600 -0.055047 0.978503 -0.198750 10.822600 -0.068767 0.194864 0.978417 -0.430700 0.000000 0.000000 0.000000 1.000000
0.995839 0.063401 0.065467 -0.006600 -0.048903 0.977921 -0.203173 10.822600 -0.076903 0.199126 0.976952 -0.430700 0.000000 0.000000 0.000000 1.000000
0.995784 0.062810 0.066857 -0.006600 -0.047746 0.977195 -0.206905 10.822600 -0.078328 0.202841 0.976074 -0.430700 0.000000 0.000000 0.000000 1.000000
0.995816 0.063466 0.065739 -0.006600 -0.048589 0.977077 -0.207265 10.822600 -0.077386 0.203204 0.976074 -0.430700 0.000000 0.000000 0.000000 1.000000
0.995996 0.062489 0.063938 -0.006600 -0.048052 0.977249 -0.206582 10.822600 -0.075392 0.202683 0.976338 -0.430700 0.000000 0.000000 0.000000 1.000000
0.996182 0.059457 0.063928 -0.006600 -0.045258 0.977875 -0.204234 10.822600 -0.074657 0.200561 0.976832 -0.430700 0.000000 0.000000 0.000000 1.000000
0.996343 0.057958 0.062777 -0.006600 -0.044375 0.978897 -0.199478 10.822600 -0.073013 0.195963 0.977889 -0.430700 0.000000 0.000000 0.000000 1.000000
0.996577 0.056994 0.059878 -0.006600 -0.044465 0.980204 -0.192931 10.822600 -0.069688 0.189608 0.979384 -0.430700 0.000000 0.000000 0.000000 1.000000
0.996829 0.057741 0.054749 -0.006600 -0.046588 0.981312 -0.186698 10.822600 -0.064506 0.183555 0.980891 -0.430700 0.000000 0.000000 0.000000 1.000000
0.997284 0.057238 0.046341 -0.006600 -0.047730 0.981543 -0.185189 10.822600 -0.056086 0.182475 0.981610 -0.430700 0.000000 0.000000 0.000000 1.000000
0.997964 0.054525 0.033099 -0.006600 -0.047471 0.981488 -0.185547 10.822600 -0.042603 0.183598 0.982078 -0.430700 0.000000 0.000000 0.000000 1.000000
0.998624 0.049377 0.017645 -0.006600 -0.045296 0.981863 -0.184103 10.822600 -0.026415 0.183050 0.982749 -0.430700 0.000000 0.000000 0.000000 1.000000
0.999196 0.040022 0.002385 -0.006600 -0.038988 0.983813 -0.174904 10.822600 -0.009347 0.174670 0.984583 -0.430700 0.000000 0.000000 0.000000 1.000000
0.999530 0.028417 -0.011519 -0.006600 -0.029930 0.985826 -0.165082 10.822600 0.006665 0.165349 0.986213 -0.430700 0.000000 0.000000 0.000000 1.000000
0.999566 0.015085 -0.025322 -0.006600 -0.018953 0.986892 -0.160266 10.822600 0.022572 0.160677 0.986749 -0.430700 0.000000 0.000000 0.000000 1.000000
0.999409 0.005375 -0.033946 -0.006600 -0.010791 0.986826 -0.161424 10.822600 0.032631 0.161695 0.986301 -0.430700 0.000000 0.000000 0.000000 1.000000
0.999277 -0.000577 -0.038015 -0.006600 -0.005588 0.986798 -0.161862 10.822600 0.037607 0.161957 0.986081 -0.430700 0.000000 0.000000 0.000000 1.000000
0.999223 -0.005550 -0.039008 -0.006600 -0.000763 0.987115 -0.160008 10.822600 0.039393 0.159913 0.986345 -0.430700 0.000000 0.000000 0.000000 1.000000
0.999225 -0.012019 -0.037484 -0.006600 0.005965 0.987482 -0.157619 10.822600 0.038909 0.157273 0.986788 -0.430700 0.000000 0.000000 0.000000 1.000000
0.999116 -0.021179 -0.036320 -0.006600 0.015254 0.987596 -0.156277 10.822600 0.039179 0.155585 0.987045 -0.430700 0.000000 0.000000 0.000000 1.000000
0.998947 -0.029789 -0.034898 -0.006600 0.024069 0.987750 -0.154175 10.822600 0.039063 0.153173 0.987427 -0.430700 0.000000 0.000000 0.000000 1.000000
0.998732 -0.038598 -0.032329 -0.006600 0.033148 0.987390 -0.154796 10.822600 0.037897 0.153528 0.987417 -0.430700 0.000000 0.000000 0.000000 1.000000
0.998563 -0.045249 -0.028704 -0.006600 0.040270 0.987076 -0.155108 10.822600 0.035351 0.153729 0.987480 -0.430700 0.000000 0.000000 0.000000 1.000000
0.998598 -0.047089 -0.024168 -0.006600 0.042784 0.986955 -0.155206 10.822600 0.031161 0.153954 0.987586 -0.430700 0.000000 0.000000 0.000000 1.000000
0.998584 -0.049790 -0.018722 -0.006600 0.046317 0.986943 -0.154264 10.822600 0.026159 0.153179 0.987852 -0.430700 0.000000 0.000000 0.000000 1.000000
0.998457 -0.053277 -0.015633 -0.006600 0.050278 0.987016 -0.152548 10.822600 0.023557 0.151527 0.988172 -0.430700 0.000000 0.000000 0.000000 1.000000
0.998465 -0.053049 -0.015892 -0.006600 0.049964 0.986712 -0.154604 10.822600 0.023883 0.153573 0.987849 -0.430700 0.000000 0.000000 0.000000 1.000000
0.998474 -0.052742 -0.016386 -0.006600 0.049541 0.986454 -0.156380 10.822600 0.024412 0.155330 0.987561 -0.430700 0.000000 0.000000 0.000000 1.000000
0.998523 -0.052013 -0.015723 -0.006600 0.048981 0.986863 -0.153955 10.822600 0.023525 0.152958 0.987953 -0.430700 0.000000 0.000000 0.000000 1.000000
0.998677 -0.048838 -0.016094 -0.006600 0.045788 0.987024 -0.153906 10.822600 0.023401 0.152965 0.987954 -0.430700 0.000000 0.000000 0.000000 1.000000
0.998803 -0.046129 -0.016283 -0.006600 0.043021 0.986740 -0.156504 10.822600 0.023287 0.155617 0.987543 -0.430700 0.000000 0.000000 0.000000 1.000000
0.998835 -0.045552 -0.015919 -0.006600 0.042419 0.986154 -0.160312 10.822600 0.023001 0.159450 0.986938 -0.430700 0.000000 0.000000 0.000000 1.000000
0.998893 -0.044318 -0.015778 -0.006600 0.041133 0.985569 -0.164202 10.822600 0.022827 0.163371 0.986301 -0.430700 0.000000 0.000000 0.000000 1.000000
0.998882 -0.042485 -0.020753 -0.006600 0.038394 0.984967 -0.168420 10.822600 0.027596 0.167435 0.985497 -0.430700 0.000000 0.000000 0.000000 1.000000
0.998998 -0.039253 -0.021506 -0.006600 0.035035 0.984814 -0.170041 10.822600 0.027854 0.169117 0.985202 -0.430700 0.000000 0.000000 0.000000 1.000000
0.999134 -0.035679 -0.021391 -0.006600 0.031496 0.984711 -0.171325 10.822600 0.027177 0.170503 0.984982 -0.430700 0.000000 0.000000 0.000000 1.000000
0.999275 -0.032098 -0.020464 -0.006600 0.028099 0.984643 -0.172304 10.822600 0.025680 0.171604 0.984831 -0.430700 0.000000 0.000000 0.000000 1.000000
0.999418 -0.028474 -0.018797 -0.006600 0.024798 0.984607 -0.173016 10.822600 0.023434 0.172449 0.984740 -0.430700 0.000000 0.000000 0.000000 1.000000
0.999560 -0.024656 -0.016477 -0.006600 0.021427 0.984603 -0.173489 10.822600 0.020501 0.173060 0.984698 -0.430700 0.000000 0.000000 0.000000 1.000000
0.999697 -0.020497 -0.013598 -0.006600 0.017824 0.984628 -0.173754 10.822600 0.016950 0.173459 0.984695 -0.430700 0.000000 0.000000 0.000000 1.000000
0.999826 -0.015654 -0.010187 -0.006600 0.013658 0.984845 -0.172899 10.822600 0.012739 0.172730 0.984887 -0.430700 0.000000 0.000000 0.000000 1.000000
0.999905 -0.012311 -0.006267 -0.006600 0.011037 0.984767 -0.173528 10.822600 0.008308 0.173443 0.984809 -0.430700 0.000000 0.000000 0.000000 1.000000
0.999942 -0.010587 -0.001916 -0.006600 0.010085 0.984366 -0.175844 10.822600 0.003747 0.175814 0.984416 -0.430700 0.000000 0.000000 0.000000 1.000000
0.999929 -0.011556 0.002840 -0.006600 0.011879 0.983412 -0.180996 10.822600 -0.000701 0.181017 0.983480 -0.430700 0.000000 0.000000 0.000000 1.000000
0.999882 -0.013176 0.007878 -0.006600 0.014416 0.982297 -0.186775 10.822600 -0.005278 0.186866 0.982371 -0.430700 0.000000 0.000000 0.000000 1.000000
0.999797 -0.015291 0.013119 -0.006600 0.017537 0.981040 -0.193012 10.822600 -0.009918 0.193203 0.981109 -0.430700 0.000000 0.000000 0.000000 1.000000
0.999697 -0.016331 0.018421 -0.006600 0.019658 0.979998 -0.198036 10.822600 -0.014818 0.198338 0.980022 -0.430700 0.000000 0.000000 0.000000 1.000000
0.999597 -0.015701 0.023664 -0.006600 0.020147 0.979335 -0.201239 10.822600 -0.020015 0.201634 0.979256 -0.430700 0.000000 0.000000 0.000000 1.000000
0.999488 -0.013937 0.028803 -0.006600 0.019507 0.978934 -0.203243 10.822600 -0.025363 0.203701 0.978705 -0.430700 0.000000 0.000000 0.000000 1.000000
0.999380 -0.010231 0.033701 -0.006600 0.016875 0.978986 -0.203228 10.822600 -0.030913 0.203670 0.978551 -0.430700 0.000000 0.000000 0.000000 1.000000
0.999253 -0.004971 0.038320 -0.006600 0.012606 0.979375 -0.201659 10.822600 -0.036527 0.201991 0.978706 -0.430700 0.000000 0.000000 0.000000 1.000000
0.999085 0.005029 0.042464 -0.006600 0.003358 0.980766 -0.195159 10.822600 -0.042628 0.195123 0.979852 -0.430700 0.000000 0.000000 0.000000 1.000000
0.998736 0.019809 0.046190 -0.006600 -0.011003 0.982932 -0.183639 10.822600 -0.049039 0.182899 0.981908 -0.430700 0.000000 0.000000 0.000000 1.000000
0.998149 0.035075 0.049688 -0.006600 -0.026073 0.984848 -0.171448 10.822600 -0.054949 0.169835 0.983939 -0.430700 0.000000 0.000000 0.000000 1.000000</float_array>
        <technique_common>
          <accessor source="#mixamorig_Spine-Matrix-animation-output-transform-array" count="96" stride="16">
            <param type="float4x4"/>
          </accessor>
        </technique_common>
      </source>
      <source id="mixamorig_Spine-Interpolations">
        <Name_array id="mixamorig_Spine-Interpolations-array" count="96">
 LINEAR LINEAR LINEAR LINEAR LINEAR LINEAR LINEAR LINEAR LINEAR LINEAR LINEAR
LINEAR LINEAR LINEAR LINEAR LINEAR LINEAR LINEAR LINEAR LINEAR LINEAR LINEAR LINEAR
LINEAR LINEAR LINEAR LINEAR LINEAR LINEAR LINEAR LINEAR LINEAR LINEAR LINEAR LINEAR
LINEAR LINEAR LINEAR LINEAR LINEAR LINEAR LINEAR LINEAR LINEAR LINEAR LINEAR LINEAR
LINEAR LINEAR LINEAR LINEAR LINEAR LINEAR LINEAR LINEAR LINEAR LINEAR LINEAR LINEAR
LINEAR LINEAR LINEAR LINEAR LINEAR LINEAR LINEAR LINEAR LINEAR LINEAR LINEAR LINEAR
LINEAR LINEAR LINEAR LINEAR LINEAR LINEAR LINEAR LINEAR LINEAR LINEAR LINEAR LINEAR
LINEAR LINEAR LINEAR LINEAR LINEAR LINEAR LINEAR LINEAR LINEAR LINEAR LINEAR LINEAR
LINEAR</Name_array>
        <technique_common>
          <accessor source="#mixamorig_Spine-Interpolations-array" count="96">
            <param type="name"/>
          </accessor>
        </technique_common>
      </source>
      <sampler id="mixamorig_Spine-Matrix-animation-transform">
        <input semantic="INPUT" source="#mixamorig_Spine-Matrix-animation-input"/>
        <input semantic="OUTPUT" source="#mixamorig_Spine-Matrix-animation-output-transform"/>
        <input semantic="INTERPOLATION" source="#mixamorig_Spine-Interpolations"/>
      </sampler>
      <channel source="#mixamorig_Spine-Matrix-animation-transform" target="mixamorig_Spine/matrix"/>
    </animation>
    <animation id="mixamorig_Spine1-anim" name="mixamorig_Spine1">
      <source id="mixamorig_Spine1-Matrix-animation-input">
        <float_array id="mixamorig_Spine1-Matrix-animation-input-array" count="96">

0.000000 0.033333 0.066667 0.100000 0.133333 0.166667 0.200000 0.233333 0.266667 0.300000 0.333333 0.366667 0.400000 0.433333 0.466667 0.500000
0.533333 0.566667 0.600000 0.633333 0.666667 0.700000 0.733333 0.766667 0.800000 0.833333 0.866667 0.900000 0.933333 0.966667 1.000000 1.033333
1.066667 1.100000 1.133333 1.166667 1.200000 1.233333 1.266667 1.300000 1.333333 1.366667 1.400000 1.433333 1.466667 1.500000 1.533333 1.566667
1.600000 1.633333 1.666667 1.700000 1.733333 1.766667 1.800000 1.833333 1.866667 1.900000 1.933333 1.966667 2.000000 2.033333 2.066667 2.100000
2.133333 2.166667 2.200000 2.233333 2.266667 2.300000 2.333333 2.366667 2.400000 2.433333 2.466667 2.500000 2.533333 2.566667 2.600000 2.633333
2.666667 2.700000 2.733333 2.766667 2.800000 2.833333 2.866667 2.900000 2.933333 2.966667 3.000000 3.033333 3.066667 3.100000 3.133333 3.166667</float_array>
        <technique_common>
          <accessor source="#mixamorig_Spine1-Matrix-animation-input-array" count="96">
            <param name="TIME" type="float"/>
          </accessor>
        </technique_common>
      </source>
      <source id="mixamorig_Spine1-Matrix-animation-output-transform">
        <float_array id="mixamorig_Spine1-Matrix-animation-output-transform-array" count="1536">

0.992520 0.074850 0.096442 0.000000 -0.062028 0.989611 -0.129700 12.655100 -0.105148 0.122747 0.986852 0.000000 0.000000 0.000000 0.000000 1.000000
0.992097 0.082569 0.094475 0.000000 -0.069688 0.988751 -0.132342 12.655100 -0.104340 0.124712 0.986691 -0.000000 0.000000 0.000000 0.000000 1.000000
0.991842 0.088935 0.091320 0.000000 -0.076245 0.988028 -0.134113 12.655100 -0.102154 0.126056 0.986749 0.000000 0.000000 0.000000 0.000000 1.000000
0.991589 0.097005 0.085683 -0.000000 -0.084536 0.986709 -0.138780 12.655100 -0.098006 0.130369 0.986610 0.000000 0.000000 0.000000 0.000000 1.000000
0.991440 0.105017 0.077576 0.000000 -0.092989 0.985043 -0.145066 12.655100 -0.091650 0.136611 0.986376 0.000000 0.000000 0.000000 0.000000 1.000000
0.991421 0.112414 0.066688 0.000000 -0.101176 0.983041 -0.152951 12.655100 -0.082751 0.144892 0.985981 0.000000 0.000000 0.000000 0.000000 1.000000
0.991531 0.118697 0.052698 0.000000 -0.108768 0.980708 -0.162422 12.655100 -0.070960 0.155314 0.985313 -0.000000 0.000000 0.000000 0.000000 1.000000
0.991775 0.123021 0.035330 0.000000 -0.114977 0.977583 -0.176388 12.655100 -0.056237 0.170875 0.983686 0.000000 0.000000 0.000000 0.000000 1.000000
0.991974 0.125645 0.014147 0.000000 -0.120456 0.973110 -0.196335 12.655100 -0.038435 0.193055 0.980435 0.000000 0.000000 0.000000 0.000000 1.000000
0.991677 0.126614 -0.023372 0.000000 -0.128647 0.967034 -0.219763 12.655100 -0.005223 0.220941 0.975273 -0.000000 0.000000 0.000000 0.000000 1.000000
0.990348 0.126074 -0.057585 0.000000 -0.136474 0.959526 -0.246343 12.655100 0.024197 0.251824 0.967470 0.000000 0.000000 0.000000 0.000000 1.000000
0.989024 0.123092 -0.081730 -0.000000 -0.140944 0.951968 -0.271829 12.655100 0.044344 0.280365 0.958869 0.000000 0.000000 0.000000 0.000000 1.000000
0.987779 0.119575 -0.099971 0.000000 -0.143816 0.946493 -0.288908 12.655100 0.060076 0.299755 0.952123 0.000000 0.000000 0.000000 0.000000 1.000000
0.987239 0.110184 -0.114971 -0.000000 -0.140809 0.941208 -0.307083 12.655100 0.074375 0.319354 0.944712 0.000000 0.000000 0.000000 0.000000 1.000000
0.987226 0.098671 -0.125098 0.000000 -0.133996 0.938969 -0.316833 12.655100 0.086201 0.329548 0.940195 0.000000 0.000000 0.000000 0.000000 1.000000
0.988464 0.076795 -0.130541 -0.000000 -0.115628 0.939327 -0.322947 12.655100 0.097820 0.334316 0.937371 0.000000 0.000000 0.000000 0.000000 1.000000
0.989560 0.046683 -0.136348 0.000000 -0.089530 0.940506 -0.327768 12.655100 0.112935 0.336554 0.934868 0.000000 0.000000 0.000000 0.000000 1.000000
