<?xml version="1.0" encoding="utf-8"?>
<COLLADA xmlns="http://www.collada.org/2005/11/COLLADASchema" version="1.4.1">
  <asset>
    <contributor>
      <author>Mixamo</author>
      <authoring_tool>COLLADA Mixamo exporter</authoring_tool>
      <comments/>
    </contributor>
    <created>2024-12-02T01:43:43Z</created>
    <modified>2024-12-02T01:43:43Z</modified>
    <revision/>
    <title/>
    <unit meter="0.010000"/>
    <up_axis>Y_UP</up_axis>
  </asset>
  <library_animations>
    <animation id="mixamorig_Hips-anim" name="mixamorig_Hips">
      <source id="mixamorig_Hips-Matrix-animation-input">
        <float_array id="mixamorig_Hips-Matrix-animation-input-array" count="38">

0.000000 0.033333 0.066667 0.100000 0.133333 0.166667 0.200000 0.233333 0.266667 0.300000 0.333333 0.366667 0.400000 0.433333 0.466667 0.500000
0.533333 0.566667 0.600000 0.633333 0.666667 0.700000 0.733333 0.766667 0.800000 0.833333 0.866667 0.900000 0.933333 0.966667 1.000000 1.033333
1.066667 1.100000 1.133333 1.166667 1.200000 1.233333</float_array>
        <technique_common>
          <accessor source="#mixamorig_Hips-Matrix-animation-input-array" count="38">
            <param name="TIME" type="float"/>
          </accessor>
        </technique_common>
      </source>
      <source id="mixamorig_Hips-Matrix-animation-output-transform">
        <float_array id="mixamorig_Hips-Matrix-animation-output-transform-array" count="608">

0.822634 -0.181833 -0.538711 -1.212737 -0.047816 0.922001 -0.384223 66.959061 0.566557 0.341835 0.749775 9.984030 0.000000 0.000000 0.000000 1.000000
0.823258 -0.167765 -0.542312 -0.785981 -0.067685 0.919508 -0.387201 67.069321 0.563618 0.355472 0.745636 4.682927 0.000000 0.000000 0.000000 1.000000
0.826419 -0.154706 -0.541384 -0.169611 -0.084168 0.916765 -0.390457 66.864601 0.556729 0.368249 0.744611 -0.919579 0.000000 0.000000 0.000000 1.000000
0.833103 -0.145938 -0.533518 0.250389 -0.093496 0.913530 -0.395882 66.913727 0.545158 0.379692 0.747420 -6.352916 0.000000 0.000000 0.000000 1.000000
0.839163 -0.140606 -0.525390 0.686585 -0.097568 0.911416 -0.399752 66.783752 0.535056 0.386719 0.751108 -11.037895 0.000000 0.000000 0.000000 1.000000
0.842948 -0.138237 -0.519932 0.943750 -0.099358 0.909800 -0.402978 66.654785 0.528741 0.391349 0.753179 -15.023300 0.000000 0.000000 0.000000 1.000000
0.845222 -0.138650 -0.516116 1.121779 -0.096947 0.909955 -0.403217 66.721909 0.525548 0.390844 0.755672 -18.352236 0.000000 0.000000 0.000000 1.000000
0.847195 -0.147079 -0.510519 1.394329 -0.085677 0.910517 -0.404497 67.555473 0.524329 0.386428 0.758784 -21.309113 0.000000 0.000000 0.000000 1.000000
0.848410 -0.146785 -0.508581 1.992868 -0.084527 0.910888 -0.403905 68.449249 0.522548 0.385666 0.760399 -25.125360 0.000000 0.000000 0.000000 1.000000
0.849680 -0.143101 -0.507509 2.661326 -0.089539 0.909337 -0.406311 68.694649 0.519640 0.390677 0.759833 -29.646641 0.000000 0.000000 0.000000 1.000000
0.851128 -0.136001 -0.507036 3.216184 -0.096552 0.908826 -0.405848 69.109406 0.516003 0.394384 0.760396 -34.635292 0.000000 0.000000 0.000000 1.000000
0.848016 -0.130309 -0.513701 3.569593 -0.101537 0.911395 -0.398809 69.209381 0.520153 0.390357 0.759646 -39.445324 0.000000 0.000000 0.000000 1.000000
0.844938 -0.129838 -0.518866 3.996094 -0.102254 0.912984 -0.394975 69.509598 0.524999 0.386785 0.758138 -43.819798 0.000000 0.000000 0.000000 1.000000
0.843496 -0.128754 -0.521475 4.402799 -0.098087 0.917598 -0.385217 69.713127 0.528103 0.376079 0.761362 -48.069122 0.000000 0.000000 0.000000 1.000000
0.846717 -0.130151 -0.515879 4.543796 -0.092753 0.918660 -0.384006 69.073372 0.523896 0.372994 0.765773 -52.071198 0.000000 0.000000 0.000000 1.000000
0.850845 -0.136419 -0.507397 4.534122 -0.083215 0.918529 -0.386498 68.373940 0.518785 0.371073 0.770174 -56.020344 0.000000 0.000000 0.000000 1.000000
0.851794 -0.145124 -0.503374 4.413065 -0.073277 0.918413 -0.388778 67.936134 0.518726 0.368044 0.771665 -60.120502 0.000000 0.000000 0.000000 1.000000
0.854041 -0.151307 -0.497716 4.200504 -0.063612 0.919210 -0.388595 67.766762 0.516303 0.363537 0.775418 -64.499664 0.000000 0.000000 0.000000 1.000000
0.854418 -0.153264 -0.496468 3.865303 -0.058614 0.920975 -0.385188 67.512260 0.516270 0.358212 0.777914 -68.862587 0.000000 0.000000 0.000000 1.000000
0.851536 -0.154697 -0.500955 3.421365 -0.058421 0.921534 -0.383879 67.135498 0.521031 0.356153 0.775681 -73.510986 0.000000 0.000000 0.000000 1.000000
0.847153 -0.155491 -0.508089 2.981693 -0.058533 0.923096 -0.380089 66.588402 0.528116 0.351734 0.772902 -78.262131 0.000000 0.000000 0.000000 1.000000
0.841179 -0.156869 -0.517503 2.545488 -0.058188 0.925184 -0.375031 65.977844 0.537616 0.345581 0.769118 -82.929337 0.000000 0.000000 0.000000 1.000000
0.831404 -0.163694 -0.531009 2.044909 -0.057673 0.925042 -0.375462 65.338333 0.552667 0.342785 0.759643 -87.537506 0.000000 0.000000 0.000000 1.000000
0.821118 -0.171697 -0.544321 1.599936 -0.055942 0.924878 -0.376126 64.561615 0.568010 0.339294 0.749829 -91.907227 0.000000 0.000000 0.000000 1.000000
0.812572 -0.179629 -0.554491 1.108989 -0.053840 0.924127 -0.378272 63.648201 0.580369 0.337227 0.741249 -95.991142 0.000000 0.000000 0.000000 1.000000
0.805251 -0.182666 -0.564096 0.715712 -0.054697 0.924423 -0.377427 62.994663 0.590406 0.334777 0.734401 -99.938362 0.000000 0.000000 0.000000 1.000000
0.798700 -0.184947 -0.572602 0.479728 -0.057975 0.923515 -0.379156 62.541252 0.598930 0.336029 0.726889 -103.917877 0.000000 0.000000 0.000000 1.000000
0.796645 -0.181453 -0.576568 0.505757 -0.062031 0.924299 -0.376596 62.316040 0.601256 0.335778 0.725083 -108.101746 0.000000 0.000000 0.000000 1.000000
0.801834 -0.171348 -0.572452 0.513692 -0.065232 0.927179 -0.368896 62.134201 0.593976 0.333135 0.732266 -112.535591 0.000000 0.000000 0.000000 1.000000
0.806924 -0.171358 -0.565253 0.244950 -0.056547 0.930184 -0.362711 61.963860 0.587943 0.324644 0.740898 -116.964294 0.000000 0.000000 0.000000 1.000000
0.814162 -0.183160 -0.550993 -0.128859 -0.040877 0.928509 -0.369054 62.031326 0.579198 0.322992 0.748469 -121.642380 0.000000 0.000000 0.000000 1.000000
0.823701 -0.192282 -0.533427 -0.514220 -0.024676 0.927701 -0.372508 62.298386 0.566487 0.319999 0.759403 -125.977066 0.000000 0.000000 0.000000 1.000000
0.830335 -0.197323 -0.521160 -0.903660 -0.012122 0.928594 -0.370900 62.951603 0.557133 0.314288 0.768652 -130.125061 0.000000 0.000000 0.000000 1.000000
0.828572 -0.198621 -0.523468 -1.241303 -0.008159 0.930577 -0.366005 63.841385 0.559824 0.307533 0.769429 -134.601257 0.000000 0.000000 0.000000 1.000000
0.825327 -0.196003 -0.529545 -1.488551 -0.008840 0.933221 -0.359195 65.204338 0.564585 0.301134 0.768480 -139.216263 0.000000 0.000000 0.000000 1.000000
0.823956 -0.197913 -0.530967 -1.607476 -0.011712 0.930875 -0.365149 66.072952 0.566532 0.307086 0.764683 -143.088821 0.000000 0.000000 0.000000 1.000000
0.824501 -0.192554 -0.532091 -1.458573 -0.026453 0.926178 -0.376157 66.581375 0.565242 0.324217 0.758542 -146.532867 0.000000 0.000000 0.000000 1.000000
0.822641 -0.181811 -0.538708 -1.212386 -0.047857 0.921989 -0.384247 66.957481 0.566543 0.341878 0.749765 -150.095596 0.000000 0.000000 0.000000 1.000000</float_array>
        <technique_common>
          <accessor source="#mixamorig_Hips-Matrix-animation-output-transform-array" count="38" stride="16">
            <param type="float4x4"/>
          </accessor>
        </technique_common>
      </source>
      <source id="mixamorig_Hips-Interpolations">
        <Name_array id="mixamorig_Hips-Interpolations-array" count="38">
 LINEAR LINEAR LINEAR LINEAR LINEAR LINEAR LINEAR LINEAR LINEAR LINEAR LINEAR
LINEAR LINEAR LINEAR LINEAR LINEAR LINEAR LINEAR LINEAR LINEAR LINEAR LINEAR LINEAR
LINEAR LINEAR LINEAR LINEAR LINEAR LINEAR LINEAR LINEAR LINEAR LINEAR LINEAR LINEAR
LINEAR LINEAR LINEAR</Name_array>
        <technique_common>
          <accessor source="#mixamorig_Hips-Interpolations-array" count="38">
            <param type="name"/>
          </accessor>
        </technique_common>
      </source>
      <sampler id="mixamorig_Hips-Matrix-animation-transform">
        <input semantic="INPUT" source="#mixamorig_Hips-Matrix-animation-input"/>
        <input semantic="OUTPUT" source="#mixamorig_Hips-Matrix-animation-output-transform"/>
        <input semantic="INTERPOLATION" source="#mixamorig_Hips-Interpolations"/>
      </sampler>
      <channel source="#mixamorig_Hips-Matrix-animation-transform" target="mixamorig_Hips/matrix"/>
    </animation>
    <animation id="mixamorig_Spine-anim" name="mixamorig_Spine">
      <source id="mixamorig_Spine-Matrix-animation-input">
        <float_array id="mixamorig_Spine-Matrix-animation-input-array" count="38">

0.000000 0.033333 0.066667 0.100000 0.133333 0.166667 0.200000 0.233333 0.266667 0.300000 0.333333 0.366667 0.400000 0.433333 0.466667 0.500000
0.533333 0.566667 0.600000 0.633333 0.666667 0.700000 0.733333 0.766667 0.800000 0.833333 0.866667 0.900000 0.933333 0.966667 1.000000 1.033333
1.066667 1.100000 1.133333 1.166667 1.200000 1.233333</float_array>
        <technique_common>
          <accessor source="#mixamorig_Spine-Matrix-animation-input-array" count="38">
            <param name="TIME" type="float"/>
          </accessor>
        </technique_common>
      </source>
      <source id="mixamorig_Spine-Matrix-animation-output-transform">
        <float_array id="mixamorig_Spine-Matrix-animation-output-transform-array" count="608">

0.995348 0.096302 0.002887 0.000000 -0.079899 0.841815 -0.533820 13.784800 -0.053838 0.531106 0.845593 0.064400 0.000000 0.000000 0.000000 1.000000
0.997331 0.072392 0.009546 -0.000000 -0.055753 0.839386 -0.540669 13.784800 -0.047153 0.538694 0.841181 0.064400 0.000000 0.000000 0.000000 1.000000
0.999145 0.037465 0.017479 0.000000 -0.022216 0.843130 -0.537251 13.784800 -0.034865 0.536403 0.843241 0.064400 0.000000 0.000000 0.000000 1.000000
0.999780 -0.006786 0.019822 0.000000 0.016194 0.850578 -0.525599 13.784800 -0.013293 0.525805 0.850501 0.064400 0.000000 0.000000 0.000000 1.000000
0.998564 -0.050477 0.017946 0.000000 0.052627 0.861626 -0.504808 13.784800 0.010019 0.505028 0.863045 0.064400 0.000000 0.000000 0.000000 1.000000
0.995962 -0.088427 0.015534 0.000000 0.085153 0.875537 -0.475587 13.784800 0.028454 0.474990 0.879531 0.064400 0.000000 0.000000 0.000000 1.000000
0.993943 -0.109204 0.012317 0.000000 0.103050 0.887210 -0.449709 13.784800 0.038183 0.448254 0.893090 0.064400 0.000000 0.000000 0.000000 1.000000
0.992763 -0.119906 0.006714 0.000000 0.111194 0.896634 -0.428584 13.784800 0.045370 0.426228 0.903477 0.064400 0.000000 0.000000 0.000000 1.000000
0.992191 -0.124585 0.005970 -0.000000 0.115010 0.895315 -0.430330 13.784800 0.048268 0.427657 0.902652 0.064400 0.000000 0.000000 0.000000 1.000000
0.992345 -0.123296 0.006972 0.000000 0.114131 0.894095 -0.433090 13.784800 0.047164 0.430571 0.901324 0.064400 0.000000 0.000000 0.000000 1.000000
0.993276 -0.115335 0.010008 0.000000 0.107184 0.883506 -0.455992 13.784800 0.043749 0.453999 0.889928 0.064400 0.000000 0.000000 0.000000 1.000000
0.995112 -0.098080 0.011505 0.000000 0.091664 0.874054 -0.477102 13.784800 0.036738 0.475825 0.878772 0.064400 0.000000 0.000000 0.000000 1.000000
0.996978 -0.076509 0.013442 0.000000 0.073574 0.874513 -0.479389 13.784800 0.024923 0.478929 0.877500 0.064400 0.000000 0.000000 0.000000 1.000000
0.998524 -0.052839 0.012550 0.000000 0.052177 0.869261 -0.491592 13.784800 0.015066 0.491521 0.870735 0.064400 0.000000 0.000000 0.000000 1.000000
0.999222 -0.037548 0.012101 0.000000 0.038734 0.875593 -0.481494 13.784800 0.007484 0.481587 0.876366 0.064400 0.000000 0.000000 0.000000 1.000000
0.999617 -0.025500 0.010733 -0.000000 0.027545 0.881064 -0.472194 13.784800 0.002585 0.472309 0.881429 0.064400 0.000000 0.000000 0.000000 1.000000
0.999945 -0.005022 0.009200 0.000000 0.008720 0.885541 -0.464479 13.784800 -0.005814 0.464534 0.885536 0.064400 0.000000 0.000000 0.000000 1.000000
0.999902 0.012603 0.006100 0.000000 -0.008282 0.883650 -0.468074 13.784800 -0.011289 0.467978 0.883668 0.064400 0.000000 0.000000 0.000000 1.000000
0.999681 0.024995 0.003518 -0.000000 -0.020436 0.883254 -0.468450 13.784800 -0.014816 0.468229 0.883483 0.064400 0.000000 0.000000 0.000000 1.000000
0.999390 0.034787 0.003199 0.000000 -0.029415 0.887356 -0.460146 13.784800 -0.018846 0.459771 0.887837 0.064400 0.000000 0.000000 0.000000 1.000000
0.998775 0.049350 0.003508 0.000000 -0.042423 0.890733 -0.452542 13.784800 -0.025457 0.451839 0.891736 0.064400 0.000000 0.000000 0.000000 1.000000
0.997877 0.064979 0.004379 0.000000 -0.056234 0.893594 -0.445340 13.784800 -0.032851 0.444149 0.895351 0.064400 0.000000 0.000000 0.000000 1.000000
0.996290 0.085810 0.006565 0.000000 -0.074805 0.901182 -0.426938 13.784800 -0.042552 0.424863 0.904257 0.064400 0.000000 0.000000 0.000000 1.000000
0.994584 0.103655 0.007608 -0.000000 -0.091492 0.907904 -0.409071 13.784800 -0.049310 0.406159 0.912471 0.064400 0.000000 0.000000 0.000000 1.000000
0.993359 0.114727 0.008733 0.000000 -0.102249 0.915027 -0.390219 13.784800 -0.052759 0.386734 0.920681 0.064400 0.000000 0.000000 0.000000 1.000000
0.992652 0.120372 0.012317 0.000000 -0.107111 0.921496 -0.373325 13.784800 -0.056288 0.369263 0.927619 0.064400 0.000000 0.000000 0.000000 1.000000
0.992602 0.120039 0.018198 0.000000 -0.106063 0.930274 -0.351199 13.784800 -0.059087 0.346671 0.936124 0.064400 0.000000 0.000000 0.000000 1.000000
0.993443 0.111870 0.023559 0.000000 -0.097298 0.935543 -0.339549 13.784800 -0.060026 0.335030 0.940293 0.064400 0.000000 0.000000 0.000000 1.000000
0.995477 0.091817 0.024383 0.000000 -0.078234 0.937940 -0.337859 13.784800 -0.053891 0.334423 0.940881 0.064400 0.000000 0.000000 0.000000 1.000000
0.996400 0.082145 0.020962 0.000000 -0.070204 0.938104 -0.339165 13.784800 -0.047525 0.336472 0.940493 0.064400 0.000000 0.000000 0.000000 1.000000
0.997069 0.074625 0.016880 0.000000 -0.065070 0.943139 -0.325966 13.784800 -0.040245 0.323913 0.945231 0.064400 0.000000 0.000000 0.000000 1.000000
0.997545 0.069093 0.011444 -0.000000 -0.061611 0.943470 -0.325683 13.784800 -0.033300 0.324178 0.945410 0.064400 0.000000 0.000000 0.000000 1.000000
0.997048 0.076556 0.005806 -0.000000 -0.069627 0.933493 -0.351771 13.784800 -0.032350 0.350329 0.936068 0.064400 0.000000 0.000000 0.000000 1.000000
0.995631 0.093370 -0.000231 0.000000 -0.085821 0.914158 -0.396169 13.784800 -0.036779 0.394458 0.918177 0.064400 0.000000 0.000000 0.000000 1.000000
0.993966 0.109349 -0.008667 0.000000 -0.101271 0.884435 -0.455542 13.784800 -0.042148 0.453671 0.890172 0.064400 0.000000 0.000000 0.000000 1.000000
0.992983 0.117696 -0.011475 0.000000 -0.107945 0.862515 -0.494385 13.784800 -0.048290 0.492155 0.869167 0.064400 0.000000 0.000000 0.000000 1.000000
0.994001 0.109229 -0.005493 0.000000 -0.096338 0.850701 -0.516746 13.784800 -0.051771 0.514176 0.856121 0.064400 0.000000 0.000000 0.000000 1.000000
0.995348 0.096301 0.002879 0.000000 -0.079903 0.841815 -0.533819 13.784800 -0.053831 0.531106 0.845594 0.064400 0.000000 0.000000 0.000000 1.000000</float_array>
        <technique_common>
          <accessor source="#mixamorig_Spine-Matrix-animation-output-transform-array" count="38" stride="16">
            <param type="float4x4"/>
          </accessor>
        </technique_common>
      </source>
      <source id="mixamorig_Spine-Interpolations">
        <Name_array id="mixamorig_Spine-Interpolations-array" count="38">
 LINEAR LINEAR LINEAR LINEAR LINEAR LINEAR LINEAR LINEAR LINEAR LINEAR LINEAR
LINEAR LINEAR LINEAR LINEAR LINEAR LINEAR LINEAR LINEAR LINEAR LINEAR LINEAR LINEAR
LINEAR LINEAR LINEAR LINEAR LINEAR LINEAR LINEAR LINEAR LINEAR LINEAR LINEAR LINEAR
LINEAR LINEAR LINEAR</Name_array>
        <technique_common>
          <accessor source="#mixamorig_Spine-Interpolations-array" count="38">
            <param type="name"/>
          </accessor>
        </technique_common>
      </source>
      <sampler id="mixamorig_Spine-Matrix-animation-transform">
        <input semantic="INPUT" source="#mixamorig_Spine-Matrix-animation-input"/>
        <input semantic="OUTPUT" source="#mixamorig_Spine-Matrix-animation-output-transform"/>
        <input semantic="INTERPOLATION" source="#mixamorig_Spine-Interpolations"/>
      </sampler>
      <channel source="#mixamorig_Spine-Matrix-animation-transform" target="mixamorig_Spine/matrix"/>
    </animation>
    <animation id="mixamorig_Spine1-anim" name="mixamorig_Spine1">
      <source id="mixamorig_Spine1-Matrix-animation-input">
        <float_array id="mixamorig_Spine1-Matrix-animation-input-array" count="38">

0.000000 0.033333 0.066667 0.100000 0.133333 0.166667 0.200000 0.233333 0.266667 0.300000 0.333333 0.366667 0.400000 0.433333 0.466667 0.500000
0.533333 0.566667 0.600000 0.633333 0.666667 0.700000 0.733333 0.766667 0.800000 0.833333 0.866667 0.900000 0.933333 0.966667 1.000000 1.033333
1.066667 1.100000 1.133333 1.166667 1.200000 1.233333</float_array>
        <technique_common>
          <accessor source="#mixamorig_Spine1-Matrix-animation-input-array" count="38">
            <param name="TIME" type="float"/>
          </accessor>
        </technique_common>
      </source>
      <source id="mixamorig_Spine1-Matrix-animation-output-transform">
        <float_array id="mixamorig_Spine1-Matrix-animation-output-transform-array" count="608">

0.995656 -0.026119 -0.089371 -0.000000 0.029959 0.998673 0.041898 12.024300 0.088158 -0.044393 0.995117 0.000000 0.000000 0.000000 0.000000 1.000000
0.995643 -0.026539 -0.089393 -0.000000 0.031030 0.998306 0.049226 12.024300 0.087935 -0.051786 0.994779 -0.000000 0.000000 0.000000 0.000000 1.000000
0.995670 -0.022866 -0.090100 0.000000 0.027715 0.998213 0.052940 12.024300 0.088728 -0.055208 0.994525 0.000000 0.000000 0.000000 0.000000 1.000000
0.995524 -0.013965 -0.093467 -0.000000 0.019040 0.998380 0.053622 12.024300 0.092566 -0.055161 0.994177 0.000000 0.000000 0.000000 0.000000 1.000000
0.995274 -0.002146 -0.097086 0.000000 0.006924 0.998779 0.048906 12.024300 0.096863 -0.049347 0.994074 0.000000 0.000000 0.000000 0.000000 1.000000
0.995050 0.008359 -0.099027 -0.000000 -0.004396 0.999183 0.040179 12.024300 0.099282 -0.039545 0.994273 -0.000000 0.000000 0.000000 0.000000 1.000000
0.994888 0.015585 -0.099773 0.000000 -0.012602 0.999457 0.030459 12.024300 0.100193 -0.029046 0.994544 0.000000 0.000000 0.000000 0.000000 1.000000
0.994637 0.023060 -0.100824 -0.000000 -0.020794 0.999508 0.023463 12.024300 0.101315 -0.021241 0.994628 0.000000 0.000000 0.000000 0.000000 1.000000
0.994849 0.022219 -0.098907 -0.000000 -0.019896 0.999504 0.024408 12.024300 0.099400 -0.022315 0.994797 0.000000 0.000000 0.000000 0.000000 1.000000
0.994800 0.020434 -0.099779 0.000000 -0.018298 0.999584 0.022280 12.024300 0.100192 -0.020338 0.994760 -0.000000 0.000000 0.000000 0.000000 1.000000
0.994954 0.015699 -0.099094 0.000000 -0.013199 0.999579 0.025834 12.024300 0.099457 -0.024396 0.994743 0.000000 0.000000 0.000000 0.000000 1.000000
0.995477 0.012275 -0.094205 -0.000000 -0.009979 0.999642 0.024806 12.024300 0.094476 -0.023754 0.995244 0.000000 0.000000 0.000000 0.000000 1.000000
0.995807 0.007635 -0.091161 0.000000 -0.005881 0.999793 0.019486 12.024300 0.091290 -0.018868 0.995646 0.000000 0.000000 0.000000 0.000000 1.000000
0.995840 0.002492 -0.091081 0.000000 -0.000719 0.999810 0.019495 12.024300 0.091112 -0.019348 0.995653 -0.000000 0.000000 0.000000 0.000000 1.000000
0.995768 -0.003676 -0.091833 0.000000 0.004730 0.999925 0.011258 12.024300 0.091784 -0.011645 0.995711 0.000000 0.000000 0.000000 0.000000 1.000000
0.995652 -0.007565 -0.092839 0.000000 0.008244 0.999942 0.006931 12.024300 0.092782 -0.007667 0.995657 0.000000 0.000000 0.000000 0.000000 1.000000
0.995793 -0.012391 -0.090788 -0.000000 0.012696 0.999916 0.002784 12.024300 0.090746 -0.003925 0.995866 0.000000 0.000000 0.000000 0.000000 1.000000
0.995769 -0.017909 -0.090129 0.000000 0.018205 0.999831 0.002466 12.024300 0.090069 -0.004096 0.995927 0.000000 0.000000 0.000000 0.000000 1.000000
0.995920 -0.019276 -0.088156 0.000000 0.019153 0.999814 -0.002245 12.024300 0.088183 0.000548 0.996104 0.000000 0.000000 0.000000 0.000000 1.000000
0.996207 -0.018791 -0.084960 0.000000 0.018125 0.999799 -0.008605 12.024300 0.085104 0.007032 0.996347 0.000000 0.000000 0.000000 0.000000 1.000000
0.996531 -0.018874 -0.081056 0.000000 0.017822 0.999748 -0.013683 12.024300 0.081294 0.012191 0.996616 0.000000 0.000000 0.000000 0.000000 1.000000
0.996861 -0.019111 -0.076825 -0.000000 0.017879 0.999701 -0.016697 12.024300 0.077121 0.015271 0.996905 -0.000000 0.000000 0.000000 0.000000 1.000000
0.997209 -0.019287 -0.072125 0.000000 0.017766 0.999607 -0.021673 12.024300 0.072515 0.020331 0.997160 0.000000 0.000000 0.000000 0.000000 1.000000
0.997406 -0.018432 -0.069577 0.000000 0.016774 0.999563 -0.024333 12.024300 0.069995 0.023103 0.997280 0.000000 0.000000 0.000000 0.000000 1.000000
0.997443 -0.016445 -0.069554 0.000000 0.014665 0.999554 -0.026033 12.024300 0.069951 0.024947 0.997238 0.000000 0.000000 0.000000 0.000000 1.000000
0.997461 -0.016549 -0.069268 0.000000 0.014510 0.999450 -0.029831 12.024300 0.069723 0.028750 0.997152 0.000000 0.000000 0.000000 0.000000 1.000000
0.997419 -0.013571 -0.070506 0.000000 0.011069 0.999299 -0.035767 12.024300 0.070942 0.034894 0.996870 0.000000 0.000000 0.000000 0.000000 1.000000
0.997255 -0.007954 -0.073621 0.000000 0.005112 0.999238 -0.038702 12.024300 0.073872 0.038219 0.996535 -0.000000 0.000000 0.000000 0.000000 1.000000
0.996905 0.000047 -0.078614 0.000000 -0.003305 0.999141 -0.041311 12.024300 0.078545 0.041443 0.996049 -0.000000 0.000000 0.000000 0.000000 1.000000
0.996365 0.007731 -0.084830 0.000000 -0.011404 0.999014 -0.042909 12.024300 0.084415 0.043720 0.995471 0.000000 0.000000 0.000000 0.000000 1.000000
0.995597 0.013240 -0.092803 0.000000 -0.017649 0.998746 -0.046851 12.024300 0.092066 0.048282 0.994582 0.000000 0.000000 0.000000 0.000000 1.000000
0.994870 0.015677 -0.099944 -0.000000 -0.020581 0.998625 -0.048223 12.024300 0.099050 0.050032 0.993824 0.000000 0.000000 0.000000 0.000000 1.000000
0.994821 0.010223 -0.101124 0.000000 -0.014373 0.999081 -0.040388 12.024300 0.100618 0.041632 0.994054 0.000000 0.000000 0.000000 0.000000 1.000000
0.995425 0.001415 -0.095531 0.000000 -0.003767 0.999694 -0.024448 12.024300 0.095467 0.024696 0.995126 0.000000 0.000000 0.000000 0.000000 1.000000
0.995728 -0.008334 -0.091955 0.000000 0.008161 0.999964 -0.002257 12.024300 0.091971 0.001497 0.995761 0.000000 0.000000 0.000000 0.000000 1.000000
0.995571 -0.017382 -0.092397 0.000000 0.019031 0.999674 0.016999 12.024300 0.092072 -0.018682 0.995577 -0.000000 0.000000 0.000000 0.000000 1.000000
0.995498 -0.022772 -0.092001 0.000000 0.025699 0.999197 0.030746 12.024300 0.091227 -0.032972 0.995284 0.000000 0.000000 0.000000 0.000000 1.000000
0.995656 -0.026119 -0.089371 0.000000 0.029959 0.998673 0.041897 12.024300 0.088158 -0.044392 0.995117 0.000000 0.000000 0.000000 0.000000 1.000000</float_array>
        <technique_common>
          <accessor source="#mixamorig_Spine1-Matrix-animation-output-transform-array" count="38" stride="16">
            <param type="float4x4"/>
          </accessor>
        </technique_common>
      </source>
      <source id="mixamorig_Spine1-Interpolations">
        <Name_array id="mixamorig_Spine1-Interpolations-array" count="38">
 LINEAR LINEAR LINEAR LINEAR LINEAR LINEAR LINEAR LINEAR LINEAR LINEAR LINEAR
LINEAR LINEAR LINEAR LINEAR LINEAR LINEAR LINEAR LINEAR LINEAR LINEAR LINEAR LINEAR
LINEAR LINEAR LINEAR LINEAR LINEAR LINEAR LINEAR LINEAR LINEAR LINEAR LINEAR LINEAR
LINEAR LINEAR LINEAR</Name_array>
        <technique_common>
          <accessor source="#mixamorig_Spine1-Interpolations-array" count="38">
            <param type="name"/>
          </accessor>
        </technique_common>
      </source>
      <sampler id="mixamorig_Spine1-Matrix-animation-transform">
        <input semantic="INPUT" source="#mixamorig_Spine1-Matrix-animation-input"/>
        <input semantic="OUTPUT" source="#mixamorig_Spine1-Matrix-animation-output-transform"/>
        <input semantic="INTERPOLATION" source="#mixamorig_Spine1-Interpolations"/>
      </sampler>
      <channel source="#mixamorig_Spine1-Matrix-animation-transform" target="mixamorig_Spine1/matrix"/>
    </animation>
    <animation id="mixamorig_Spine2-anim" name="mixamorig_Spine2">
      <source id="mixamorig_Spine2-Matrix-animation-input">
        <float_array id="mixamorig_Spine2-Matrix-animation-input-array" count="38">

0.000000 0.033333 0.066667 0.100000 0.133333 0.166667 0.200000 0.233333 0.266667 0.300000 0.333333 0.366667 0.400000 0.433333 0.466667 0.500000
0.533333 0.566667 0.600000 0.633333 0.666667 0.700000 0.733333 0.766667 0.800000 0.833333 0.866667 0.900000 0.933333 0.966667 1.000000 1.033333
1.066667 1.100000 1.133333 1.166667 1.200000 1.233333</float_array>
        <technique_common>
          <accessor source="#mixamorig_Spine2-Matrix-animation-input-array" count="38">
            <param name="TIME" type="float"/>
          </accessor>
        </technique_common>
      </source>
      <source id="mixamorig_Spine2-Matrix-animation-output-transform">
        <float_array id="mixamorig_Spine2-Matrix-animation-output-transform-array" count="608">

0.995470 -0.035711 -0.088118 0.000000 0.040214 0.997946 0.049864 17.815800 0.086156 -0.053182 0.994861 -0.000000 0.000000 0.000000 0.000000 1.000000
0.995443 -0.036984 -0.087891 0.000000 0.042155 0.997442 0.057729 17.815800 0.085531 -0.061171 0.994456 0.000000 0.000000 0.000000 0.000000 1.000000
0.995504 -0.033844 -0.088472 -0.000000 0.039450 0.997271 0.062410 17.815800 0.086118 -0.065619 0.994122 0.000000 0.000000 0.000000 0.000000 1.000000
0.995426 -0.025415 -0.092098 -0.000000 0.031421 0.997432 0.064362 17.815800 0.090226 -0.066962 0.993668 0.000000 0.000000 0.000000 0.000000 1.000000
0.995265 -0.013582 -0.096245 0.000000 0.019525 0.997942 0.061084 17.815800 0.095217 -0.062673 0.993482 -0.000000 0.000000 0.000000 0.000000 1.000000
0.995118 -0.002183 -0.098668 -0.000000 0.007538 0.998516 0.053933 17.815800 0.098403 -0.054414 0.993658 0.000000 0.000000 0.000000 0.000000 1.000000
0.994989 0.006098 -0.099801 0.000000 -0.001584 0.998975 0.045241 17.815800 0.099974 -0.044856 0.993978 0.000000 0.000000 0.000000 0.000000 1.000000
0.994740 0.014414 -0.101410 0.000000 -0.010502 0.999184 0.039007 17.815800 0.101890 -0.037737 0.994080 0.000000 0.000000 0.000000 0.000000 1.000000
0.994953 0.013883 -0.099378 -0.000000 -0.009922 0.999141 0.040242 17.815800 0.099851 -0.039053 0.994236 -0.000000 0.000000 0.000000 0.000000 1.000000
0.994892 0.012853 -0.100120 0.000000 -0.009064 0.999228 0.038216 17.815800 0.100534 -0.037113 0.994241 0.000000 0.000000 0.000000 0.000000 1.000000
0.995038 0.008391 -0.099144 -0.000000 -0.004281 0.999125 0.041603 17.815800 0.099406 -0.040972 0.994203 -0.000000 0.000000 0.000000 0.000000 1.000000
0.995541 0.005740 -0.094159 0.000000 -0.001950 0.999186 0.040293 17.815800 0.094313 -0.039929 0.994742 0.000000 0.000000 0.000000 0.000000 1.000000
0.995850 0.002027 -0.090984 0.000000 0.001105 0.999409 0.034360 17.815800 0.091000 -0.034318 0.995259 0.000000 0.000000 0.000000 0.000000 1.000000
0.995873 -0.003605 -0.090688 0.000000 0.006646 0.999425 0.033256 17.815800 0.090516 -0.033722 0.995324 0.000000 0.000000 0.000000 0.000000 1.000000
0.995815 -0.009415 -0.090911 0.000000 0.011669 0.999637 0.024298 17.815800 0.090649 -0.025257 0.995563 0.000000 0.000000 0.000000 0.000000 1.000000
0.995708 -0.013199 -0.091604 0.000000 0.015024 0.999702 0.019261 17.815800 0.091322 -0.020555 0.995609 -0.000000 0.000000 0.000000 0.000000 1.000000
0.995860 -0.017645 -0.089174 0.000000 0.018994 0.999717 0.014306 17.815800 0.088896 -0.015941 0.995913 0.000000 0.000000 0.000000 0.000000 1.000000
0.995842 -0.023397 -0.088042 0.000000 0.024646 0.999610 0.013131 17.815800 0.087700 -0.015246 0.996030 -0.000000 0.000000 0.000000 0.000000 1.000000
0.996016 -0.024620 -0.085704 0.000000 0.025408 0.999644 0.008114 17.815800 0.085474 -0.010259 0.996288 0.000000 0.000000 0.000000 0.000000 1.000000
0.996332 -0.023740 -0.082210 0.000000 0.023954 0.999712 0.001620 17.815800 0.082148 -0.003584 0.996614 0.000000 0.000000 0.000000 0.000000 1.000000
0.996682 -0.023626 -0.077888 0.000000 0.023413 0.999719 -0.003642 17.815800 0.077952 0.001807 0.996955 -0.000000 0.000000 0.000000 0.000000 1.000000
0.997030 -0.023727 -0.073272 0.000000 0.023290 0.999706 -0.006818 17.815800 0.073413 0.005091 0.997289 -0.000000 0.000000 0.000000 0.000000 1.000000
0.997397 -0.023039 -0.068325 0.000000 0.022277 0.999681 -0.011894 17.815800 0.068578 0.010341 0.997592 0.000000 0.000000 0.000000 0.000000 1.000000
0.997601 -0.021447 -0.065818 -0.000000 0.020525 0.999682 -0.014657 17.815800 0.066111 0.013271 0.997724 0.000000 0.000000 0.000000 0.000000 1.000000
0.997638 -0.018806 -0.066064 0.000000 0.017757 0.999707 -0.016421 17.815800 0.066354 0.015209 0.997680 0.000000 0.000000 0.000000 0.000000 1.000000
0.997667 -0.018177 -0.065801 -0.000000 0.016886 0.999655 -0.020126 17.815800 0.066144 0.018968 0.997630 0.000000 0.000000 0.000000 0.000000 1.000000
0.997639 -0.014426 -0.067148 0.000000 0.012714 0.999585 -0.025842 17.815800 0.067493 0.024928 0.997408 0.000000 0.000000 0.000000 0.000000 1.000000
0.997465 -0.008664 -0.070625 0.000000 0.006670 0.999574 -0.028411 17.815800 0.070841 0.027868 0.997098 -0.000000 0.000000 0.000000 0.000000 1.000000
0.997082 -0.000881 -0.076334 0.000000 -0.001427 0.999543 -0.030185 17.815800 0.076325 0.030206 0.996625 0.000000 0.000000 0.000000 0.000000 1.000000
0.996512 0.006661 -0.083184 0.000000 -0.009285 0.999470 -0.031201 17.815800 0.082932 0.031864 0.996046 0.000000 0.000000 0.000000 0.000000 1.000000
0.995713 0.013082 -0.091569 0.000000 -0.016307 0.999270 -0.034551 17.815800 0.091050 0.035896 0.995199 0.000000 0.000000 0.000000 0.000000 1.000000
0.994959 0.016098 -0.098981 0.000000 -0.019697 0.999176 -0.035488 17.815800 0.098328 0.037259 0.994456 0.000000 0.000000 0.000000 0.000000 1.000000
0.994923 0.009835 -0.100160 0.000000 -0.012717 0.999522 -0.028180 17.815800 0.099835 0.029310 0.994572 -0.000000 0.000000 0.000000 0.000000 1.000000
0.995531 -0.000994 -0.094433 0.000000 -0.000266 0.999911 -0.013335 17.815800 0.094438 0.013301 0.995442 0.000000 0.000000 0.000000 0.000000 1.000000
0.995781 -0.013352 -0.090784 -0.000000 0.014096 0.999872 0.007565 17.815800 0.090672 -0.008813 0.995842 0.000000 0.000000 0.000000 0.000000 1.000000
0.995534 -0.024512 -0.091166 0.000000 0.026936 0.999313 0.025457 17.815800 0.090479 -0.027799 0.995510 0.000000 0.000000 0.000000 0.000000 1.000000
0.995377 -0.031373 -0.090773 0.000000 0.035004 0.998638 0.038682 17.815800 0.089436 -0.041681 0.995120 0.000000 0.000000 0.000000 0.000000 1.000000
0.995470 -0.035711 -0.088117 0.000000 0.040214 0.997946 0.049864 17.815800 0.086155 -0.053182 0.994861 0.000000 0.000000 0.000000 0.000000 1.000000</float_array>
        <technique_common>
          <accessor source="#mixamorig_Spine2-Matrix-animation-output-transform-array" count="38" stride="16">
            <param type="float4x4"/>
          </accessor>
        </technique_common>
      </source>
      <source id="mixamorig_Spine2-Interpolations">
        <Name_array id="mixamorig_Spine2-Interpolations-array" count="38">
 LINEAR LINEAR LINEAR LINEAR LINEAR LINEAR LINEAR LINEAR LINEAR LINEAR LINEAR
LINEAR LINEAR LINEAR LINEAR LINEAR LINEAR LINEAR LINEAR LINEAR LINEAR LINEAR LINEAR
LINEAR LINEAR LINEAR LINEAR LINEAR LINEAR LINEAR LINEAR LINEAR LINEAR LINEAR LINEAR
LINEAR LINEAR LINEAR</Name_array>
        <technique_common>
          <accessor source="#mixamorig_Spine2-Interpolations-array" count="38">
            <param type="name"/>
          </accessor>
        </technique_common>
      </source>
      <sampler id="mixamorig_Spine2-Matrix-animation-transform">
        <input semantic="INPUT" source="#mixamorig_Spine2-Matrix-animation-input"/>
        <input semantic="OUTPUT" source="#mixamorig_Spine2-Matrix-animation-output-transform"/>
        <input semantic="INTERPOLATION" source="#mixamorig_Spine2-Interpolations"/>
      </sampler>
      <channel source="#mixamorig_Spine2-Matrix-animation-transform" target="mixamorig_Spine2/matrix"/>
    </animation>
    <animation id="mixamorig_Neck-anim" name="mixamorig_Neck">
      <source id="mixamorig_Neck-Matrix-animation-input">
        <float_array id="mixamorig_Neck-Matrix-animation-input-array" count="38">

0.000000 0.033333 0.066667 0.100000 0.133333 0.166667 0.200000 0.233333 0.266667 0.300000 0.333333 0.366667 0.400000 0.433333 0.466667 0.500000
0.533333 0.566667 0.600000 0.633333 0.666667 0.700000 0.733333 0.766667 0.800000 0.833333 0.866667 0.900000 0.933333 0.966667 1.000000 1.033333
1.066667 1.100000 1.133333 1.166667 1.200000 1.233333</float_array>
        <technique_common>
          <accessor source="#mixamorig_Neck-Matrix-animation-input-array" count="38">
            <param name="TIME" type="float"/>
          </accessor>
        </technique_common>
      </source>
      <source id="mixamorig_Neck-Matrix-animation-output-transform">
        <float_array id="mixamorig_Neck-Matrix-animation-output-transform-array" count="608">

0.943104 0.012934 0.332247 0.000000 -0.067546 0.985860 0.153356 39.117599 -0.325566 -0.167072 0.930642 11.977000 0.000000 0.000000 0.000000 1.000000
0.947282 0.008031 0.320301 -0.000000 -0.058127 0.987404 0.147152 39.117599 -0.315085 -0.158012 0.935817 11.977000 0.000000 0.000000 0.000000 1.000000
0.950988 0.012127 0.308989 -0.000000 -0.055402 0.989745 0.131667 39.117599 -0.304223 -0.142332 0.941907 11.977000 0.000000 0.000000 0.000000 1.000000
0.954869 0.011363 0.296811 0.000000 -0.049220 0.991506 0.120387 39.117599 -0.292922 -0.129563 0.947317 11.977000 0.000000 0.000000 0.000000 1.000000
0.957196 0.009510 0.289286 -0.000000 -0.044215 0.992534 0.113672 39.117599 -0.286045 -0.121597 0.950470 11.977000 0.000000 0.000000 0.000000 1.000000
0.958971 0.011309 0.283280 -0.000000 -0.042720 0.993559 0.104953 39.117599 -0.280269 -0.112748 0.953277 11.977000 0.000000 0.000000 0.000000 1.000000
0.959187 0.005878 0.282713 -0.000000 -0.036545 0.993976 0.103323 39.117599 -0.280403 -0.109437 0.953624 11.977000 0.000000 0.000000 0.000000 1.000000
0.958405 -0.000008 0.285413 -0.000000 -0.030931 0.994108 0.103892 39.117599 -0.283732 -0.108398 0.952757 11.977000 0.000000 0.000000 0.000000 1.000000
0.956975 -0.006128 0.290105 -0.000000 -0.025784 0.994026 0.106051 39.117599 -0.289022 -0.108969 0.951100 11.977000 0.000000 0.000000 0.000000 1.000000
0.955168 -0.012385 0.295804 0.000000 -0.020978 0.993782 0.109348 39.117599 -0.295319 -0.110651 0.948969 11.977000 0.000000 0.000000 0.000000 1.000000
0.953276 -0.018642 0.301524 -0.000000 -0.016464 0.993405 0.113468 39.117599 -0.301651 -0.113130 0.946683 11.977000 0.000000 0.000000 0.000000 1.000000
0.951613 -0.024754 0.306301 0.000000 -0.012133 0.992946 0.117941 39.117599 -0.307060 -0.115951 0.944600 11.977000 0.000000 0.000000 0.000000 1.000000
0.950518 -0.030575 0.309163 0.000000 -0.007881 0.992452 0.122382 39.117599 -0.310571 -0.118763 0.943102 11.977000 0.000000 0.000000 0.000000 1.000000
0.950671 -0.035839 0.308123 0.000000 -0.003680 0.991931 0.126727 39.117599 -0.310179 -0.121610 0.942868 11.977000 0.000000 0.000000 0.000000 1.000000
0.951139 -0.038767 0.306320 0.000000 -0.003634 0.990612 0.136652 39.117599 -0.308742 -0.131088 0.942069 11.977000 0.000000 0.000000 0.000000 1.000000
0.950690 -0.044170 0.306983 -0.000000 -0.002153 0.988843 0.148945 39.117599 -0.310137 -0.142261 0.939988 11.977000 0.000000 0.000000 0.000000 1.000000
0.950255 -0.053634 0.306821 0.000000 0.004468 0.987309 0.158748 39.117599 -0.311441 -0.149481 0.938435 11.977000 0.000000 0.000000 0.000000 1.000000
0.949758 -0.060551 0.307072 -0.000000 0.008214 0.985592 0.168940 39.117599 -0.312877 -0.157930 0.936572 11.977000 0.000000 0.000000 0.000000 1.000000
0.950393 -0.075515 0.301747 0.000000 0.021255 0.983582 0.179203 39.117599 -0.310326 -0.163899 0.936395 11.977000 0.000000 0.000000 0.000000 1.000000
0.950173 -0.084671 0.300004 0.000000 0.027576 0.981462 0.189662 39.117599 -0.310501 -0.171939 0.934894 11.977000 0.000000 0.000000 0.000000 1.000000
0.949563 -0.090416 0.300258 0.000000 0.029726 0.979171 0.200847 39.117599 -0.312163 -0.181792 0.932473 11.977000 0.000000 0.000000 0.000000 1.000000
0.948722 -0.093867 0.301853 0.000000 0.029491 0.977013 0.211131 39.117599 -0.314732 -0.191403 0.929682 11.977000 0.000000 0.000000 0.000000 1.000000
0.947768 -0.096149 0.304123 0.000000 0.028706 0.975327 0.218892 39.117599 -0.317666 -0.198729 0.927144 11.977000 0.000000 0.000000 0.000000 1.000000
0.946760 -0.097805 0.306724 0.000000 0.028941 0.974735 0.221481 39.117599 -0.320636 -0.200813 0.925671 11.977000 0.000000 0.000000 0.000000 1.000000
0.945524 -0.086960 0.313725 0.000000 0.019123 0.976836 0.213132 39.117599 -0.324992 -0.195522 0.925285 11.977000 0.000000 0.000000 0.000000 1.000000
0.943343 -0.065770 0.325236 0.000000 -0.001923 0.979059 0.203566 39.117599 -0.331814 -0.192657 0.923462 11.977000 0.000000 0.000000 0.000000 1.000000
0.941054 -0.053567 0.333988 0.000000 -0.015077 0.979757 0.199621 39.117599 -0.337920 -0.192889 0.921197 11.977000 0.000000 0.000000 0.000000 1.000000
0.939828 -0.042282 0.339022 -0.000000 -0.026968 0.980035 0.196989 39.117599 -0.340583 -0.194279 0.919923 11.977000 0.000000 0.000000 0.000000 1.000000
0.940310 -0.031314 0.338874 0.000000 -0.035254 0.981438 0.188513 39.117599 -0.338487 -0.189208 0.921752 11.977000 0.000000 0.000000 0.000000 1.000000
0.940026 -0.014163 0.340809 0.000000 -0.049817 0.982724 0.178246 39.117599 -0.337446 -0.184534 0.923081 11.977000 0.000000 0.000000 0.000000 1.000000
0.939008 0.005204 0.343855 0.000000 -0.065330 0.984376 0.163509 39.117599 -0.337632 -0.176000 0.924678 11.977000 0.000000 0.000000 0.000000 1.000000
0.940000 0.016258 0.340787 -0.000000 -0.073175 0.985226 0.154837 39.117599 -0.333235 -0.170484 0.927303 11.977000 0.000000 0.000000 0.000000 1.000000
0.942664 0.015661 0.333374 0.000000 -0.069585 0.986168 0.150434 39.117599 -0.326407 -0.165006 0.930715 11.977000 0.000000 0.000000 0.000000 1.000000
0.945669 0.009793 0.324983 0.000000 -0.062214 0.986527 0.151307 39.117599 -0.319123 -0.163305 0.933538 11.977000 0.000000 0.000000 0.000000 1.000000
0.946562 0.009507 0.322381 -0.000000 -0.059456 0.987578 0.145448 39.117599 -0.316994 -0.156843 0.935369 11.977000 0.000000 0.000000 0.000000 1.000000
0.945838 0.008333 0.324533 -0.000000 -0.059052 0.987409 0.146751 39.117599 -0.319224 -0.157967 0.934421 11.977000 0.000000 0.000000 0.000000 1.000000
0.944239 0.011484 0.329059 0.000000 -0.064961 0.986246 0.151985 39.117599 -0.322788 -0.164887 0.931998 11.977000 0.000000 0.000000 0.000000 1.000000
0.943102 0.012947 0.332252 -0.000000 -0.067549 0.985865 0.153320 39.117599 -0.325571 -0.167040 0.930646 11.977000 0.000000 0.000000 0.000000 1.000000</float_array>
        <technique_common>
          <accessor source="#mixamorig_Neck-Matrix-animation-output-transform-array" count="38" stride="16">
            <param type="float4x4"/>
          </accessor>
        </technique_common>
      </source>
      <source id="mixamorig_Neck-Interpolations">
        <Name_array id="mixamorig_Neck-Interpolations-array" count="38">
 LINEAR LINEAR LINEAR LINEAR LINEAR LINEAR LINEAR LINEAR LINEAR LINEAR LINEAR
LINEAR LINEAR LINEAR LINEAR LINEAR LINEAR LINEAR LINEAR LINEAR LINEAR LINEAR LINEAR
LINEAR LINEAR LINEAR LINEAR LINEAR LINEAR LINEAR LINEAR LINEAR LINEAR LINEAR LINEAR
LINEAR LINEAR LINEAR</Name_array>
        <technique_common>
          <accessor source="#mixamorig_Neck-Interpolations-array" count="38">
            <param type="name"/>
          </accessor>
        </technique_common>
      </source>
      <sampler id="mixamorig_Neck-Matrix-animation-transform">
        <input semantic="INPUT" source="#mixamorig_Neck-Matrix-animation-input"/>
