<?xml version="1.0" encoding="utf-8"?>
<COLLADA xmlns="http://www.collada.org/2005/11/COLLADASchema" version="1.4.1">
  <asset>
    <contributor>
      <author>Mixamo</author>
      <authoring_tool>COLLADA Mixamo exporter</authoring_tool>
      <comments/>
    </contributor>
    <created>2024-12-02T01:24:15Z</created>
    <modified>2024-12-02T01:24:15Z</modified>
    <revision/>
    <title/>
    <unit meter="0.010000"/>
    <up_axis>Y_UP</up_axis>
  </asset>
  <library_animations>
    <animation id="mixamorig_Hips-anim" name="mixamorig_Hips">
      <source id="mixamorig_Hips-Matrix-animation-input">
        <float_array id="mixamorig_Hips-Matrix-animation-input-array" count="144">

0.000000 0.033333 0.066667 0.100000 0.133333 0.166667 0.200000 0.233333 0.266667 0.300000 0.333333 0.366667 0.400000 0.433333 0.466667 0.500000
0.533333 0.566667 0.600000 0.633333 0.666667 0.700000 0.733333 0.766667 0.800000 0.833333 0.866667 0.900000 0.933333 0.966667 1.000000 1.033333
1.066667 1.100000 1.133333 1.166667 1.200000 1.233333 1.266667 1.300000 1.333333 1.366667 1.400000 1.433333 1.466667 1.500000 1.533333 1.566667
1.600000 1.633333 1.666667 1.700000 1.733333 1.766667 1.800000 1.833333 1.866667 1.900000 1.933333 1.966667 2.000000 2.033333 2.066667 2.100000
2.133333 2.166667 2.200000 2.233333 2.266667 2.300000 2.333333 2.366667 2.400000 2.433333 2.466667 2.500000 2.533333 2.566667 2.600000 2.633333
2.666667 2.700000 2.733333 2.766667 2.800000 2.833333 2.866667 2.900000 2.933333 2.966667 3.000000 3.033333 3.066667 3.100000 3.133333 3.166667
3.200000 3.233333 3.266667 3.300000 3.333333 3.366667 3.400000 3.433333 3.466667 3.500000 3.533333 3.566667 3.600000 3.633333 3.666667 3.700000
3.733333 3.766667 3.800000 3.833333 3.866667 3.900000 3.933333 3.966667 4.000000 4.033333 4.066667 4.100000 4.133333 4.166667 4.200000 4.233333
4.266667 4.300000 4.333333 4.366667 4.400000 4.433333 4.466667 4.500000 4.533333 4.566667 4.600000 4.633333 4.666667 4.700000 4.733333 4.766667</float_array>
        <technique_common>
          <accessor source="#mixamorig_Hips-Matrix-animation-input-array" count="144">
            <param name="TIME" type="float"/>
          </accessor>
        </technique_common>
      </source>
      <source id="mixamorig_Hips-Matrix-animation-output-transform">
        <float_array id="mixamorig_Hips-Matrix-animation-output-transform-array" count="2304">

0.993571 -0.106795 -0.037566 -3.939073 0.109262 0.991456 0.071255 85.291306 0.029636 -0.074902 0.996750 1.498358 0.000000 0.000000 0.000000 1.000000
0.996651 -0.078893 -0.021517 -4.579336 0.080271 0.994078 0.073249 85.118752 0.015611 -0.074731 0.997082 1.620567 0.000000 0.000000 0.000000 1.000000
0.999119 -0.041050 -0.008688 -5.512720 0.041602 0.996103 0.077772 84.761024 0.005461 -0.078065 0.996933 1.759846 0.000000 0.000000 0.000000 1.000000
0.999988 0.004347 0.002208 -6.675212 -0.004517 0.996483 0.083670 84.325500 -0.001836 -0.083679 0.996491 1.904586 0.000000 0.000000 0.000000 1.000000
0.998489 0.052491 0.016265 -7.923899 -0.053734 0.994590 0.088897 83.799843 -0.011511 -0.089637 0.995908 2.015150 0.000000 0.000000 0.000000 1.000000
0.994370 0.097841 0.040680 -9.079618 -0.101236 0.990595 0.092045 83.002663 -0.031292 -0.095645 0.994924 2.019958 0.000000 0.000000 0.000000 1.000000
0.987527 0.137162 0.077313 -9.987374 -0.144248 0.984965 0.095063 81.782616 -0.063111 -0.105030 0.992464 1.854537 0.000000 0.000000 0.000000 1.000000
0.979558 0.164777 0.115391 -10.651691 -0.176874 0.978738 0.103862 80.347542 -0.095823 -0.122148 0.987875 1.514643 0.000000 0.000000 0.000000 1.000000
0.974746 0.176191 0.137214 -11.150328 -0.193317 0.973337 0.123468 79.209122 -0.111802 -0.146876 0.982816 1.092710 0.000000 0.000000 0.000000 1.000000
0.976366 0.170781 0.132453 -11.520815 -0.190044 0.970271 0.149855 78.882950 -0.102923 -0.171485 0.979796 0.733686 0.000000 0.000000 0.000000 1.000000
0.982492 0.152625 0.106839 -11.676130 -0.169203 0.971010 0.168847 79.520676 -0.077972 -0.183968 0.979835 0.547681 0.000000 0.000000 0.000000 1.000000
0.988940 0.127352 0.076024 -11.455637 -0.138583 0.976049 0.167698 80.852692 -0.052846 -0.176379 0.982903 0.569878 0.000000 0.000000 0.000000 1.000000
0.993924 0.097666 0.050764 -10.797536 -0.104163 0.983640 0.146980 82.403748 -0.035579 -0.151375 0.987836 0.742055 0.000000 0.000000 0.000000 1.000000
0.997635 0.062415 0.028793 -9.842254 -0.065429 0.990676 0.119502 83.656906 -0.021066 -0.121104 0.992416 0.931348 0.000000 0.000000 0.000000 1.000000
0.999831 0.018367 0.000094 -8.897125 -0.018285 0.994860 0.099597 84.205330 0.001736 -0.099582 0.995028 0.981727 0.000000 0.000000 0.000000 1.000000
0.998661 -0.032632 -0.040154 -8.201020 0.036281 0.994930 0.093800 83.878265 0.036890 -0.095131 0.994781 0.811025 0.000000 0.000000 0.000000 1.000000
0.993308 -0.079573 -0.083709 -7.742062 0.087841 0.991079 0.100231 83.030563 0.074986 -0.106913 0.991437 0.492385 0.000000 0.000000 0.000000 1.000000
0.987393 -0.109920 -0.113895 -7.365796 0.122816 0.985953 0.113195 82.369682 0.099853 -0.125756 0.987023 0.211697 0.000000 0.000000 0.000000 1.000000
0.985963 -0.118251 -0.117875 -6.914203 0.132834 0.983264 0.124686 82.497391 0.101158 -0.138593 0.985170 0.150085 0.000000 0.000000 0.000000 1.000000
0.989277 -0.109615 -0.096513 -6.384800 0.121287 0.984743 0.124786 83.468033 0.081362 -0.135154 0.987478 0.318770 0.000000 0.000000 0.000000 1.000000
0.993327 -0.095376 -0.064845 -5.936804 0.102030 0.988844 0.108520 84.705048 0.053772 -0.114412 0.991977 0.536650 0.000000 0.000000 0.000000 1.000000
0.995375 -0.086112 -0.042573 -5.797530 0.089420 0.992520 0.083112 85.318657 0.035098 -0.086534 0.995630 0.577352 0.000000 0.000000 0.000000 1.000000
0.995444 -0.086130 -0.040894 -6.086895 0.088663 0.993951 0.064805 84.774872 0.035065 -0.068136 0.997060 0.309931 0.000000 0.000000 0.000000 1.000000
0.994169 -0.092090 -0.056103 -6.713363 0.095828 0.993070 0.068038 83.375565 0.049448 -0.073017 0.996104 -0.207441 0.000000 0.000000 0.000000 1.000000
0.992678 -0.095576 -0.073862 -7.457618 0.102394 0.990216 0.094807 82.061211 0.064078 -0.101676 0.992752 -0.812932 0.000000 0.000000 0.000000 1.000000
0.992902 -0.088407 -0.079554 -8.167187 0.098204 0.986757 0.129101 81.712479 0.067087 -0.135997 0.988435 -1.290515 0.000000 0.000000 0.000000 1.000000
0.995537 -0.066749 -0.066711 -8.838668 0.075785 0.986720 0.143666 82.596535 0.056236 -0.148081 0.987375 -1.438615 0.000000 0.000000 0.000000 1.000000
0.998719 -0.032258 -0.038986 -9.553988 0.036744 0.992040 0.120447 84.187218 0.034790 -0.121725 0.991954 -1.206833 0.000000 0.000000 0.000000 1.000000
0.999933 0.009744 -0.006254 -10.397694 -0.009292 0.997601 0.068605 85.526978 0.006907 -0.068542 0.997624 -0.782397 0.000000 0.000000 0.000000 1.000000
0.998291 0.053724 0.023004 -11.364652 -0.054190 0.998327 0.020156 85.881058 -0.021882 -0.021368 0.999532 -0.482821 0.000000 0.000000 0.000000 1.000000
0.993977 0.098362 0.048311 -12.307571 -0.098694 0.995107 0.004538 85.105110 -0.047628 -0.009279 0.998822 -0.518703 0.000000 0.000000 0.000000 1.000000
0.986465 0.145956 0.074724 -13.039156 -0.148397 0.988526 0.028202 83.490906 -0.069751 -0.038909 0.996805 -0.876712 0.000000 0.000000 0.000000 1.000000
0.975659 0.193888 0.102453 -13.503490 -0.202019 0.976430 0.075979 81.518921 -0.085307 -0.094827 0.991832 -1.396789 0.000000 0.000000 0.000000 1.000000
0.964706 0.233189 0.122337 -13.816371 -0.248145 0.960499 0.125957 79.780693 -0.088133 -0.151869 0.984464 -1.862281 0.000000 0.000000 0.000000 1.000000
0.958638 0.255516 0.125403 -14.155825 -0.273789 0.948239 0.160880 78.866989 -0.077804 -0.188560 0.978975 -2.098847 0.000000 0.000000 0.000000 1.000000
0.958091 0.262013 0.115804 -14.576717 -0.278948 0.945317 0.169010 78.936607 -0.065188 -0.194230 0.978788 -2.038629 0.000000 0.000000 0.000000 1.000000
0.958424 0.262694 0.111426 -14.949016 -0.277218 0.949742 0.145399 79.524323 -0.067631 -0.170243 0.983079 -1.739422 0.000000 0.000000 0.000000 1.000000
0.954783 0.267461 0.129823 -15.077873 -0.280735 0.954815 0.097554 79.929619 -0.097865 -0.129589 0.986727 -1.386729 0.000000 0.000000 0.000000 1.000000
0.944800 0.278585 0.172466 -14.858880 -0.290286 0.955819 0.046304 79.776558 -0.151946 -0.093812 0.983927 -1.188218 0.000000 0.000000 0.000000 1.000000
0.930809 0.290101 0.222342 -14.347257 -0.301377 0.953339 0.017807 79.179810 -0.206802 -0.083584 0.974806 -1.269908 0.000000 0.000000 0.000000 1.000000
0.921113 0.293383 0.255885 -13.684089 -0.310509 0.950147 0.028361 78.450531 -0.234808 -0.105578 0.966291 -1.600871 0.000000 0.000000 0.000000 1.000000
0.923807 0.283349 0.257478 -12.975447 -0.310768 0.947753 0.072027 77.876114 -0.223617 -0.146555 0.963596 -2.054878 0.000000 0.000000 0.000000 1.000000
0.938115 0.261053 0.227577 -12.245173 -0.293666 0.947940 0.123168 77.756706 -0.183576 -0.182377 0.965939 -2.459744 0.000000 0.000000 0.000000 1.000000
0.955845 0.230773 0.181946 -11.478371 -0.259550 0.953306 0.154403 78.379486 -0.137818 -0.194810 0.971110 -2.651674 0.000000 0.000000 0.000000 1.000000
0.970587 0.195662 0.140273 -10.657406 -0.216677 0.963903 0.154734 79.813637 -0.104934 -0.180577 0.977947 -2.566748 0.000000 0.000000 0.000000 1.000000
0.981539 0.155608 0.111210 -9.818011 -0.169656 0.976812 0.130599 81.748634 -0.088308 -0.147056 0.985178 -2.250525 0.000000 0.000000 0.000000 1.000000
0.990193 0.108945 0.087457 -9.037045 -0.117160 0.988553 0.095057 83.661278 -0.076099 -0.104371 0.991623 -1.822035 0.000000 0.000000 0.000000 1.000000
0.996888 0.057387 0.054052 -8.361211 -0.060616 0.996348 0.060134 85.063629 -0.050404 -0.063224 0.996726 -1.395224 0.000000 0.000000 0.000000 1.000000
0.999987 0.005049 0.000967 -7.857154 -0.005080 0.999366 0.035250 85.695732 -0.000789 -0.035254 0.999378 -1.063384 0.000000 0.000000 0.000000 1.000000
0.996979 -0.039231 -0.067032 -7.514448 0.041135 0.998782 0.027259 85.500526 0.065881 -0.029934 0.997378 -0.892896 0.000000 0.000000 0.000000 1.000000
0.988862 -0.070751 -0.130942 -7.312295 0.076396 0.996330 0.038599 84.567513 0.127731 -0.048173 0.990638 -0.887358 0.000000 0.000000 0.000000 1.000000
0.981465 -0.091329 -0.168481 -7.175829 0.103339 0.992589 0.063936 83.389626 0.161393 -0.080162 0.983629 -0.932159 0.000000 0.000000 0.000000 1.000000
0.979848 -0.106236 -0.169149 -6.963697 0.122779 0.988297 0.090526 82.682793 0.157552 -0.109470 0.981424 -0.846025 0.000000 0.000000 0.000000 1.000000
0.982936 -0.118107 -0.141023 -6.620243 0.133328 0.985615 0.103854 82.919739 0.126728 -0.120884 0.984544 -0.541124 0.000000 0.000000 0.000000 1.000000
0.986554 -0.125269 -0.104970 -6.252001 0.135307 0.986270 0.094681 83.950912 0.091668 -0.107611 0.989958 -0.092520 0.000000 0.000000 0.000000 1.000000
0.988337 -0.127461 -0.083331 -6.068085 0.132965 0.989038 0.064213 85.025810 0.074233 -0.074544 0.994451 0.343855 0.000000 0.000000 0.000000 1.000000
0.987137 -0.130856 -0.091856 -6.288599 0.133706 0.990691 0.025567 85.279465 0.087656 -0.037520 0.995444 0.618277 0.000000 0.000000 0.000000 1.000000
0.980685 -0.142657 -0.133813 -6.987522 0.143762 0.989611 -0.001416 84.379738 0.132624 -0.017849 0.991006 0.629514 0.000000 0.000000 0.000000 1.000000
0.968339 -0.159009 -0.192448 -8.007550 0.161729 0.986834 -0.001597 82.800964 0.190168 -0.029578 0.981306 0.325840 0.000000 0.000000 0.000000 1.000000
0.959222 -0.162211 -0.231476 -9.099113 0.173110 0.984520 0.027434 81.446831 0.223443 -0.066386 0.972454 -0.224900 0.000000 0.000000 0.000000 1.000000
0.967728 -0.134461 -0.213128 -10.121354 0.153211 0.985420 0.073978 81.003876 0.200074 -0.104244 0.974220 -0.766491 0.000000 0.000000 0.000000 1.000000
0.989772 -0.074331 -0.121760 -11.062193 0.087994 0.989920 0.110975 81.431046 0.112284 -0.120554 0.986336 -1.068958 0.000000 0.000000 0.000000 1.000000
0.999765 0.002203 0.021544 -12.030583 -0.004561 0.993919 0.110022 81.957138 -0.021171 -0.110094 0.993696 -1.140896 0.000000 0.000000 0.000000 1.000000
0.982116 0.079229 0.170793 -12.978743 -0.092256 0.993291 0.069726 81.731888 -0.164123 -0.084236 0.982837 -1.126111 0.000000 0.000000 0.000000 1.000000
0.944481 0.153362 0.290579 -13.766468 -0.164350 0.986308 0.013640 80.542290 -0.284508 -0.060639 0.956754 -1.179281 0.000000 0.000000 0.000000 1.000000
0.901097 0.223453 0.371609 -14.337092 -0.227243 0.973238 -0.034190 78.572441 -0.369303 -0.053637 0.927760 -1.409097 0.000000 0.000000 0.000000 1.000000
0.865022 0.277861 0.417768 -14.715137 -0.280427 0.958202 -0.056661 76.181465 -0.416050 -0.068141 0.906785 -1.859914 0.000000 0.000000 0.000000 1.000000
0.852535 0.292740 0.432998 -14.962573 -0.304451 0.951518 -0.043862 74.036514 -0.424846 -0.094433 0.900327 -2.480128 0.000000 0.000000 0.000000 1.000000
0.872784 0.252342 0.417818 -15.080825 -0.276023 0.961143 -0.003896 72.945488 -0.402566 -0.111927 0.908522 -3.138772 0.000000 0.000000 0.000000 1.000000
0.912952 0.167559 0.372080 -14.997066 -0.193019 0.980674 0.031973 73.276199 -0.359531 -0.101008 0.927650 -3.697935 0.000000 0.000000 0.000000 1.000000
0.950006 0.070248 0.304226 -14.645011 -0.084072 0.995927 0.032565 74.563080 -0.300699 -0.056513 0.952043 -4.067942 0.000000 0.000000 0.000000 1.000000
0.973259 -0.014628 0.229243 -14.040623 0.016072 0.999861 -0.004436 75.676315 -0.229146 0.008002 0.973359 -4.204362 0.000000 0.000000 0.000000 1.000000
0.983391 -0.090922 0.157085 -13.484322 0.100917 0.993269 -0.056857 75.708557 -0.150858 0.071765 0.985947 -4.222070 0.000000 0.000000 0.000000 1.000000
0.980770 -0.171947 0.092324 -13.268748 0.181033 0.978255 -0.101208 74.195755 -0.072914 0.115976 0.990572 -4.304623 0.000000 0.000000 0.000000 1.000000
0.967041 -0.251063 0.042422 -13.312172 0.254422 0.959372 -0.121963 71.560654 -0.010078 0.128737 0.991628 -4.641906 0.000000 0.000000 0.000000 1.000000
0.953460 -0.300997 0.017746 -13.451162 0.301085 0.947278 -0.109599 68.656319 0.016178 0.109841 0.993817 -5.190771 0.000000 0.000000 0.000000 1.000000
0.954191 -0.298350 0.022518 -13.624051 0.299196 0.951829 -0.067116 66.409729 -0.001409 0.070779 0.997491 -5.684762 0.000000 0.000000 0.000000 1.000000
0.967982 -0.246103 0.049448 -13.888610 0.247170 0.968828 -0.016685 65.291191 -0.043801 0.028373 0.998637 -5.903471 0.000000 0.000000 0.000000 1.000000
0.982252 -0.168139 0.083129 -14.351293 0.167318 0.985760 0.016792 65.148270 -0.084769 -0.002585 0.996397 -5.855608 0.000000 0.000000 0.000000 1.000000
0.990053 -0.084930 0.112171 -15.034105 0.082465 0.996243 0.026449 65.436432 -0.113996 -0.016936 0.993337 -5.653338 0.000000 0.000000 0.000000 1.000000
0.990245 0.001998 0.139324 -15.738564 -0.004734 0.999802 0.019306 65.499313 -0.139258 -0.019777 0.990059 -5.433187 0.000000 0.000000 0.000000 1.000000
0.978828 0.104984 0.175710 -16.194099 -0.106863 0.994273 0.001237 65.032730 -0.174574 -0.019988 0.984441 -5.233770 0.000000 0.000000 0.000000 1.000000
0.948703 0.223849 0.223281 -16.267542 -0.223558 0.974319 -0.026919 63.747818 -0.223573 -0.024379 0.974382 -5.072308 0.000000 0.000000 0.000000 1.000000
0.904445 0.332670 0.267040 -16.131413 -0.329088 0.942426 -0.059448 61.748226 -0.271442 -0.034112 0.961850 -5.013407 0.000000 0.000000 0.000000 1.000000
0.870466 0.399470 0.287598 -15.965975 -0.393956 0.915685 -0.079498 59.423233 -0.295106 -0.044101 0.954446 -5.101888 0.000000 0.000000 0.000000 1.000000
0.869036 0.410202 0.276606 -15.867780 -0.405746 0.910823 -0.075968 57.368103 -0.283101 -0.046213 0.957976 -5.326511 0.000000 0.000000 0.000000 1.000000
0.895910 0.375683 0.237081 -15.825531 -0.372590 0.926086 -0.059508 55.951340 -0.241913 -0.035020 0.969666 -5.612978 0.000000 0.000000 0.000000 1.000000
0.931102 0.315600 0.182883 -15.714035 -0.312090 0.948817 -0.048437 55.194107 -0.188809 -0.011976 0.981941 -5.906535 0.000000 0.000000 0.000000 1.000000
0.962710 0.236300 0.131726 -15.474466 -0.232003 0.971565 -0.047290 54.954781 -0.139155 0.014966 0.990158 -6.197282 0.000000 0.000000 0.000000 1.000000
0.987619 0.128603 0.089835 -15.272004 -0.124585 0.990998 -0.049005 55.007107 -0.095329 0.037206 0.994750 -6.456510 0.000000 0.000000 0.000000 1.000000
0.998707 -0.004171 0.050666 -15.235847 0.006704 0.998731 -0.049924 54.919968 -0.050393 0.050199 0.997467 -6.656347 0.000000 0.000000 0.000000 1.000000
0.991398 -0.130304 0.012312 -15.353860 0.130778 0.989996 -0.052961 54.509827 -0.005288 0.054115 0.998521 -6.781629 0.000000 0.000000 0.000000 1.000000
0.978490 -0.205811 -0.014135 -15.435264 0.204776 0.977299 -0.054341 54.071072 0.024998 0.050277 0.998422 -6.780980 0.000000 0.000000 0.000000 1.000000
0.977258 -0.211451 -0.015956 -15.311586 0.210621 0.976638 -0.042624 54.234482 0.024596 0.038294 0.998964 -6.654033 0.000000 0.000000 0.000000 1.000000
0.984755 -0.173762 0.008039 -15.076276 0.173871 0.984642 -0.015779 55.198208 -0.005174 0.016936 0.999843 -6.448967 0.000000 0.000000 0.000000 1.000000
0.990337 -0.132543 0.040792 -14.915006 0.131954 0.991113 0.016823 56.974915 -0.042659 -0.011277 0.999026 -6.223045 0.000000 0.000000 0.000000 1.000000
0.992820 -0.104298 0.058567 -14.991184 0.101695 0.993761 0.045800 59.615593 -0.062978 -0.039515 0.997232 -5.910261 0.000000 0.000000 0.000000 1.000000
0.995396 -0.080479 0.052049 -15.247819 0.077009 0.994874 0.065545 63.158226 -0.057057 -0.061235 0.996491 -5.451247 0.000000 0.000000 0.000000 1.000000
0.998113 -0.051940 0.032747 -15.553598 0.049386 0.995999 0.074482 67.419518 -0.036484 -0.072724 0.996685 -4.793049 0.000000 0.000000 0.000000 1.000000
0.999546 -0.022267 0.020273 -15.864977 0.020753 0.997185 0.072047 71.934006 -0.021821 -0.071593 0.997195 -3.939866 0.000000 0.000000 0.000000 1.000000
0.999686 0.000242 0.025037 -16.200989 -0.001653 0.998409 0.056355 76.023010 -0.024983 -0.056379 0.998097 -2.918079 0.000000 0.000000 0.000000 1.000000
0.998974 0.013765 0.043145 -16.526527 -0.015067 0.999437 0.029994 79.134300 -0.042708 -0.030613 0.998618 -1.853919 0.000000 0.000000 0.000000 1.000000
0.997682 0.022076 0.064374 -16.781004 -0.022423 0.999738 0.004663 81.092705 -0.064254 -0.006095 0.997915 -0.949845 0.000000 0.000000 0.000000 1.000000
0.996309 0.027592 0.081284 -16.953482 -0.027343 0.999617 -0.004184 82.083786 -0.081369 0.001946 0.996682 -0.419019 0.000000 0.000000 0.000000 1.000000
0.995374 0.029137 0.091552 -17.091114 -0.030256 0.999483 0.010849 82.480835 -0.091189 -0.013569 0.995741 -0.311318 0.000000 0.000000 0.000000 1.000000
0.995051 0.026549 0.095751 -17.226299 -0.030600 0.998687 0.041090 82.710831 -0.094534 -0.043817 0.994557 -0.448256 0.000000 0.000000 0.000000 1.000000
0.995175 0.022760 0.095436 -17.358337 -0.029162 0.997378 0.066233 83.142128 -0.093678 -0.068697 0.993230 -0.515519 0.000000 0.000000 0.000000 1.000000
0.995472 0.021076 0.092690 -17.476719 -0.027551 0.997226 0.069141 83.904221 -0.090976 -0.071382 0.993292 -0.323535 0.000000 0.000000 0.000000 1.000000
0.995677 0.022542 0.090103 -17.585958 -0.026972 0.998471 0.048250 84.699188 -0.088878 -0.050471 0.994763 0.039931 0.000000 0.000000 0.000000 1.000000
0.995501 0.027534 0.090658 -17.677872 -0.029291 0.999407 0.018112 84.905075 -0.090105 -0.020686 0.995717 0.298810 0.000000 0.000000 0.000000 1.000000
0.994622 0.037502 0.096543 -17.714008 -0.037670 0.999290 -0.000088 84.135773 -0.096478 -0.003549 0.995329 0.213932 0.000000 0.000000 0.000000 1.000000
0.992964 0.052274 0.106255 -17.671297 -0.053470 0.998534 0.008439 82.686302 -0.105658 -0.014061 0.994303 -0.196846 0.000000 0.000000 0.000000 1.000000
0.991376 0.066479 0.112936 -17.585812 -0.071555 0.996573 0.041499 81.392181 -0.109790 -0.049223 0.992735 -0.712457 0.000000 0.000000 0.000000 1.000000
0.991452 0.071886 0.108885 -17.527775 -0.080696 0.993620 0.078787 81.000191 -0.102526 -0.086900 0.990927 -1.044251 0.000000 0.000000 0.000000 1.000000
0.993450 0.064894 0.094049 -17.527073 -0.073817 0.992763 0.094728 81.723320 -0.087221 -0.101050 0.991051 -1.025054 0.000000 0.000000 0.000000 1.000000
0.995625 0.050907 0.078354 -17.524778 -0.057044 0.995305 0.078191 83.115875 -0.074006 -0.082318 0.993855 -0.724594 0.000000 0.000000 0.000000 1.000000
0.996473 0.040991 0.073214 -17.416479 -0.044104 0.998168 0.041409 84.328217 -0.071383 -0.044492 0.996456 -0.393784 0.000000 0.000000 0.000000 1.000000
0.995734 0.044281 0.080947 -17.154604 -0.045130 0.998943 0.008681 84.623695 -0.080477 -0.012297 0.996681 -0.282214 0.000000 0.000000 0.000000 1.000000
0.993520 0.063759 0.094091 -16.768154 -0.063869 0.997957 -0.001846 83.868690 -0.094017 -0.004176 0.995562 -0.485697 0.000000 0.000000 0.000000 1.000000
0.989975 0.096193 0.103427 -16.329510 -0.098094 0.995087 0.013433 82.549026 -0.101627 -0.023444 0.994546 -0.919224 0.000000 0.000000 0.000000 1.000000
0.985710 0.132594 0.103895 -15.892027 -0.137840 0.989431 0.045018 81.405975 -0.096828 -0.058696 0.993569 -1.399808 0.000000 0.000000 0.000000 1.000000
0.982572 0.159870 0.094837 -15.481303 -0.167261 0.982988 0.075879 81.023712 -0.081093 -0.090420 0.992597 -1.690965 0.000000 0.000000 0.000000 1.000000
0.982536 0.168493 0.078947 -15.116768 -0.175327 0.980431 0.089536 81.607460 -0.062316 -0.101813 0.992850 -1.633465 0.000000 0.000000 0.000000 1.000000
0.985110 0.160530 0.061555 -14.787397 -0.165123 0.983131 0.078665 82.856613 -0.047888 -0.087658 0.994999 -1.252983 0.000000 0.000000 0.000000 1.000000
0.987837 0.147889 0.048035 -14.419288 -0.150235 0.987406 0.049581 84.107895 -0.040097 -0.056195 0.997614 -0.781959 0.000000 0.000000 0.000000 1.000000
0.989193 0.141055 0.040019 -13.954934 -0.141888 0.989704 0.018785 84.671120 -0.036957 -0.024261 0.999022 -0.509816 0.000000 0.000000 0.000000 1.000000
0.989271 0.141815 0.035099 -13.406904 -0.142038 0.989853 0.003940 84.264389 -0.034184 -0.008884 0.999376 -0.592031 0.000000 0.000000 0.000000 1.000000
0.988765 0.146344 0.030450 -12.821706 -0.146841 0.989050 0.014776 83.192390 -0.027954 -0.019081 0.999427 -0.937357 0.000000 0.000000 0.000000 1.000000
0.988288 0.150572 0.024787 -12.217233 -0.151607 0.987314 0.047176 82.122299 -0.017369 -0.050381 0.998579 -1.299981 0.000000 0.000000 0.000000 1.000000
0.988451 0.150614 0.016724 -11.577515 -0.151493 0.984864 0.084217 81.658615 -0.003786 -0.085778 0.996307 -1.418206 0.000000 0.000000 0.000000 1.000000
0.989814 0.142311 0.003975 -10.891585 -0.141924 0.984160 0.106239 82.078400 0.011207 -0.105721 0.994333 -1.150897 0.000000 0.000000 0.000000 1.000000
0.992136 0.124392 -0.013889 -10.147405 -0.122311 0.987088 0.103427 83.253021 0.026575 -0.100915 0.994540 -0.553801 0.000000 0.000000 0.000000 1.000000
0.994378 0.100577 -0.033118 -9.321774 -0.097629 0.991917 0.081057 84.711357 0.041003 -0.077368 0.996159 0.171403 0.000000 0.000000 0.000000 1.000000
0.995981 0.075075 -0.048845 -8.425379 -0.072397 0.995888 0.054463 85.903687 0.052733 -0.050708 0.997320 0.802035 0.000000 0.000000 0.000000 1.000000
0.997042 0.046912 -0.060881 -7.554894 -0.044627 0.998267 0.038368 86.364777 0.062575 -0.035538 0.997407 1.211508 0.000000 0.000000 0.000000 1.000000
0.997150 0.014098 -0.074114 -6.784790 -0.011243 0.999184 0.038799 85.947578 0.074600 -0.037855 0.996495 1.373104 0.000000 0.000000 0.000000 1.000000
0.995502 -0.022495 -0.092028 -6.154093 0.027351 0.998280 0.051853 84.872162 0.090704 -0.054137 0.994405 1.341667 0.000000 0.000000 0.000000 1.000000
0.992278 -0.056662 -0.110333 -5.629921 0.064434 0.995588 0.068204 83.701050 0.105982 -0.074787 0.991552 1.218194 0.000000 0.000000 0.000000 1.000000
0.989321 -0.082950 -0.119845 -5.147731 0.092874 0.992480 0.079732 83.001770 0.112330 -0.090011 0.989586 1.113414 0.000000 0.000000 0.000000 1.000000
0.988225 -0.100909 -0.115020 -4.673525 0.110819 0.990345 0.083278 83.047234 0.105506 -0.095044 0.989866 1.097785 0.000000 0.000000 0.000000 1.000000
0.988724 -0.112978 -0.098290 -4.216620 0.121057 0.989375 0.080516 83.677895 0.088149 -0.091507 0.991895 1.170077 0.000000 0.000000 0.000000 1.000000
0.989878 -0.119432 -0.076665 -3.868550 0.125215 0.989240 0.075669 84.468140 0.066803 -0.084503 0.994181 1.285479 0.000000 0.000000 0.000000 1.000000
0.991446 -0.118012 -0.055757 -3.754416 0.121889 0.989915 0.072192 85.053001 0.046675 -0.078370 0.995831 1.401601 0.000000 0.000000 0.000000 1.000000
0.993566 -0.106829 -0.037616 -3.938668 0.109301 0.991449 0.071288 85.289116 0.029679 -0.074941 0.996746 1.498045 0.000000 0.000000 0.000000 1.000000</float_array>
        <technique_common>
          <accessor source="#mixamorig_Hips-Matrix-animation-output-transform-array" count="144" stride="16">
            <param type="float4x4"/>
          </accessor>
        </technique_common>
      </source>
      <source id="mixamorig_Hips-Interpolations">
        <Name_array id="mixamorig_Hips-Interpolations-array" count="144">
 LINEAR LINEAR LINEAR LINEAR LINEAR LINEAR LINEAR LINEAR LINEAR LINEAR LINEAR
LINEAR LINEAR LINEAR LINEAR LINEAR LINEAR LINEAR LINEAR LINEAR LINEAR LINEAR LINEAR
LINEAR LINEAR LINEAR LINEAR LINEAR LINEAR LINEAR LINEAR LINEAR LINEAR LINEAR LINEAR
LINEAR LINEAR LINEAR LINEAR LINEAR LINEAR LINEAR LINEAR LINEAR LINEAR LINEAR LINEAR
LINEAR LINEAR LINEAR LINEAR LINEAR LINEAR LINEAR LINEAR LINEAR LINEAR LINEAR LINEAR
LINEAR LINEAR LINEAR LINEAR LINEAR LINEAR LINEAR LINEAR LINEAR LINEAR LINEAR LINEAR
LINEAR LINEAR LINEAR LINEAR LINEAR LINEAR LINEAR LINEAR LINEAR LINEAR LINEAR LINEAR
LINEAR LINEAR LINEAR LINEAR LINEAR LINEAR LINEAR LINEAR LINEAR LINEAR LINEAR LINEAR
LINEAR LINEAR LINEAR LINEAR LINEAR LINEAR LINEAR LINEAR LINEAR LINEAR LINEAR LINEAR
LINEAR LINEAR LINEAR LINEAR LINEAR LINEAR LINEAR LINEAR LINEAR LINEAR LINEAR LINEAR
LINEAR LINEAR LINEAR LINEAR LINEAR LINEAR LINEAR LINEAR LINEAR LINEAR LINEAR LINEAR
LINEAR LINEAR LINEAR LINEAR LINEAR LINEAR LINEAR LINEAR LINEAR LINEAR LINEAR LINEAR
LINEAR</Name_array>
        <technique_common>
          <accessor source="#mixamorig_Hips-Interpolations-array" count="144">
            <param type="name"/>
          </accessor>
        </technique_common>
      </source>
      <sampler id="mixamorig_Hips-Matrix-animation-transform">
        <input semantic="INPUT" source="#mixamorig_Hips-Matrix-animation-input"/>
        <input semantic="OUTPUT" source="#mixamorig_Hips-Matrix-animation-output-transform"/>
        <input semantic="INTERPOLATION" source="#mixamorig_Hips-Interpolations"/>
      </sampler>
      <channel source="#mixamorig_Hips-Matrix-animation-transform" target="mixamorig_Hips/matrix"/>
    </animation>
    <animation id="mixamorig_Spine-anim" name="mixamorig_Spine">
      <source id="mixamorig_Spine-Matrix-animation-input">
        <float_array id="mixamorig_Spine-Matrix-animation-input-array" count="144">

0.000000 0.033333 0.066667 0.100000 0.133333 0.166667 0.200000 0.233333 0.266667 0.300000 0.333333 0.366667 0.400000 0.433333 0.466667 0.500000
0.533333 0.566667 0.600000 0.633333 0.666667 0.700000 0.733333 0.766667 0.800000 0.833333 0.866667 0.900000 0.933333 0.966667 1.000000 1.033333
1.066667 1.100000 1.133333 1.166667 1.200000 1.233333 1.266667 1.300000 1.333333 1.366667 1.400000 1.433333 1.466667 1.500000 1.533333 1.566667
1.600000 1.633333 1.666667 1.700000 1.733333 1.766667 1.800000 1.833333 1.866667 1.900000 1.933333 1.966667 2.000000 2.033333 2.066667 2.100000
2.133333 2.166667 2.200000 2.233333 2.266667 2.300000 2.333333 2.366667 2.400000 2.433333 2.466667 2.500000 2.533333 2.566667 2.600000 2.633333
2.666667 2.700000 2.733333 2.766667 2.800000 2.833333 2.866667 2.900000 2.933333 2.966667 3.000000 3.033333 3.066667 3.100000 3.133333 3.166667
3.200000 3.233333 3.266667 3.300000 3.333333 3.366667 3.400000 3.433333 3.466667 3.500000 3.533333 3.566667 3.600000 3.633333 3.666667 3.700000
3.733333 3.766667 3.800000 3.833333 3.866667 3.900000 3.933333 3.966667 4.000000 4.033333 4.066667 4.100000 4.133333 4.166667 4.200000 4.233333
4.266667 4.300000 4.333333 4.366667 4.400000 4.433333 4.466667 4.500000 4.533333 4.566667 4.600000 4.633333 4.666667 4.700000 4.733333 4.766667</float_array>
        <technique_common>
          <accessor source="#mixamorig_Spine-Matrix-animation-input-array" count="144">
            <param name="TIME" type="float"/>
          </accessor>
        </technique_common>
      </source>
      <source id="mixamorig_Spine-Matrix-animation-output-transform">
        <float_array id="mixamorig_Spine-Matrix-animation-output-transform-array" count="2304">

0.993454 -0.113147 0.015709 0.000000 0.114142 0.977764 -0.175922 13.784800 0.004545 0.176564 0.984279 0.064400 0.000000 0.000000 0.000000 1.000000
0.993602 -0.112345 0.011577 0.000000 0.112680 0.979139 -0.169087 13.784800 0.007661 0.169310 0.985533 0.064400 0.000000 0.000000 0.000000 1.000000
0.994389 -0.105296 0.010138 -0.000000 0.105536 0.980967 -0.162992 13.784800 0.007217 0.163148 0.986575 0.064400 0.000000 0.000000 0.000000 1.000000
0.995565 -0.093535 0.010088 0.000000 0.093956 0.983106 -0.157085 13.784800 0.004776 0.157336 0.987534 0.064400 0.000000 0.000000 0.000000 1.000000
0.996606 -0.081899 0.008358 0.000000 0.082218 0.985026 -0.151536 13.784800 0.004178 0.151709 0.988416 0.064400 0.000000 0.000000 0.000000 1.000000
0.997092 -0.076181 0.001968 0.000000 0.075626 0.985979 -0.148749 13.784800 0.009391 0.148465 0.988873 0.064400 0.000000 0.000000 0.000000 1.000000
0.996806 -0.079388 -0.008636 0.000000 0.077123 0.985097 -0.153741 13.784800 0.020712 0.152584 0.988073 0.064400 0.000000 0.000000 0.000000 1.000000
0.996202 -0.085113 -0.018384 0.000000 0.080747 0.981989 -0.170815 13.784800 0.032591 0.168682 0.985132 0.064400 0.000000 0.000000 0.000000 1.000000
0.996222 -0.084182 -0.021329 0.000000 0.078324 0.977067 -0.198003 13.784800 0.037508 0.195584 0.979969 0.064400 0.000000 0.000000 0.000000 1.000000
0.997261 -0.072221 -0.015953 0.000000 0.066784 0.971975 -0.225399 13.784800 0.031785 0.223716 0.974136 0.064400 0.000000 0.000000 0.000000 1.000000
0.998517 -0.053994 -0.006950 0.000000 0.050753 0.969468 -0.239909 13.784800 0.019691 0.239200 0.970771 0.064400 0.000000 0.000000 0.000000 1.000000
0.999215 -0.039603 -0.001164 0.000000 0.038240 0.971687 -0.233158 13.784800 0.010364 0.232931 0.972438 0.064400 0.000000 0.000000 0.000000 1.000000
0.999382 -0.035120 -0.001302 0.000000 0.034083 0.977589 -0.207744 13.784800 0.008569 0.207571 0.978182 0.064400 0.000000 0.000000 0.000000 1.000000
0.999310 -0.036962 -0.003709 0.000000 0.035723 0.983567 -0.176974 13.784800 0.010189 0.176719 0.984209 0.064400 0.000000 0.000000 0.000000 1.000000
0.999421 -0.033940 -0.002234 0.000000 0.033170 0.987060 -0.156880 13.784800 0.007529 0.156716 0.987615 0.064400 0.000000 0.000000 0.000000 1.000000
0.999798 -0.019376 0.005393 0.000000 0.019982 0.987443 -0.156706 13.784800 -0.002289 0.156782 0.987631 0.064400 0.000000 0.000000 0.000000 1.000000
0.999891 -0.000230 0.014761 0.000000 0.002798 0.984704 -0.174211 13.784800 -0.014495 0.174233 0.984598 0.064400 0.000000 0.000000 0.000000 1.000000
0.999792 0.008875 0.018354 0.000000 -0.005083 0.980365 -0.197128 13.784800 -0.019743 0.196994 0.980206 0.064400 0.000000 0.000000 0.000000 1.000000
0.999922 -0.003030 0.012099 0.000000 0.005511 0.977556 -0.210606 13.784800 -0.011189 0.210656 0.977496 0.064400 0.000000 0.000000 0.000000 1.000000
0.999407 -0.034430 -0.000785 0.000000 0.033528 0.977948 -0.206140 13.784800 0.007865 0.205992 0.978522 0.064400 0.000000 0.000000 0.000000 1.000000
0.997369 -0.071443 -0.012255 0.000000 0.067934 0.980244 -0.185759 13.784800 0.025284 0.184438 0.982519 0.064400 0.000000 0.000000 0.000000 1.000000
0.995219 -0.096336 -0.016088 -0.000000 0.092500 0.982545 -0.161400 13.784800 0.031356 0.159140 0.986758 0.064400 0.000000 0.000000 0.000000 1.000000
0.995052 -0.098572 -0.012439 0.000000 0.095584 0.983927 -0.150837 13.784800 0.027107 0.148901 0.988480 0.064400 0.000000 0.000000 0.000000 1.000000
0.996755 -0.080239 -0.006425 0.000000 0.078030 0.982738 -0.167744 13.784800 0.019774 0.166699 0.985810 0.064400 0.000000 0.000000 0.000000 1.000000
0.998568 -0.053407 -0.003160 -0.000000 0.051565 0.976509 -0.209216 13.784800 0.014259 0.208753 0.977864 0.064400 0.000000 0.000000 0.000000 1.000000
0.999479 -0.031994 -0.004371 -0.000000 0.029846 0.966970 -0.253137 13.784800 0.012325 0.252875 0.967421 0.064400 0.000000 0.000000 0.000000 1.000000
0.999676 -0.023814 -0.009028 -0.000000 0.020465 0.962150 -0.271749 13.784800 0.015158 0.271476 0.962326 0.064400 0.000000 0.000000 0.000000 1.000000
0.999512 -0.027000 -0.015726 0.000000 0.022184 0.967636 -0.251373 13.784800 0.022004 0.250902 0.967762 0.064400 0.000000 0.000000 0.000000 1.000000
0.999154 -0.033752 -0.023479 -0.000000 0.028283 0.978702 -0.203327 13.784800 0.029841 0.202491 0.978829 0.064400 0.000000 0.000000 0.000000 1.000000
0.998766 -0.038685 -0.031138 0.000000 0.033279 0.986797 -0.158508 13.784800 0.036859 0.157276 0.986867 0.064400 0.000000 0.000000 0.000000 1.000000
0.998272 -0.045036 -0.037737 -0.000000 0.039014 0.988309 -0.147390 13.784800 0.043934 0.145664 0.988358 0.064400 0.000000 0.000000 0.000000 1.000000
0.997226 -0.060403 -0.043491 -0.000000 0.051649 0.982309 -0.180003 13.784800 0.053595 0.177258 0.982704 0.064400 0.000000 0.000000 0.000000 1.000000
0.995268 -0.083795 -0.049189 0.000000 0.069579 0.967984 -0.241176 13.784800 0.067824 0.236612 0.969234 0.064400 0.000000 0.000000 0.000000 1.000000
0.993199 -0.103123 -0.054057 -0.000000 0.082170 0.949739 -0.302066 13.784800 0.082490 0.295570 0.951753 0.064400 0.000000 0.000000 0.000000 1.000000
0.992919 -0.104805 -0.055919 -0.000000 0.080022 0.938032 -0.337184 13.784800 0.087793 0.330322 0.939777 0.064400 0.000000 0.000000 0.000000 1.000000
0.994682 -0.087589 -0.054187 0.000000 0.064490 0.939864 -0.335406 13.784800 0.080306 0.330127 0.940514 0.064400 0.000000 0.000000 0.000000 1.000000
0.996519 -0.065295 -0.051830 0.000000 0.046715 0.952306 -0.301547 13.784800 0.069048 0.298076 0.952042 0.064400 0.000000 0.000000 0.000000 1.000000
0.997051 -0.055385 -0.053130 0.000000 0.040223 0.966667 -0.252858 13.784800 0.065363 0.249975 0.966044 0.064400 0.000000 0.000000 0.000000 1.000000
0.996115 -0.065227 -0.059160 0.000000 0.051219 0.975645 -0.213291 13.784800 0.071631 0.209432 0.975196 0.064400 0.000000 0.000000 0.000000 1.000000
0.993880 -0.088414 -0.066220 0.000000 0.073288 0.976314 -0.203566 13.784800 0.082649 0.197467 0.976819 0.064400 0.000000 0.000000 0.000000 1.000000
0.991244 -0.112530 -0.069085 0.000000 0.093996 0.968792 -0.229362 13.784800 0.092739 0.220860 0.970886 0.064400 0.000000 0.000000 0.000000 1.000000
0.989541 -0.128625 -0.065301 0.000000 0.105878 0.955075 -0.276807 13.784800 0.097972 0.266998 0.958704 0.064400 0.000000 0.000000 0.000000 1.000000
0.989248 -0.134956 -0.056347 0.000000 0.110086 0.940797 -0.320596 13.784800 0.096277 0.310946 0.945539 0.064400 0.000000 0.000000 0.000000 1.000000
0.989908 -0.133966 -0.046217 0.000000 0.110585 0.934176 -0.339245 13.784800 0.088622 0.330710 0.939562 0.064400 0.000000 0.000000 0.000000 1.000000
0.990992 -0.128029 -0.039277 -0.000000 0.108414 0.939160 -0.325923 13.784800 0.078615 0.318729 0.944580 0.064400 0.000000 0.000000 0.000000 1.000000
0.992315 -0.117726 -0.038104 0.000000 0.101867 0.952028 -0.288557 13.784800 0.070247 0.282458 0.956704 0.064400 0.000000 0.000000 0.000000 1.000000
0.993853 -0.102765 -0.041172 0.000000 0.089840 0.965992 -0.242464 13.784800 0.064688 0.237275 0.969286 0.064400 0.000000 0.000000 0.000000 1.000000
0.995525 -0.084343 -0.042605 0.000000 0.074057 0.976457 -0.202603 13.784800 0.058690 0.198541 0.978334 0.064400 0.000000 0.000000 0.000000 1.000000
0.997346 -0.062753 -0.036925 0.000000 0.055137 0.982144 -0.179867 13.784800 0.047553 0.177354 0.982998 0.064400 0.000000 0.000000 0.000000 1.000000
0.998803 -0.042167 -0.024772 0.000000 0.037039 0.983001 -0.179827 13.784800 0.031934 0.178694 0.983386 0.064400 0.000000 0.000000 0.000000 1.000000
0.999558 -0.026253 -0.013919 0.000000 0.022946 0.979576 -0.199760 13.784800 0.018879 0.199352 0.979746 0.064400 0.000000 0.000000 0.000000 1.000000
0.999766 -0.017986 -0.012043 0.000000 0.014776 0.973663 -0.227514 13.784800 0.015818 0.227283 0.973700 0.064400 0.000000 0.000000 0.000000 1.000000
0.999627 -0.019653 -0.018938 0.000000 0.014376 0.968984 -0.246706 13.784800 0.023199 0.246341 0.968905 0.064400 0.000000 0.000000 0.000000 1.000000
0.999109 -0.032304 -0.027167 0.000000 0.024651 0.969032 -0.245701 13.784800 0.034263 0.244812 0.968965 0.064400 0.000000 0.000000 0.000000 1.000000
0.998130 -0.053293 -0.029950 0.000000 0.045289 0.973705 -0.223265 13.784800 0.041061 0.221491 0.974298 0.064400 0.000000 0.000000 0.000000 1.000000
0.996982 -0.073094 -0.026168 -0.000000 0.066890 0.979811 -0.188406 13.784800 0.039411 0.186086 0.981743 0.064400 0.000000 0.000000 0.000000 1.000000
0.996914 -0.076609 -0.017149 0.000000 0.072987 0.984913 -0.156903 13.784800 0.028910 0.155168 0.987465 0.064400 0.000000 0.000000 0.000000 1.000000
0.998610 -0.052661 -0.002220 0.000000 0.051773 0.987933 -0.145971 13.784800 0.009880 0.145654 0.989286 0.064400 0.000000 0.000000 0.000000 1.000000
0.999815 -0.006207 0.018230 -0.000000 0.009163 0.985937 -0.166867 13.784800 -0.016938 0.167003 0.985811 0.064400 0.000000 0.000000 0.000000 1.000000
0.998565 0.039625 0.036034 -0.000000 -0.030948 0.975989 -0.215611 13.784800 -0.043712 0.214187 0.975814 0.064400 0.000000 0.000000 0.000000 1.000000
0.997604 0.058399 0.037087 0.000000 -0.046243 0.961649 -0.270357 13.784800 -0.051453 0.267995 0.962045 0.064400 0.000000 0.000000 0.000000 1.000000
0.999106 0.040304 0.012743 0.000000 -0.034472 0.951342 -0.306203 13.784800 -0.024464 0.305490 0.951881 0.064400 0.000000 0.000000 0.000000 1.000000
0.999491 -0.002786 -0.031791 0.000000 -0.007307 0.949739 -0.312959 13.784800 0.031065 0.313032 0.949234 0.064400 0.000000 0.000000 0.000000 1.000000
0.995329 -0.053528 -0.080338 -0.000000 0.027277 0.954225 -0.297844 13.784800 0.092604 0.294262 0.951228 0.064400 0.000000 0.000000 0.000000 1.000000
0.987496 -0.105244 -0.117372 0.000000 0.068857 0.957697 -0.279420 13.784800 0.141814 0.267844 0.952968 0.064400 0.000000 0.000000 0.000000 1.000000
0.978069 -0.157324 -0.136490 0.000000 0.114582 0.953674 -0.278166 13.784800 0.173930 0.256426 0.950786 0.064400 0.000000 0.000000 0.000000 1.000000
0.969155 -0.204045 -0.138219 0.000000 0.154337 0.939732 -0.305096 13.784800 0.192143 0.274353 0.942238 0.064400 0.000000 0.000000 0.000000 1.000000
0.965427 -0.227992 -0.126377 0.000000 0.170770 0.919450 -0.354188 13.784800 0.196949 0.320361 0.926596 0.064400 0.000000 0.000000 0.000000 1.000000
0.970868 -0.214541 -0.106711 0.000000 0.154383 0.900660 -0.406174 13.784800 0.183251 0.377867 0.907544 0.064400 0.000000 0.000000 0.000000 1.000000
0.981967 -0.168565 -0.085591 0.000000 0.114564 0.890731 -0.439857 13.784800 0.150384 0.422119 0.893980 0.064400 0.000000 0.000000 0.000000 1.000000
0.991655 -0.110320 -0.066701 0.000000 0.069703 0.894072 -0.442468 13.784800 0.108449 0.434126 0.894300 0.064400 0.000000 0.000000 0.000000 1.000000
0.997376 -0.054801 -0.047316 -0.000000 0.030152 0.908551 -0.416684 13.784800 0.065824 0.414164 0.907819 0.064400 0.000000 0.000000 0.000000 1.000000
0.999737 0.002102 -0.022815 0.000000 -0.010654 0.924220 -0.381711 13.784800 0.020284 0.381854 0.924000 0.064400 0.000000 0.000000 0.000000 1.000000
0.997731 0.066962 0.006968 0.000000 -0.059822 0.929274 -0.364514 13.784800 -0.030884 0.363270 0.931172 0.064400 0.000000 0.000000 0.000000 1.000000
0.991087 0.128961 0.033390 0.000000 -0.106609 0.918129 -0.381672 13.784800 -0.079877 0.374710 0.923695 0.064400 0.000000 0.000000 0.000000 1.000000
0.985399 0.164078 0.045471 0.000000 -0.129353 0.895101 -0.426688 13.784800 -0.110711 0.414576 0.903255 0.064400 0.000000 0.000000 0.000000 1.000000
0.986766 0.156492 0.042458 0.000000 -0.117462 0.870387 -0.478153 13.784800 -0.111782 0.466838 0.877250 0.064400 0.000000 0.000000 0.000000 1.000000
0.992468 0.117212 0.035614 0.000000 -0.082071 0.852019 -0.517038 13.784800 -0.090947 0.510220 0.855222 0.064400 0.000000 0.000000 0.000000 1.000000
0.996485 0.074633 0.038034 -0.000000 -0.042833 0.844198 -0.534318 13.784800 -0.071986 0.530811 0.844428 0.064400 0.000000 0.000000 0.000000 1.000000
0.997592 0.045361 0.052465 0.000000 -0.010551 0.846919 -0.531618 13.784800 -0.068548 0.529784 0.845358 0.064400 0.000000 0.000000 0.000000 1.000000
