<?xml version="1.0" encoding="utf-8"?>
<COLLADA xmlns="http://www.collada.org/2005/11/COLLADASchema" version="1.4.1">
  <asset>
    <contributor>
      <author>Mixamo</author>
      <authoring_tool>COLLADA Mixamo exporter</authoring_tool>
      <comments/>
    </contributor>
    <created>2024-12-02T01:18:04Z</created>
    <modified>2024-12-02T01:18:04Z</modified>
    <revision/>
    <title/>
    <unit meter="0.010000"/>
    <up_axis>Y_UP</up_axis>
  </asset>
  <library_animations>
    <animation id="mixamorig_Hips-anim" name="mixamorig_Hips">
      <source id="mixamorig_Hips-Matrix-animation-input">
        <float_array id="mixamorig_Hips-Matrix-animation-input-array" count="139">

0.000000 0.033333 0.066667 0.100000 0.133333 0.166667 0.200000 0.233333 0.266667 0.300000 0.333333 0.366667 0.400000 0.433333 0.466667 0.500000
0.533333 0.566667 0.600000 0.633333 0.666667 0.700000 0.733333 0.766667 0.800000 0.833333 0.866667 0.900000 0.933333 0.966667 1.000000 1.033333
1.066667 1.100000 1.133333 1.166667 1.200000 1.233333 1.266667 1.300000 1.333333 1.366667 1.400000 1.433333 1.466667 1.500000 1.533333 1.566667
1.600000 1.633333 1.666667 1.700000 1.733333 1.766667 1.800000 1.833333 1.866667 1.900000 1.933333 1.966667 2.000000 2.033333 2.066667 2.100000
2.133333 2.166667 2.200000 2.233333 2.266667 2.300000 2.333333 2.366667 2.400000 2.433333 2.466667 2.500000 2.533333 2.566667 2.600000 2.633333
2.666667 2.700000 2.733333 2.766667 2.800000 2.833333 2.866667 2.900000 2.933333 2.966667 3.000000 3.033333 3.066667 3.100000 3.133333 3.166667
3.200000 3.233333 3.266667 3.300000 3.333333 3.366667 3.400000 3.433333 3.466667 3.500000 3.533333 3.566667 3.600000 3.633333 3.666667 3.700000
3.733333 3.766667 3.800000 3.833333 3.866667 3.900000 3.933333 3.966667 4.000000 4.033333 4.066667 4.100000 4.133333 4.166667 4.200000 4.233333
4.266667 4.300000 4.333333 4.366667 4.400000 4.433333 4.466667 4.500000 4.533333 4.566667 4.600000</float_array>
        <technique_common>
          <accessor source="#mixamorig_Hips-Matrix-animation-input-array" count="139">
            <param name="TIME" type="float"/>
          </accessor>
        </technique_common>
      </source>
      <source id="mixamorig_Hips-Matrix-animation-output-transform">
        <float_array id="mixamorig_Hips-Matrix-animation-output-transform-array" count="2224">

0.999764 0.018624 0.011190 0.334886 -0.018674 0.999816 0.004404 76.439369 -0.011106 -0.004612 0.999928 5.018820 0.000000 0.000000 0.000000 1.000000
0.999756 0.018961 0.011358 0.344079 -0.019010 0.999810 0.004225 76.432495 -0.011276 -0.004440 0.999927 5.032425 0.000000 0.000000 0.000000 1.000000
0.999740 0.019342 0.012037 0.353179 -0.019389 0.999805 0.003821 76.428001 -0.011961 -0.004053 0.999920 5.046254 0.000000 0.000000 0.000000 1.000000
0.999727 0.019776 0.012440 0.355564 -0.019819 0.999798 0.003375 76.427734 -0.012370 -0.003621 0.999917 5.059777 0.000000 0.000000 0.000000 1.000000
0.999711 0.020076 0.013197 0.361647 -0.020117 0.999793 0.002996 76.434097 -0.013134 -0.003261 0.999908 5.072497 0.000000 0.000000 0.000000 1.000000
0.999696 0.020553 0.013620 0.362752 -0.020593 0.999784 0.002830 76.444565 -0.013559 -0.003109 0.999903 5.082650 0.000000 0.000000 0.000000 1.000000
0.999683 0.020839 0.014144 0.366430 -0.020881 0.999778 0.002837 76.464165 -0.014082 -0.003132 0.999896 5.084336 0.000000 0.000000 0.000000 1.000000
0.999678 0.021157 0.013988 0.371290 -0.021204 0.999770 0.003278 76.491386 -0.013915 -0.003574 0.999897 5.083050 0.000000 0.000000 0.000000 1.000000
0.999688 0.021277 0.013063 0.377509 -0.021330 0.999765 0.003949 76.524498 -0.012976 -0.004227 0.999907 5.076810 0.000000 0.000000 0.000000 1.000000
0.999709 0.021390 0.011172 0.382783 -0.021441 0.999760 0.004465 76.560875 -0.011074 -0.004703 0.999928 5.062751 0.000000 0.000000 0.000000 1.000000
0.999735 0.021399 0.008447 0.397915 -0.021447 0.999754 0.005679 76.598068 -0.008323 -0.005859 0.999948 5.036990 0.000000 0.000000 0.000000 1.000000
0.999774 0.020767 0.004457 0.412886 -0.020797 0.999760 0.006851 76.623871 -0.004314 -0.006942 0.999967 4.988974 0.000000 0.000000 0.000000 1.000000
0.999780 0.020919 0.001655 0.436606 -0.020931 0.999751 0.007685 76.631569 -0.001494 -0.007717 0.999969 4.924633 0.000000 0.000000 0.000000 1.000000
0.999761 0.021870 -0.000621 0.471555 -0.021864 0.999725 0.008503 76.635979 0.000807 -0.008488 0.999964 4.820681 0.000000 0.000000 0.000000 1.000000
0.999733 0.023058 -0.001588 0.505481 -0.023043 0.999696 0.008745 76.642784 0.001789 -0.008706 0.999961 4.657809 0.000000 0.000000 0.000000 1.000000
0.999709 0.024041 -0.002197 0.547266 -0.024019 0.999667 0.009458 76.701149 0.002424 -0.009402 0.999953 4.393430 0.000000 0.000000 0.000000 1.000000
0.999623 0.027426 -0.001330 0.585725 -0.027413 0.999586 0.008711 76.789078 0.001569 -0.008671 0.999961 4.349390 0.000000 0.000000 0.000000 1.000000
0.999644 0.026671 -0.000527 0.624458 -0.026666 0.999615 0.007625 76.770355 0.000730 -0.007608 0.999971 4.393308 0.000000 0.000000 0.000000 1.000000
0.999514 0.027898 0.013939 0.608719 -0.027914 0.999610 0.000978 76.157051 -0.013906 -0.001366 0.999902 4.569700 0.000000 0.000000 0.000000 1.000000
0.998939 0.031624 0.033477 0.549222 -0.031633 0.999500 -0.000263 74.912918 -0.033468 -0.000797 0.999439 4.806093 0.000000 0.000000 0.000000 1.000000
0.998209 0.032542 0.050205 0.488701 -0.032566 0.999470 -0.000348 73.158073 -0.050189 -0.001287 0.998739 5.117618 0.000000 0.000000 0.000000 1.000000
0.997640 0.033900 0.059718 0.433421 -0.033839 0.999425 -0.002026 71.642876 -0.059752 0.000001 0.998213 5.441490 0.000000 0.000000 0.000000 1.000000
0.995390 0.036720 0.088597 0.438760 -0.036359 0.999323 -0.005695 70.367264 -0.088746 0.002447 0.996051 5.749971 0.000000 0.000000 0.000000 1.000000
0.993796 0.028120 0.107603 0.325309 -0.027476 0.999595 -0.007461 68.716278 -0.107769 0.004458 0.994166 6.062872 0.000000 0.000000 0.000000 1.000000
0.994411 0.018188 0.103995 0.179115 -0.017594 0.999823 -0.006626 67.212830 -0.104097 0.004759 0.994556 6.354997 0.000000 0.000000 0.000000 1.000000
0.995254 0.016992 0.095815 0.106615 -0.016650 0.999852 -0.004360 66.045677 -0.095875 0.002743 0.995390 6.591506 0.000000 0.000000 0.000000 1.000000
0.996165 0.015855 0.086049 0.040730 -0.016003 0.999871 0.001025 64.928329 -0.086021 -0.002398 0.996290 6.780628 0.000000 0.000000 0.000000 1.000000
0.997157 0.015876 0.073655 -0.024370 -0.016563 0.999825 0.008721 63.791939 -0.073504 -0.009916 0.997246 6.936961 0.000000 0.000000 0.000000 1.000000
0.996856 0.017254 0.077330 -0.030805 -0.018657 0.999674 0.017456 62.868763 -0.077004 -0.018844 0.996853 7.050005 0.000000 0.000000 0.000000 1.000000
0.996440 0.018172 0.082318 -0.050129 -0.020533 0.999399 0.027924 62.500477 -0.081761 -0.029515 0.996215 7.093456 0.000000 0.000000 0.000000 1.000000
0.996528 0.012786 0.082275 -0.156388 -0.016186 0.999036 0.040793 62.317093 -0.081675 -0.041984 0.995774 7.088202 0.000000 0.000000 0.000000 1.000000
0.995915 0.012459 0.089428 -0.195642 -0.017360 0.998378 0.054229 62.301498 -0.088607 -0.055560 0.994516 7.024251 0.000000 0.000000 0.000000 1.000000
0.995515 0.008390 0.094234 -0.296010 -0.014963 0.997486 0.069261 62.443832 -0.093416 -0.070361 0.993138 6.903802 0.000000 0.000000 0.000000 1.000000
0.994999 0.006418 0.099678 -0.370281 -0.015130 0.996103 0.086892 62.689480 -0.098732 -0.087965 0.991218 6.704151 0.000000 0.000000 0.000000 1.000000
0.994331 0.005930 0.106160 -0.424779 -0.017520 0.993934 0.108577 63.024803 -0.104872 -0.109822 0.988403 6.400683 0.000000 0.000000 0.000000 1.000000
0.993904 0.006316 0.110071 -0.471254 -0.020446 0.991599 0.127725 63.433987 -0.108339 -0.129197 0.985683 6.045973 0.000000 0.000000 0.000000 1.000000
0.993459 0.006667 0.113997 -0.514357 -0.023262 0.989176 0.144875 63.886547 -0.111797 -0.146580 0.982861 5.632531 0.000000 0.000000 0.000000 1.000000
0.993431 0.006829 0.114229 -0.581641 -0.025549 0.986256 0.163238 64.373741 -0.111544 -0.165084 0.979952 5.130642 0.000000 0.000000 0.000000 1.000000
0.993277 0.006543 0.115576 -0.655137 -0.028097 0.982174 0.185864 64.882858 -0.112300 -0.187861 0.975754 4.500036 0.000000 0.000000 0.000000 1.000000
0.993001 0.007867 0.117844 -0.703499 -0.032101 0.978196 0.205189 65.371803 -0.113660 -0.207536 0.971602 3.798049 0.000000 0.000000 0.000000 1.000000
0.992754 0.006072 0.120010 -0.784857 -0.032726 0.974632 0.221409 65.835968 -0.115621 -0.223732 0.967768 3.027997 0.000000 0.000000 0.000000 1.000000
0.992578 0.002310 0.121590 -0.887041 -0.032012 0.969520 0.242910 66.250931 -0.117323 -0.245000 0.962398 2.100268 0.000000 0.000000 0.000000 1.000000
0.992219 -0.004427 0.124423 -1.015318 -0.028481 0.964797 0.261451 66.603867 -0.121200 -0.262960 0.957164 1.090596 0.000000 0.000000 0.000000 1.000000
0.991369 -0.009803 0.130738 -1.121373 -0.028000 0.958362 0.284180 66.884315 -0.128080 -0.285387 0.949816 -0.097074 0.000000 0.000000 0.000000 1.000000
0.990226 -0.014828 0.138683 -1.210157 -0.028412 0.952037 0.304661 67.055176 -0.136548 -0.305623 0.942310 -1.389184 0.000000 0.000000 0.000000 1.000000
0.988980 -0.019178 0.146803 -1.284763 -0.030171 0.944660 0.326659 67.098640 -0.144944 -0.327489 0.933671 -2.832680 0.000000 0.000000 0.000000 1.000000
0.987512 -0.023117 0.155837 -1.352990 -0.033641 0.935421 0.351933 67.019524 -0.153909 -0.352780 0.922962 -4.455832 0.000000 0.000000 0.000000 1.000000
0.986366 -0.025811 0.162529 -1.425936 -0.038372 0.924328 0.379664 66.823242 -0.160029 -0.380724 0.910736 -6.263025 0.000000 0.000000 0.000000 1.000000
0.984689 -0.029510 0.171802 -1.500874 -0.042838 0.914377 0.402590 66.535637 -0.168972 -0.403786 0.899114 -8.271967 0.000000 0.000000 0.000000 1.000000
0.983087 -0.032690 0.180196 -1.571486 -0.048274 0.902885 0.427162 66.005684 -0.176660 -0.428637 0.886037 -10.657251 0.000000 0.000000 0.000000 1.000000
0.982316 -0.035846 0.183766 -1.668383 -0.052525 0.889328 0.454243 65.023155 -0.179711 -0.455863 0.871718 -13.346436 0.000000 0.000000 0.000000 1.000000
0.981545 -0.042295 0.186497 -1.840833 -0.054958 0.871704 0.486941 63.286476 -0.183166 -0.488204 0.853292 -16.280006 0.000000 0.000000 0.000000 1.000000
0.979741 -0.050540 0.193784 -2.037277 -0.059696 0.849942 0.523484 60.606949 -0.191163 -0.524447 0.829706 -19.323061 0.000000 0.000000 0.000000 1.000000
0.977811 -0.054443 0.202292 -2.154648 -0.069573 0.826441 0.558708 56.952637 -0.197600 -0.560385 0.804315 -22.279833 0.000000 0.000000 0.000000 1.000000
0.976640 -0.058537 0.206756 -2.235854 -0.079618 0.795121 0.601202 52.171413 -0.199589 -0.603619 0.771886 -25.097330 0.000000 0.000000 0.000000 1.000000
0.975602 -0.061654 0.210714 -2.293138 -0.092839 0.753877 0.650423 46.390587 -0.198953 -0.654117 0.729760 -27.835655 0.000000 0.000000 0.000000 1.000000
0.972936 -0.068837 0.220583 -2.421542 -0.107323 0.710772 0.695187 41.365734 -0.204639 -0.700046 0.684148 -30.958351 0.000000 0.000000 0.000000 1.000000
0.971015 -0.077477 0.226115 -2.581049 -0.121203 0.655757 0.745179 36.592754 -0.206011 -0.750986 0.627360 -34.665257 0.000000 0.000000 0.000000 1.000000
0.968769 -0.080574 0.234508 -2.639762 -0.141727 0.596103 0.790301 32.111725 -0.203469 -0.798855 0.566066 -38.906155 0.000000 0.000000 0.000000 1.000000
0.966797 -0.085685 0.240752 -2.745825 -0.157952 0.540225 0.826564 27.762426 -0.200885 -0.837147 0.508754 -43.396267 0.000000 0.000000 0.000000 1.000000
0.968321 -0.083296 0.235407 -2.835236 -0.168329 0.478599 0.861747 24.830395 -0.184446 -0.874074 0.449416 -48.214333 0.000000 0.000000 0.000000 1.000000
0.973599 -0.068382 0.217783 -3.001934 -0.170700 0.415311 0.893520 27.401566 -0.151548 -0.907106 0.392674 -53.776176 0.000000 0.000000 0.000000 1.000000
0.978247 -0.054480 0.200161 -3.306380 -0.169347 0.347542 0.922245 30.049158 -0.119809 -0.936080 0.330756 -60.025814 0.000000 0.000000 0.000000 1.000000
0.978787 -0.049166 0.198895 -4.075751 -0.183081 0.225875 0.956798 33.023865 -0.091967 -0.972915 0.212082 -66.175949 0.000000 0.000000 0.000000 1.000000
0.979864 -0.045880 0.194324 -4.179259 -0.192552 0.040366 0.980456 35.177933 -0.052827 -0.998131 0.030719 -69.915771 0.000000 0.000000 0.000000 1.000000
0.981346 -0.039470 0.188153 -3.835778 -0.190470 -0.066789 0.979418 37.397564 -0.026091 -0.996986 -0.073061 -71.584152 0.000000 0.000000 0.000000 1.000000
0.979211 -0.045200 0.197743 -3.519505 -0.201696 -0.113406 0.972861 39.582260 -0.021548 -0.992520 -0.120165 -73.055450 0.000000 0.000000 0.000000 1.000000
0.976767 -0.066898 0.203595 -3.688354 -0.213567 -0.225168 0.950625 39.831470 -0.017752 -0.972021 -0.234224 -75.612320 0.000000 0.000000 0.000000 1.000000
0.976289 -0.065756 0.206241 -2.973136 -0.216180 -0.345499 0.913180 38.814957 0.011209 -0.936113 -0.351521 -78.223839 0.000000 0.000000 0.000000 1.000000
0.975837 -0.063273 0.209138 -2.144353 -0.217350 -0.379142 0.899450 38.061790 0.022382 -0.923173 -0.383733 -80.775246 0.000000 0.000000 0.000000 1.000000
0.974963 -0.066313 0.212247 -2.174479 -0.221543 -0.371653 0.901550 37.117718 0.019097 -0.926000 -0.377040 -83.185242 0.000000 0.000000 0.000000 1.000000
0.972191 -0.069362 0.223681 -2.478719 -0.233551 -0.357599 0.904200 35.503105 0.017271 -0.931296 -0.363854 -85.224686 0.000000 0.000000 0.000000 1.000000
0.969157 -0.071153 0.235951 -2.707222 -0.245958 -0.339479 0.907887 33.018528 0.015502 -0.937918 -0.346509 -86.991295 0.000000 0.000000 0.000000 1.000000
0.966569 -0.070559 0.246505 -2.740196 -0.256053 -0.315989 0.913558 29.898726 0.013433 -0.946135 -0.323492 -88.374825 0.000000 0.000000 0.000000 1.000000
0.965051 -0.069834 0.252586 -3.059009 -0.261941 -0.286314 0.921635 26.210545 0.007958 -0.955588 -0.294600 -88.971024 0.000000 0.000000 0.000000 1.000000
0.964856 -0.069891 0.253315 -3.287014 -0.262778 -0.253559 0.930943 25.507442 -0.000834 -0.964792 -0.263014 -88.092567 0.000000 0.000000 0.000000 1.000000
0.965767 -0.068858 0.250104 -3.392484 -0.259109 -0.209634 0.942823 25.498997 -0.012490 -0.975352 -0.220299 -86.550774 0.000000 0.000000 0.000000 1.000000
0.968981 -0.068895 0.237336 -3.271436 -0.245281 -0.150734 0.957662 24.599876 -0.030204 -0.986171 -0.162957 -85.244202 0.000000 0.000000 0.000000 1.000000
0.973406 -0.064090 0.219937 -3.012743 -0.225268 -0.093257 0.969823 23.287350 -0.041645 -0.993577 -0.105214 -84.222572 0.000000 0.000000 0.000000 1.000000
0.977392 -0.063105 0.201800 -3.218389 -0.204829 -0.045857 0.977723 21.760073 -0.052445 -0.996953 -0.057746 -83.908096 0.000000 0.000000 0.000000 1.000000
0.981051 -0.063004 0.183218 -3.815706 -0.184656 -0.017775 0.982642 21.016022 -0.058654 -0.997855 -0.029072 -83.940552 0.000000 0.000000 0.000000 1.000000
0.983830 -0.058935 0.169131 -3.916204 -0.169958 -0.009282 0.985408 20.808704 -0.056505 -0.998219 -0.019149 -83.996376 0.000000 0.000000 0.000000 1.000000
0.985399 -0.060026 0.159329 -4.072454 -0.160131 -0.008767 0.987057 21.057407 -0.057852 -0.998158 -0.018251 -84.069695 0.000000 0.000000 0.000000 1.000000
0.986730 -0.060860 0.150535 -4.405598 -0.151050 -0.003934 0.988518 21.353287 -0.059569 -0.998139 -0.013075 -84.129219 0.000000 0.000000 0.000000 1.000000
0.987749 -0.062190 0.143123 -4.793357 -0.142922 0.007684 0.989704 21.530964 -0.062650 -0.998035 -0.001298 -84.200424 0.000000 0.000000 0.000000 1.000000
0.988485 -0.063280 0.137454 -5.064124 -0.136587 0.017842 0.990467 21.539165 -0.065129 -0.997836 0.008993 -84.284500 0.000000 0.000000 0.000000 1.000000
0.989108 -0.061674 0.133649 -5.122631 -0.132369 0.024419 0.990900 21.452408 -0.064376 -0.997798 0.015989 -84.313492 0.000000 0.000000 0.000000 1.000000
0.989442 -0.059289 0.132247 -5.104135 -0.130884 0.026336 0.991048 21.325542 -0.062241 -0.997893 0.018298 -84.373085 0.000000 0.000000 0.000000 1.000000
0.989552 -0.056234 0.132754 -5.022291 -0.131585 0.024015 0.991014 21.211586 -0.058917 -0.998129 0.016364 -84.491531 0.000000 0.000000 0.000000 1.000000
0.989284 -0.055650 0.134986 -5.002995 -0.134138 0.018715 0.990786 21.117783 -0.057664 -0.998275 0.011050 -84.570618 0.000000 0.000000 0.000000 1.000000
0.988816 -0.056428 0.138052 -5.005306 -0.137485 0.013822 0.990407 21.050835 -0.057795 -0.998311 0.005909 -84.595673 0.000000 0.000000 0.000000 1.000000
0.988189 -0.056099 0.142605 -4.927029 -0.142188 0.011372 0.989774 20.991108 -0.057147 -0.998360 0.003261 -84.606758 0.000000 0.000000 0.000000 1.000000
0.987561 -0.054479 0.147499 -4.757887 -0.147058 0.012034 0.989055 20.953804 -0.055658 -0.998442 0.003873 -84.560501 0.000000 0.000000 0.000000 1.000000
0.987092 -0.053296 0.151029 -4.546528 -0.150452 0.014693 0.988508 20.938923 -0.054902 -0.998471 0.006485 -84.482101 0.000000 0.000000 0.000000 1.000000
0.986613 -0.052510 0.154396 -4.380052 -0.153705 0.016988 0.987971 20.953152 -0.054501 -0.998476 0.008689 -84.409149 0.000000 0.000000 0.000000 1.000000
0.986372 -0.051939 0.156115 -4.262145 -0.155332 0.018821 0.987683 20.991833 -0.054237 -0.998473 0.010496 -84.370361 0.000000 0.000000 0.000000 1.000000
0.986232 -0.052286 0.156885 -4.218675 -0.156037 0.019944 0.987550 21.035000 -0.054764 -0.998433 0.011511 -84.398155 0.000000 0.000000 0.000000 1.000000
0.986151 -0.052347 0.157370 -4.198659 -0.156455 0.021162 0.987458 21.075533 -0.055021 -0.998405 0.012679 -84.382584 0.000000 0.000000 0.000000 1.000000
0.986148 -0.052517 0.157336 -4.210840 -0.156347 0.022464 0.987447 21.096222 -0.055392 -0.998367 0.013942 -84.369202 0.000000 0.000000 0.000000 1.000000
0.986174 -0.052812 0.157069 -4.250378 -0.156015 0.023556 0.987474 21.106997 -0.055850 -0.998327 0.014991 -84.360931 0.000000 0.000000 0.000000 1.000000
0.986272 -0.052862 0.156438 -4.290857 -0.155364 0.023875 0.987569 21.104134 -0.055940 -0.998316 0.015334 -84.359482 0.000000 0.000000 0.000000 1.000000
0.986396 -0.052645 0.155726 -4.330999 -0.154677 0.023469 0.987686 21.087753 -0.055651 -0.998337 0.015007 -84.360695 0.000000 0.000000 0.000000 1.000000
0.986491 -0.052214 0.155274 -4.366729 -0.154260 0.022948 0.987764 21.069450 -0.055139 -0.998372 0.014584 -84.362991 0.000000 0.000000 0.000000 1.000000
0.986595 -0.051687 0.154789 -4.387240 -0.153811 0.022415 0.987846 21.057348 -0.054528 -0.998412 0.014165 -84.368622 0.000000 0.000000 0.000000 1.000000
0.986725 -0.050991 0.154188 -4.395265 -0.153243 0.021978 0.987944 21.050766 -0.053765 -0.998457 0.013872 -84.374535 0.000000 0.000000 0.000000 1.000000
0.986822 -0.050491 0.153730 -4.395857 -0.152782 0.022163 0.988011 21.048256 -0.053293 -0.998479 0.014157 -84.379410 0.000000 0.000000 0.000000 1.000000
0.986852 -0.050495 0.153534 -4.394559 -0.152570 0.022449 0.988038 21.050327 -0.053338 -0.998472 0.014450 -84.383957 0.000000 0.000000 0.000000 1.000000
0.986850 -0.050708 0.153477 -4.392819 -0.152489 0.022834 0.988041 21.056282 -0.053606 -0.998452 0.014801 -84.388168 0.000000 0.000000 0.000000 1.000000
0.986820 -0.051021 0.153566 -4.398286 -0.152551 0.023238 0.988022 21.059069 -0.053979 -0.998427 0.015148 -84.386360 0.000000 0.000000 0.000000 1.000000
0.986773 -0.051218 0.153807 -4.397166 -0.152769 0.023616 0.987980 21.060453 -0.054235 -0.998408 0.015479 -84.386154 0.000000 0.000000 0.000000 1.000000
0.986743 -0.051250 0.153987 -4.397400 -0.152938 0.023808 0.987949 21.059265 -0.054298 -0.998402 0.015655 -84.386986 0.000000 0.000000 0.000000 1.000000
0.986717 -0.051207 0.154167 -4.396958 -0.153117 0.023863 0.987920 21.056599 -0.054268 -0.998403 0.015705 -84.387581 0.000000 0.000000 0.000000 1.000000
0.986699 -0.051135 0.154309 -4.396407 -0.153258 0.023886 0.987897 21.051832 -0.054201 -0.998406 0.015731 -84.389069 0.000000 0.000000 0.000000 1.000000
0.986667 -0.050995 0.154559 -4.394090 -0.153510 0.023922 0.987858 21.049442 -0.054073 -0.998412 0.015775 -84.389267 0.000000 0.000000 0.000000 1.000000
0.986634 -0.050886 0.154805 -4.389821 -0.153754 0.023977 0.987818 21.048960 -0.053978 -0.998417 0.015832 -84.390472 0.000000 0.000000 0.000000 1.000000
0.986617 -0.050832 0.154930 -4.388667 -0.153876 0.024045 0.987797 21.048553 -0.053937 -0.998418 0.015902 -84.389259 0.000000 0.000000 0.000000 1.000000
0.986616 -0.050821 0.154938 -4.390407 -0.153879 0.024150 0.987795 21.048096 -0.053942 -0.998416 0.016006 -84.386337 0.000000 0.000000 0.000000 1.000000
0.986639 -0.050846 0.154782 -4.388060 -0.153720 0.024193 0.987818 21.048706 -0.053971 -0.998413 0.016054 -84.387558 0.000000 0.000000 0.000000 1.000000
0.986666 -0.051037 0.154547 -4.388162 -0.153480 0.024244 0.987854 21.046181 -0.054164 -0.998402 0.016088 -84.386711 0.000000 0.000000 0.000000 1.000000
0.986693 -0.051264 0.154303 -4.388150 -0.153224 0.024369 0.987891 21.043766 -0.054403 -0.998388 0.016190 -84.386131 0.000000 0.000000 0.000000 1.000000
0.986706 -0.051216 0.154234 -4.389167 -0.153146 0.024567 0.987898 21.045420 -0.054385 -0.998385 0.016397 -84.386505 0.000000 0.000000 0.000000 1.000000
0.986733 -0.051161 0.154077 -4.388495 -0.152978 0.024758 0.987919 21.048225 -0.054358 -0.998383 0.016603 -84.388855 0.000000 0.000000 0.000000 1.000000
0.986746 -0.051113 0.154013 -4.388915 -0.152905 0.024957 0.987926 21.051529 -0.054339 -0.998381 0.016811 -84.389336 0.000000 0.000000 0.000000 1.000000
0.986752 -0.051055 0.153991 -4.389536 -0.152871 0.025182 0.987925 21.055574 -0.054316 -0.998378 0.017044 -84.390121 0.000000 0.000000 0.000000 1.000000
0.986755 -0.051051 0.153976 -4.393811 -0.152853 0.025243 0.987926 21.059811 -0.054321 -0.998377 0.017105 -84.388924 0.000000 0.000000 0.000000 1.000000
0.986755 -0.051063 0.153972 -4.397796 -0.152848 0.025251 0.987927 21.064140 -0.054335 -0.998376 0.017112 -84.387917 0.000000 0.000000 0.000000 1.000000
0.986754 -0.051068 0.153976 -4.400141 -0.152854 0.025213 0.987927 21.066685 -0.054334 -0.998377 0.017073 -84.388451 0.000000 0.000000 0.000000 1.000000
0.986752 -0.051086 0.153984 -4.401496 -0.152869 0.025087 0.987928 21.066650 -0.054332 -0.998379 0.016946 -84.388969 0.000000 0.000000 0.000000 1.000000
0.986749 -0.051115 0.153993 -4.403389 -0.152889 0.024882 0.987930 21.066658 -0.054330 -0.998383 0.016737 -84.389565 0.000000 0.000000 0.000000 1.000000
0.986746 -0.051128 0.154009 -4.404196 -0.152910 0.024779 0.987929 21.065294 -0.054327 -0.998385 0.016633 -84.391052 0.000000 0.000000 0.000000 1.000000
0.986743 -0.051128 0.154028 -4.404500 -0.152929 0.024780 0.987926 21.063057 -0.054328 -0.998385 0.016633 -84.392181 0.000000 0.000000 0.000000 1.000000
0.986740 -0.051132 0.154042 -4.405233 -0.152943 0.024781 0.987924 21.062305 -0.054331 -0.998384 0.016632 -84.392441 0.000000 0.000000 0.000000 1.000000
0.986739 -0.051136 0.154048 -4.405893 -0.152948 0.024782 0.987923 21.062376 -0.054336 -0.998384 0.016632 -84.392799 0.000000 0.000000 0.000000 1.000000
0.986740 -0.051144 0.154043 -4.407199 -0.152943 0.024784 0.987924 21.062462 -0.054345 -0.998384 0.016633 -84.392487 0.000000 0.000000 0.000000 1.000000
0.986742 -0.051146 0.154024 -4.408741 -0.152924 0.024782 0.987927 21.061985 -0.054346 -0.998384 0.016632 -84.391464 0.000000 0.000000 0.000000 1.000000
0.986748 -0.051141 0.153989 -4.409702 -0.152889 0.024780 0.987933 21.061123 -0.054339 -0.998384 0.016633 -84.390938 0.000000 0.000000 0.000000 1.000000
0.986760 -0.051143 0.153910 -4.410480 -0.152811 0.024776 0.987945 21.057102 -0.054340 -0.998384 0.016633 -84.390228 0.000000 0.000000 0.000000 1.000000
0.986787 -0.051145 0.153741 -4.408420 -0.152642 0.024767 0.987971 21.051830 -0.054337 -0.998384 0.016632 -84.390572 0.000000 0.000000 0.000000 1.000000
0.986787 -0.051129 0.153743 -4.405132 -0.152644 0.024764 0.987971 21.047565 -0.054322 -0.998385 0.016633 -84.393059 0.000000 0.000000 0.000000 1.000000</float_array>
        <technique_common>
          <accessor source="#mixamorig_Hips-Matrix-animation-output-transform-array" count="139" stride="16">
            <param type="float4x4"/>
          </accessor>
        </technique_common>
      </source>
      <source id="mixamorig_Hips-Interpolations">
        <Name_array id="mixamorig_Hips-Interpolations-array" count="139">
 LINEAR LINEAR LINEAR LINEAR LINEAR LINEAR LINEAR LINEAR LINEAR LINEAR LINEAR
LINEAR LINEAR LINEAR LINEAR LINEAR LINEAR LINEAR LINEAR LINEAR LINEAR LINEAR LINEAR
LINEAR LINEAR LINEAR LINEAR LINEAR LINEAR LINEAR LINEAR LINEAR LINEAR LINEAR LINEAR
LINEAR LINEAR LINEAR LINEAR LINEAR LINEAR LINEAR LINEAR LINEAR LINEAR LINEAR LINEAR
LINEAR LINEAR LINEAR LINEAR LINEAR LINEAR LINEAR LINEAR LINEAR LINEAR LINEAR LINEAR
LINEAR LINEAR LINEAR LINEAR LINEAR LINEAR LINEAR LINEAR LINEAR LINEAR LINEAR LINEAR
LINEAR LINEAR LINEAR LINEAR LINEAR LINEAR LINEAR LINEAR LINEAR LINEAR LINEAR LINEAR
LINEAR LINEAR LINEAR LINEAR LINEAR LINEAR LINEAR LINEAR LINEAR LINEAR LINEAR LINEAR
LINEAR LINEAR LINEAR LINEAR LINEAR LINEAR LINEAR LINEAR LINEAR LINEAR LINEAR LINEAR
LINEAR LINEAR LINEAR LINEAR LINEAR LINEAR LINEAR LINEAR LINEAR LINEAR LINEAR LINEAR
LINEAR LINEAR LINEAR LINEAR LINEAR LINEAR LINEAR LINEAR LINEAR LINEAR LINEAR LINEAR
LINEAR LINEAR LINEAR LINEAR LINEAR LINEAR LINEAR LINEAR</Name_array>
        <technique_common>
          <accessor source="#mixamorig_Hips-Interpolations-array" count="139">
            <param type="name"/>
          </accessor>
        </technique_common>
      </source>
      <sampler id="mixamorig_Hips-Matrix-animation-transform">
        <input semantic="INPUT" source="#mixamorig_Hips-Matrix-animation-input"/>
        <input semantic="OUTPUT" source="#mixamorig_Hips-Matrix-animation-output-transform"/>
        <input semantic="INTERPOLATION" source="#mixamorig_Hips-Interpolations"/>
      </sampler>
      <channel source="#mixamorig_Hips-Matrix-animation-transform" target="mixamorig_Hips/matrix"/>
    </animation>
    <animation id="mixamorig_Spine-anim" name="mixamorig_Spine">
      <source id="mixamorig_Spine-Matrix-animation-input">
        <float_array id="mixamorig_Spine-Matrix-animation-input-array" count="139">

0.000000 0.033333 0.066667 0.100000 0.133333 0.166667 0.200000 0.233333 0.266667 0.300000 0.333333 0.366667 0.400000 0.433333 0.466667 0.500000
0.533333 0.566667 0.600000 0.633333 0.666667 0.700000 0.733333 0.766667 0.800000 0.833333 0.866667 0.900000 0.933333 0.966667 1.000000 1.033333
1.066667 1.100000 1.133333 1.166667 1.200000 1.233333 1.266667 1.300000 1.333333 1.366667 1.400000 1.433333 1.466667 1.500000 1.533333 1.566667
1.600000 1.633333 1.666667 1.700000 1.733333 1.766667 1.800000 1.833333 1.866667 1.900000 1.933333 1.966667 2.000000 2.033333 2.066667 2.100000
2.133333 2.166667 2.200000 2.233333 2.266667 2.300000 2.333333 2.366667 2.400000 2.433333 2.466667 2.500000 2.533333 2.566667 2.600000 2.633333
2.666667 2.700000 2.733333 2.766667 2.800000 2.833333 2.866667 2.900000 2.933333 2.966667 3.000000 3.033333 3.066667 3.100000 3.133333 3.166667
3.200000 3.233333 3.266667 3.300000 3.333333 3.366667 3.400000 3.433333 3.466667 3.500000 3.533333 3.566667 3.600000 3.633333 3.666667 3.700000
3.733333 3.766667 3.800000 3.833333 3.866667 3.900000 3.933333 3.966667 4.000000 4.033333 4.066667 4.100000 4.133333 4.166667 4.200000 4.233333
4.266667 4.300000 4.333333 4.366667 4.400000 4.433333 4.466667 4.500000 4.533333 4.566667 4.600000</float_array>
        <technique_common>
          <accessor source="#mixamorig_Spine-Matrix-animation-input-array" count="139">
            <param name="TIME" type="float"/>
          </accessor>
        </technique_common>
      </source>
      <source id="mixamorig_Spine-Matrix-animation-output-transform">
        <float_array id="mixamorig_Spine-Matrix-animation-output-transform-array" count="2224">

0.999971 -0.006040 0.004543 0.000000 0.007171 0.948181 -0.317651 13.784800 -0.002389 0.317674 0.948197 0.064400 0.000000 0.000000 0.000000 1.000000
0.999972 -0.006094 0.004397 0.000000 0.007175 0.948226 -0.317515 13.784800 -0.002235 0.317538 0.948243 0.064400 0.000000 0.000000 0.000000 1.000000
0.999972 -0.006170 0.004168 -0.000000 0.007174 0.948299 -0.317296 13.784800 -0.001995 0.317317 0.948317 0.064400 0.000000 0.000000 0.000000 1.000000
0.999973 -0.006227 0.003996 -0.000000 0.007173 0.948321 -0.317231 13.784800 -0.001814 0.317251 0.948340 0.064400 0.000000 0.000000 0.000000 1.000000
0.999973 -0.006289 0.003785 -0.000000 0.007165 0.948329 -0.317209 13.784800 -0.001594 0.317227 0.948348 0.064400 0.000000 0.000000 0.000000 1.000000
0.999973 -0.006334 0.003638 0.000000 0.007161 0.948326 -0.317218 13.784800 -0.001440 0.317236 0.948346 0.064400 0.000000 0.000000 0.000000 1.000000
0.999973 -0.006355 0.003572 0.000000 0.007160 0.948307 -0.317273 13.784800 -0.001372 0.317290 0.948327 0.064400 0.000000 0.000000 0.000000 1.000000
0.999973 -0.006377 0.003523 0.000000 0.007166 0.948229 -0.317507 13.784800 -0.001316 0.317524 0.948249 0.064400 0.000000 0.000000 0.000000 1.000000
0.999973 -0.006362 0.003608 0.000000 0.007179 0.948144 -0.317759 13.784800 -0.001400 0.317776 0.948165 0.064400 0.000000 0.000000 0.000000 1.000000
0.999973 -0.006307 0.003818 0.000000 0.007194 0.948049 -0.318042 13.784800 -0.001614 0.318061 0.948069 0.064400 0.000000 0.000000 0.000000 1.000000
0.999972 -0.006228 0.004175 0.000000 0.007233 0.947944 -0.318355 13.784800 -0.001975 0.318376 0.947962 0.064400 0.000000 0.000000 0.000000 1.000000
0.999970 -0.006055 0.004856 0.000000 0.007287 0.947792 -0.318807 13.784800 -0.002672 0.318833 0.947807 0.064400 0.000000 0.000000 0.000000 1.000000
0.999965 -0.006209 0.005565 0.000000 0.007662 0.947587 -0.319407 13.784800 -0.003290 0.319438 0.947601 0.064400 0.000000 0.000000 0.000000 1.000000
0.999963 -0.006584 0.005617 0.000000 0.008032 0.947742 -0.318937 13.784800 -0.003223 0.318970 0.947759 0.064400 0.000000 0.000000 0.000000 1.000000
0.999962 -0.006991 0.005277 0.000000 0.008298 0.949040 -0.315045 13.784800 -0.002805 0.315077 0.949062 0.064400 0.000000 0.000000 0.000000 1.000000
0.999964 -0.007271 0.004357 0.000000 0.008262 0.950903 -0.309378 13.784800 -0.001894 0.309403 0.950929 0.064400 0.000000 0.000000 0.000000 1.000000
0.999967 -0.007372 0.003420 0.000000 0.008062 0.952735 -0.303695 13.784800 -0.001020 0.303712 0.952763 0.064400 0.000000 0.000000 0.000000 1.000000
0.999967 -0.007448 0.003192 0.000000 0.008062 0.953873 -0.300104 13.784800 -0.000809 0.300119 0.953901 0.064400 0.000000 0.000000 0.000000 1.000000
0.999957 -0.008251 0.004224 -0.000000 0.009143 0.953019 -0.302774 13.784800 -0.001527 0.302799 0.953053 0.064400 0.000000 0.000000 0.000000 1.000000
0.999921 -0.010102 0.007488 0.000000 0.011953 0.948501 -0.316549 13.784800 -0.003904 0.316614 0.948547 0.064400 0.000000 0.000000 0.000000 1.000000
0.999820 -0.013365 0.013492 0.000000 0.017111 0.942170 -0.334699 13.784800 -0.008238 0.334869 0.942229 0.064400 0.000000 0.000000 0.000000 1.000000
0.999641 -0.018737 0.019140 -0.000000 0.024207 0.937862 -0.346163 13.784800 -0.011464 0.346502 0.937979 0.064400 0.000000 0.000000 0.000000 1.000000
0.999361 -0.028295 0.021823 0.000000 0.034153 0.935945 -0.350487 13.784800 -0.010509 0.351009 0.936313 0.064400 0.000000 0.000000 0.000000 1.000000
0.998918 -0.038593 0.025954 0.000000 0.045282 0.934354 -0.353458 13.784800 -0.010609 0.354251 0.935090 0.064400 0.000000 0.000000 0.000000 1.000000
0.998341 -0.045905 0.034770 0.000000 0.055204 0.934774 -0.350927 13.784800 -0.016393 0.352264 0.935757 0.064400 0.000000 0.000000 0.000000 1.000000
0.997848 -0.049466 0.043037 0.000000 0.061199 0.938231 -0.340555 13.784800 -0.023533 0.342456 0.939239 0.064400 0.000000 0.000000 0.000000 1.000000
0.997605 -0.050019 0.047779 0.000000 0.062937 0.942949 -0.326936 13.784800 -0.028700 0.329160 0.943838 0.064400 0.000000 0.000000 0.000000 1.000000
0.997479 -0.049649 0.050702 0.000000 0.063058 0.947853 -0.312406 13.784800 -0.032548 0.314816 0.948595 0.064400 0.000000 0.000000 0.000000 1.000000
0.997441 -0.052399 0.048630 0.000000 0.064549 0.952500 -0.297618 13.784800 -0.030725 0.299996 0.953446 0.064400 0.000000 0.000000 0.000000 1.000000
0.997371 -0.054997 0.047191 0.000000 0.066200 0.956371 -0.284557 13.784800 -0.029482 0.286933 0.957497 0.064400 0.000000 0.000000 0.000000 1.000000
0.997321 -0.054207 0.049114 0.000000 0.065585 0.959994 -0.272232 13.784800 -0.032392 0.274724 0.960977 0.064400 0.000000 0.000000 0.000000 1.000000
0.997150 -0.057272 0.049109 -0.000000 0.068120 0.963263 -0.259778 13.784800 -0.032427 0.262382 0.964419 0.064400 0.000000 0.000000 0.000000 1.000000
0.997141 -0.056742 0.049905 0.000000 0.067455 0.966046 -0.249407 13.784800 -0.034059 0.252061 0.967112 0.064400 0.000000 0.000000 0.000000 1.000000
0.997114 -0.056833 0.050339 -0.000000 0.067410 0.967771 -0.242643 13.784800 -0.034926 0.245336 0.968809 0.064400 0.000000 0.000000 0.000000 1.000000
0.997028 -0.058272 0.050384 0.000000 0.068784 0.967915 -0.241680 13.784800 -0.034684 0.244427 0.969047 0.064400 0.000000 0.000000 0.000000 1.000000
0.996939 -0.059937 0.050206 0.000000 0.070347 0.967864 -0.241433 13.784800 -0.034122 0.244225 0.969118 0.064400 0.000000 0.000000 0.000000 1.000000
0.996895 -0.061202 0.049552 0.000000 0.071333 0.968388 -0.239032 13.784800 -0.033357 0.241825 0.969746 0.064400 0.000000 0.000000 0.000000 1.000000
0.996846 -0.061720 0.049888 0.000000 0.071882 0.968605 -0.237986 13.784800 -0.033633 0.240821 0.969987 0.064400 0.000000 0.000000 0.000000 1.000000
0.996790 -0.062283 0.050301 0.000000 0.072600 0.968047 -0.240031 13.784800 -0.033744 0.242913 0.969461 0.064400 0.000000 0.000000 0.000000 1.000000
0.996714 -0.063633 0.050125 0.000000 0.073888 0.967803 -0.240621 13.784800 -0.033200 0.243534 0.969324 0.064400 0.000000 0.000000 0.000000 1.000000
0.996742 -0.062860 0.050532 0.000000 0.073210 0.968045 -0.239853 13.784800 -0.033840 0.242772 0.969493 0.064400 0.000000 0.000000 0.000000 1.000000
0.996782 -0.061191 0.051771 0.000000 0.071986 0.967487 -0.242458 13.784800 -0.035252 0.245405 0.968779 0.064400 0.000000 0.000000 0.000000 1.000000
0.996909 -0.057734 0.053276 -0.000000 0.069044 0.967416 -0.243596 13.784800 -0.037476 0.246521 0.968413 0.064400 0.000000 0.000000 0.000000 1.000000
0.996978 -0.055874 0.053976 -0.000000 0.067563 0.966555 -0.247399 13.784800 -0.038348 0.250298 0.967409 0.064400 0.000000 0.000000 0.000000 1.000000
0.997045 -0.054415 0.054222 -0.000000 0.066308 0.966013 -0.249845 13.784800 -0.038784 0.252702 0.966766 0.064400 0.000000 0.000000 0.000000 1.000000
0.997071 -0.053663 0.054498 0.000000 0.065784 0.965187 -0.253153 13.784800 -0.039016 0.255997 0.965890 0.064400 0.000000 0.000000 0.000000 1.000000
0.997094 -0.053213 0.054507 0.000000 0.065378 0.965036 -0.253833 13.784800 -0.039094 0.256659 0.965711 0.064400 0.000000 0.000000 0.000000 1.000000
0.997103 -0.052592 0.054957 0.000000 0.064907 0.964975 -0.254186 13.784800 -0.039664 0.257017 0.965593 0.064400 0.000000 0.000000 0.000000 1.000000
0.997127 -0.051750 0.055323 0.000000 0.064059 0.965834 -0.251121 13.784800 -0.040437 0.253944 0.966373 0.064400 0.000000 0.000000 0.000000 1.000000
0.997140 -0.050881 0.055875 0.000000 0.063318 0.966120 -0.250207 13.784800 -0.041251 0.253029 0.966579 0.064400 0.000000 0.000000 0.000000 1.000000
0.997149 -0.048809 0.057552 0.000000 0.061744 0.966178 -0.250377 13.784800 -0.043385 0.253216 0.966436 0.064400 0.000000 0.000000 0.000000 1.000000
0.997123 -0.046510 0.059851 -0.000000 0.060120 0.966173 -0.250788 13.784800 -0.046162 0.253665 0.966190 0.064400 0.000000 0.000000 0.000000 1.000000
0.997018 -0.046516 0.061567 -0.000000 0.060549 0.966215 -0.250526 13.784800 -0.047834 0.253507 0.966150 0.064400 0.000000 0.000000 0.000000 1.000000
0.996794 -0.049254 0.063052 0.000000 0.063504 0.966416 -0.249013 13.784800 -0.048670 0.252219 0.966445 0.064400 0.000000 0.000000 0.000000 1.000000
0.996397 -0.053746 0.065601 -0.000000 0.068450 0.966351 -0.247951 13.784800 -0.050068 0.251548 0.966549 0.064400 0.000000 0.000000 0.000000 1.000000
0.996073 -0.058361 0.066577 -0.000000 0.073129 0.966223 -0.247114 13.784800 -0.049907 0.251012 0.966697 0.064400 0.000000 0.000000 0.000000 1.000000
0.995859 -0.063019 0.065530 -0.000000 0.077275 0.966460 -0.244917 13.784800 -0.047898 0.248966 0.967327 0.064400 0.000000 0.000000 0.000000 1.000000
0.995812 -0.066375 0.062865 0.000000 0.079607 0.967677 -0.239299 13.784800 -0.044949 0.243302 0.968909 0.064400 0.000000 0.000000 0.000000 1.000000
0.995945 -0.070233 0.056224 -0.000000 0.081292 0.970268 -0.227971 13.784800 -0.038541 0.231617 0.972043 0.064400 0.000000 0.000000 0.000000 1.000000
0.995857 -0.074297 0.052426 -0.000000 0.083805 0.973654 -0.212072 13.784800 -0.035288 0.215587 0.975847 0.064400 0.000000 0.000000 0.000000 1.000000
0.996152 -0.074189 0.046657 0.000000 0.081773 0.978317 -0.190287 13.784800 -0.031528 0.193370 0.980619 0.064400 0.000000 0.000000 0.000000 1.000000
0.996631 -0.072706 0.037942 0.000000 0.078051 0.982916 -0.166687 13.784800 -0.025175 0.169087 0.985280 0.064400 0.000000 0.000000 0.000000 1.000000
0.997119 -0.069975 0.029267 -0.000000 0.073819 0.983952 -0.162446 13.784800 -0.017430 0.164138 0.986283 0.064400 0.000000 0.000000 0.000000 1.000000
0.997575 -0.066838 0.019408 0.000000 0.069219 0.981879 -0.176415 13.784800 -0.007265 0.177330 0.984125 0.064400 0.000000 0.000000 0.000000 1.000000
0.997895 -0.063238 0.014377 -0.000000 0.064808 0.980487 -0.185596 13.784800 -0.002360 0.186137 0.982521 0.064400 0.000000 0.000000 0.000000 1.000000
0.999326 -0.036393 -0.004727 0.000000 0.035543 0.991864 -0.122237 13.784800 0.009138 0.121986 0.992490 0.064400 0.000000 0.000000 0.000000 1.000000
0.999784 -0.006251 -0.019811 0.000000 0.005394 0.999059 -0.043041 13.784800 0.020062 0.042924 0.998877 0.064400 0.000000 0.000000 0.000000 1.000000
0.999870 0.008157 -0.013912 0.000000 -0.008646 0.999332 -0.035497 13.784800 0.013613 0.035613 0.999273 0.064400 0.000000 0.000000 0.000000 1.000000
0.999932 -0.005076 -0.010510 0.000000 0.004043 0.995364 -0.096093 13.784800 0.010949 0.096044 0.995317 0.064400 0.000000 0.000000 0.000000 1.000000
0.999309 -0.036287 -0.008105 -0.000000 0.033984 0.979844 -0.196850 13.784800 0.015084 0.196439 0.980400 0.064400 0.000000 0.000000 0.000000 1.000000
0.998501 -0.054732 -0.000030 0.000000 0.052570 0.959208 -0.277770 13.784800 0.015231 0.277352 0.960648 0.064400 0.000000 0.000000 0.000000 1.000000
0.997868 -0.064764 0.008023 0.000000 0.063801 0.942338 -0.328526 13.784800 0.013716 0.328337 0.944461 0.064400 0.000000 0.000000 0.000000 1.000000
0.997813 -0.064944 0.012296 0.000000 0.065236 0.937663 -0.341367 13.784800 0.010640 0.341423 0.939849 0.064400 0.000000 0.000000 0.000000 1.000000
0.998111 -0.059803 0.014087 0.000000 0.061078 0.940973 -0.332926 13.784800 0.006654 0.333157 0.942848 0.064400 0.000000 0.000000 0.000000 1.000000
0.998678 -0.050104 0.011525 0.000000 0.051154 0.945936 -0.320295 13.784800 0.005146 0.320461 0.947248 0.064400 0.000000 0.000000 0.000000 1.000000
0.999503 -0.030999 0.005693 0.000000 0.031320 0.956699 -0.289390 13.784800 0.003524 0.289425 0.957194 0.064400 0.000000 0.000000 0.000000 1.000000
0.999927 -0.011982 -0.001356 0.000000 0.011298 0.970233 -0.241910 13.784800 0.004214 0.241878 0.970298 0.064400 0.000000 0.000000 0.000000 1.000000
0.999941 0.007114 -0.008151 0.000000 -0.008509 0.982434 -0.186416 13.784800 0.006681 0.186475 0.982437 0.064400 0.000000 0.000000 0.000000 1.000000
0.999739 0.018652 -0.013156 -0.000000 -0.020277 0.990397 -0.136759 13.784800 0.010479 0.136990 0.990517 0.064400 0.000000 0.000000 0.000000 1.000000
0.999437 0.029952 -0.015097 0.000000 -0.031337 0.994307 -0.101838 13.784800 0.011961 0.102253 0.994686 0.064400 0.000000 0.000000 0.000000 1.000000
0.998940 0.043712 -0.014429 0.000000 -0.044786 0.995360 -0.085166 13.784800 0.010639 0.085722 0.996262 0.064400 0.000000 0.000000 0.000000 1.000000
0.998832 0.046669 -0.012523 0.000000 -0.047518 0.995718 -0.079295 13.784800 0.008769 0.079797 0.996773 0.064400 0.000000 0.000000 0.000000 1.000000
0.998851 0.046630 -0.011091 0.000000 -0.047358 0.995798 -0.078384 13.784800 0.007390 0.078819 0.996862 0.064400 0.000000 0.000000 0.000000 1.000000
0.998747 0.048956 -0.010360 -0.000000 -0.049609 0.995812 -0.076789 13.784800 0.006558 0.077207 0.996994 0.064400 0.000000 0.000000 0.000000 1.000000
0.998542 0.053167 -0.009333 0.000000 -0.053708 0.995870 -0.073195 13.784800 0.005403 0.073589 0.997274 0.064400 0.000000 0.000000 0.000000 1.000000
0.998335 0.057169 -0.007722 -0.000000 -0.057568 0.995926 -0.069410 13.784800 0.003722 0.069739 0.997558 0.064400 0.000000 0.000000 0.000000 1.000000
