<?xml version="1.0" encoding="utf-8"?>
<COLLADA xmlns="http://www.collada.org/2005/11/COLLADASchema" version="1.4.1">
  <asset>
    <contributor>
      <author>Mixamo</author>
      <authoring_tool>COLLADA Mixamo exporter</authoring_tool>
      <comments/>
    </contributor>
    <created>2024-12-02T01:17:38Z</created>
    <modified>2024-12-02T01:17:38Z</modified>
    <revision/>
    <title/>
    <unit meter="0.010000"/>
    <up_axis>Y_UP</up_axis>
  </asset>
  <library_animations>
    <animation id="mixamorig_Hips-anim" name="mixamorig_Hips">
      <source id="mixamorig_Hips-Matrix-animation-input">
        <float_array id="mixamorig_Hips-Matrix-animation-input-array" count="27">

0.000000 0.033333 0.066667 0.100000 0.133333 0.166667 0.200000 0.233333 0.266667 0.300000 0.333333 0.366667 0.400000 0.433333 0.466667 0.500000
0.533333 0.566667 0.600000 0.633333 0.666667 0.700000 0.733333 0.766667 0.800000 0.833333 0.866667</float_array>
        <technique_common>
          <accessor source="#mixamorig_Hips-Matrix-animation-input-array" count="27">
            <param name="TIME" type="float"/>
          </accessor>
        </technique_common>
      </source>
      <source id="mixamorig_Hips-Matrix-animation-output-transform">
        <float_array id="mixamorig_Hips-Matrix-animation-output-transform-array" count="432">

0.996163 0.002634 -0.087478 0.087399 -0.032602 0.938774 -0.342987 75.136353 0.081218 0.344523 0.935258 2.599022 0.000000 0.000000 0.000000 1.000000
0.992257 -0.026670 -0.121307 -0.325454 -0.019310 0.931674 -0.362781 78.182686 0.122694 0.362314 0.923945 10.219831 0.000000 0.000000 0.000000 1.000000
0.987012 -0.049098 -0.152957 -0.510914 -0.013954 0.922347 -0.386110 80.545975 0.160036 0.383230 0.909683 18.740837 0.000000 0.000000 0.000000 1.000000
0.982362 -0.061539 -0.176570 -0.500738 -0.018265 0.908194 -0.418151 83.004906 0.186093 0.414001 0.891052 27.953638 0.000000 0.000000 0.000000 1.000000
0.979613 -0.064299 -0.190325 -0.310901 -0.031958 0.885453 -0.463629 85.615898 0.198334 0.460259 0.865347 37.475117 0.000000 0.000000 0.000000 1.000000
0.978892 -0.078626 -0.188649 -0.600041 -0.026811 0.865660 -0.499915 86.817932 0.202612 0.494420 0.845279 44.300663 0.000000 0.000000 0.000000 1.000000
0.977532 -0.098733 -0.186233 -1.232825 -0.010401 0.859846 -0.510448 87.516602 0.210530 0.500916 0.839500 49.659824 0.000000 0.000000 0.000000 1.000000
0.974177 -0.114936 -0.194340 -1.885220 0.002505 0.866183 -0.499721 87.901436 0.225770 0.486330 0.844104 55.902725 0.000000 0.000000 0.000000 1.000000
0.970587 -0.119362 -0.209076 -1.902308 0.005648 0.879489 -0.475886 86.774078 0.240683 0.460708 0.854295 63.201889 0.000000 0.000000 0.000000 1.000000
0.970541 -0.110156 -0.214279 -1.277303 0.004718 0.897882 -0.440210 82.331116 0.240889 0.426231 0.871952 71.266342 0.000000 0.000000 0.000000 1.000000
0.977541 -0.098842 -0.186127 -0.393058 0.010874 0.905671 -0.423842 74.296097 0.210463 0.412299 0.886406 79.997551 0.000000 0.000000 0.000000 1.000000
0.989305 -0.094990 -0.110688 0.597653 0.038202 0.901120 -0.431883 67.959229 0.140768 0.423036 0.895112 88.770752 0.000000 0.000000 0.000000 1.000000
0.996566 -0.082119 -0.010585 1.755679 0.070524 0.908845 -0.411129 66.573967 0.043382 0.408971 0.911516 97.691933 0.000000 0.000000 0.000000 1.000000
0.994980 -0.063480 0.077365 2.681854 0.088484 0.919178 -0.383775 69.310013 -0.046750 0.388694 0.920180 106.089790 0.000000 0.000000 0.000000 1.000000
0.990389 -0.045748 0.130526 3.344890 0.090408 0.928319 -0.360624 73.581543 -0.104672 0.368959 0.923533 114.395294 0.000000 0.000000 0.000000 1.000000
0.990311 -0.026048 0.136401 3.826621 0.072000 0.936221 -0.343957 78.002846 -0.118742 0.350445 0.929025 123.034538 0.000000 0.000000 0.000000 1.000000
0.993534 -0.006939 0.113323 4.159945 0.046588 0.935146 -0.351186 82.352768 -0.103537 0.354195 0.929422 131.434296 0.000000 0.000000 0.000000 1.000000
0.995923 0.003131 0.090149 4.464483 0.029674 0.932398 -0.360213 86.976692 -0.085183 0.361420 0.928504 139.811127 0.000000 0.000000 0.000000 1.000000
0.996682 0.019913 0.078918 4.591409 0.010038 0.932135 -0.361971 89.413467 -0.080770 0.361562 0.928843 147.195404 0.000000 0.000000 0.000000 1.000000
0.995311 0.048526 0.083677 4.648547 -0.015410 0.933556 -0.358101 89.196129 -0.095495 0.355133 0.929926 153.163300 0.000000 0.000000 0.000000 1.000000
0.993156 0.071369 0.092457 4.390433 -0.035118 0.937436 -0.346382 84.870537 -0.111393 0.340764 0.933526 159.590363 0.000000 0.000000 0.000000 1.000000
0.992895 0.073999 0.093186 3.456692 -0.039423 0.943454 -0.329152 78.136681 -0.112274 0.323140 0.939668 167.408920 0.000000 0.000000 0.000000 1.000000
0.995051 0.070105 0.070423 2.240054 -0.044763 0.948963 -0.312195 72.310822 -0.088716 0.307497 0.947404 175.820969 0.000000 0.000000 0.000000 1.000000
0.997342 0.066993 0.028663 1.345725 -0.054191 0.944896 -0.322854 69.674042 -0.048712 0.320442 0.946015 185.042007 0.000000 0.000000 0.000000 1.000000
0.998331 0.056367 -0.012548 0.877571 -0.057388 0.944245 -0.324204 70.068748 -0.006426 0.324383 0.945904 193.760590 0.000000 0.000000 0.000000 1.000000
0.998044 0.035675 -0.051331 0.383121 -0.050635 0.942903 -0.329197 71.971130 0.036656 0.331152 0.942865 202.338776 0.000000 0.000000 0.000000 1.000000
0.996160 0.002762 -0.087510 0.085009 -0.032733 0.938769 -0.342990 75.147087 0.081204 0.344537 0.935254 210.740906 0.000000 0.000000 0.000000 1.000000</float_array>
        <technique_common>
          <accessor source="#mixamorig_Hips-Matrix-animation-output-transform-array" count="27" stride="16">
            <param type="float4x4"/>
          </accessor>
        </technique_common>
      </source>
      <source id="mixamorig_Hips-Interpolations">
        <Name_array id="mixamorig_Hips-Interpolations-array" count="27">
 LINEAR LINEAR LINEAR LINEAR LINEAR LINEAR LINEAR LINEAR LINEAR LINEAR LINEAR
LINEAR LINEAR LINEAR LINEAR LINEAR LINEAR LINEAR LINEAR LINEAR LINEAR LINEAR LINEAR
LINEAR LINEAR LINEAR LINEAR</Name_array>
        <technique_common>
          <accessor source="#mixamorig_Hips-Interpolations-array" count="27">
            <param type="name"/>
          </accessor>
        </technique_common>
      </source>
      <sampler id="mixamorig_Hips-Matrix-animation-transform">
        <input semantic="INPUT" source="#mixamorig_Hips-Matrix-animation-input"/>
        <input semantic="OUTPUT" source="#mixamorig_Hips-Matrix-animation-output-transform"/>
        <input semantic="INTERPOLATION" source="#mixamorig_Hips-Interpolations"/>
      </sampler>
      <channel source="#mixamorig_Hips-Matrix-animation-transform" target="mixamorig_Hips/matrix"/>
    </animation>
    <animation id="mixamorig_Spine-anim" name="mixamorig_Spine">
      <source id="mixamorig_Spine-Matrix-animation-input">
        <float_array id="mixamorig_Spine-Matrix-animation-input-array" count="27">

0.000000 0.033333 0.066667 0.100000 0.133333 0.166667 0.200000 0.233333 0.266667 0.300000 0.333333 0.366667 0.400000 0.433333 0.466667 0.500000
0.533333 0.566667 0.600000 0.633333 0.666667 0.700000 0.733333 0.766667 0.800000 0.833333 0.866667</float_array>
        <technique_common>
          <accessor source="#mixamorig_Spine-Matrix-animation-input-array" count="27">
            <param name="TIME" type="float"/>
          </accessor>
        </technique_common>
      </source>
      <source id="mixamorig_Spine-Matrix-animation-output-transform">
        <float_array id="mixamorig_Spine-Matrix-animation-output-transform-array" count="432">

0.993018 -0.040286 0.110874 0.000000 0.084926 0.896468 -0.434894 13.784800 -0.081875 0.441273 0.893630 0.064400 0.000000 0.000000 0.000000 1.000000
0.989813 0.004908 0.142291 -0.000000 0.056398 0.904137 -0.423504 13.784800 -0.130729 0.427214 0.894650 0.064400 0.000000 0.000000 0.000000 1.000000
0.983905 0.051386 0.171143 -0.000000 0.024488 0.909949 -0.413997 13.784800 -0.177005 0.411525 0.894045 0.064400 0.000000 0.000000 0.000000 1.000000
0.976581 0.095313 0.192887 0.000000 -0.009066 0.913952 -0.405721 13.784800 -0.214960 0.394471 0.893412 0.064400 0.000000 0.000000 0.000000 1.000000
0.969536 0.121729 0.212563 0.000000 -0.038273 0.932402 -0.359392 13.784800 -0.241942 0.340308 0.908655 0.064400 0.000000 0.000000 0.000000 1.000000
0.964388 0.154170 0.214911 -0.000000 -0.077979 0.942164 -0.325953 13.784800 -0.252733 0.297587 0.920634 0.064400 0.000000 0.000000 0.000000 1.000000
0.957974 0.195438 0.209973 -0.000000 -0.123455 0.941629 -0.313200 13.784800 -0.258928 0.274115 0.926184 0.064400 0.000000 0.000000 0.000000 1.000000
0.948402 0.242328 0.204479 0.000000 -0.170036 0.933031 -0.317082 13.784800 -0.267623 0.265952 0.926093 0.064400 0.000000 0.000000 0.000000 1.000000
0.941247 0.272350 0.199700 0.000000 -0.195983 0.922057 -0.333770 13.784800 -0.275037 0.275022 0.921259 0.064400 0.000000 0.000000 0.000000 1.000000
0.942148 0.271728 0.196267 0.000000 -0.190816 0.916173 -0.352443 13.784800 -0.275584 0.294603 0.915021 0.064400 0.000000 0.000000 0.000000 1.000000
0.950505 0.249090 0.185725 0.000000 -0.168328 0.915249 -0.366040 13.784800 -0.261161 0.316660 0.911878 0.064400 0.000000 0.000000 0.000000 1.000000
0.965654 0.217220 0.142573 0.000000 -0.149827 0.913817 -0.377479 13.784800 -0.212282 0.343153 0.914977 0.064400 0.000000 0.000000 0.000000 1.000000
0.983957 0.162410 0.073839 0.000000 -0.121811 0.913968 -0.387071 13.784800 -0.130350 0.371866 0.919089 0.064400 0.000000 0.000000 0.000000 1.000000
0.994484 0.104496 0.009065 -0.000000 -0.092079 0.911151 -0.401652 13.784800 -0.050231 0.398602 0.915747 0.064400 0.000000 0.000000 0.000000 1.000000
0.997966 0.051518 -0.037536 -0.000000 -0.062576 0.903972 -0.422989 13.784800 0.012139 0.424478 0.905357 0.064400 0.000000 0.000000 0.000000 1.000000
0.998041 0.010295 -0.061716 0.000000 -0.036503 0.896924 -0.440676 13.784800 0.050818 0.442065 0.895542 0.064400 0.000000 0.000000 0.000000 1.000000
0.997164 -0.017985 -0.073073 0.000000 -0.015926 0.898596 -0.438488 13.784800 0.073549 0.438408 0.895762 0.064400 0.000000 0.000000 0.000000 1.000000
0.995331 -0.043318 -0.086256 0.000000 0.002399 0.904466 -0.426540 13.784800 0.096493 0.424341 0.900346 0.064400 0.000000 0.000000 0.000000 1.000000
0.992934 -0.075466 -0.091585 0.000000 0.031178 0.910532 -0.412262 13.784800 0.114503 0.406493 0.906450 0.064400 0.000000 0.000000 0.000000 1.000000
0.989192 -0.118393 -0.086499 0.000000 0.074299 0.913321 -0.400405 13.784800 0.126406 0.389650 0.912247 0.064400 0.000000 0.000000 0.000000 1.000000
0.985416 -0.150893 -0.078659 -0.000000 0.108435 0.913072 -0.393117 13.784800 0.131140 0.378854 0.916118 0.064400 0.000000 0.000000 0.000000 1.000000
0.985006 -0.158345 -0.068490 0.000000 0.118674 0.910031 -0.397191 13.784800 0.125221 0.383107 0.915177 0.064400 0.000000 0.000000 0.000000 1.000000
0.989340 -0.140958 -0.036568 0.000000 0.111979 0.896926 -0.427767 13.784800 0.093096 0.419112 0.903149 0.064400 0.000000 0.000000 0.000000 1.000000
0.993222 -0.116175 0.003746 0.000000 0.105204 0.884789 -0.453960 13.784800 0.049424 0.451277 0.891014 0.064400 0.000000 0.000000 0.000000 1.000000
0.994356 -0.096563 0.043940 -0.000000 0.105981 0.885347 -0.452690 13.784800 0.004810 0.454792 0.890585 0.064400 0.000000 0.000000 0.000000 1.000000
0.994124 -0.072767 0.080145 0.000000 0.100828 0.891877 -0.440896 13.784800 -0.039397 0.446386 0.893973 0.064400 0.000000 0.000000 0.000000 1.000000
0.993006 -0.040320 0.110961 0.000000 0.084996 0.896464 -0.434889 13.784800 -0.081938 0.441279 0.893621 0.064400 0.000000 0.000000 0.000000 1.000000</float_array>
        <technique_common>
          <accessor source="#mixamorig_Spine-Matrix-animation-output-transform-array" count="27" stride="16">
            <param type="float4x4"/>
          </accessor>
        </technique_common>
      </source>
      <source id="mixamorig_Spine-Interpolations">
        <Name_array id="mixamorig_Spine-Interpolations-array" count="27">
 LINEAR LINEAR LINEAR LINEAR LINEAR LINEAR LINEAR LINEAR LINEAR LINEAR LINEAR
LINEAR LINEAR LINEAR LINEAR LINEAR LINEAR LINEAR LINEAR LINEAR LINEAR LINEAR LINEAR
LINEAR LINEAR LINEAR LINEAR</Name_array>
        <technique_common>
          <accessor source="#mixamorig_Spine-Interpolations-array" count="27">
            <param type="name"/>
          </accessor>
        </technique_common>
      </source>
      <sampler id="mixamorig_Spine-Matrix-animation-transform">
        <input semantic="INPUT" source="#mixamorig_Spine-Matrix-animation-input"/>
        <input semantic="OUTPUT" source="#mixamorig_Spine-Matrix-animation-output-transform"/>
        <input semantic="INTERPOLATION" source="#mixamorig_Spine-Interpolations"/>
      </sampler>
      <channel source="#mixamorig_Spine-Matrix-animation-transform" target="mixamorig_Spine/matrix"/>
    </animation>
    <animation id="mixamorig_Spine1-anim" name="mixamorig_Spine1">
      <source id="mixamorig_Spine1-Matrix-animation-input">
        <float_array id="mixamorig_Spine1-Matrix-animation-input-array" count="27">

0.000000 0.033333 0.066667 0.100000 0.133333 0.166667 0.200000 0.233333 0.266667 0.300000 0.333333 0.366667 0.400000 0.433333 0.466667 0.500000
0.533333 0.566667 0.600000 0.633333 0.666667 0.700000 0.733333 0.766667 0.800000 0.833333 0.866667</float_array>
        <technique_common>
          <accessor source="#mixamorig_Spine1-Matrix-animation-input-array" count="27">
            <param name="TIME" type="float"/>
          </accessor>
        </technique_common>
      </source>
      <source id="mixamorig_Spine1-Matrix-animation-output-transform">
        <float_array id="mixamorig_Spine1-Matrix-animation-output-transform-array" count="432">

0.996040 -0.088590 -0.007485 -0.000000 0.083101 0.957627 -0.275762 12.024300 0.031597 0.274048 0.961197 0.000000 0.000000 0.000000 0.000000 1.000000
0.997623 -0.068718 0.005167 0.000000 0.067643 0.962175 -0.263901 12.024300 0.013163 0.263624 0.964536 -0.000000 0.000000 0.000000 0.000000 1.000000
0.998805 -0.046238 0.015848 0.000000 0.048740 0.966534 -0.251866 12.024300 -0.003672 0.252337 0.967632 -0.000000 0.000000 0.000000 0.000000 1.000000
0.999414 -0.022858 0.025480 -0.000000 0.028331 0.970127 -0.240939 12.024300 -0.019211 0.241520 0.970206 -0.000000 0.000000 0.000000 0.000000 1.000000
0.999341 -0.004543 0.036020 -0.000000 0.012244 0.976188 -0.216583 12.024300 -0.034179 0.216881 0.975600 0.000000 0.000000 0.000000 0.000000 1.000000
0.998826 0.005764 0.048104 0.000000 0.003645 0.981141 -0.193260 12.024300 -0.048311 0.193209 0.979968 0.000000 0.000000 0.000000 0.000000 1.000000
0.998158 0.012926 0.059271 0.000000 -0.002215 0.984148 -0.177336 12.024300 -0.060624 0.176879 0.982364 0.000000 0.000000 0.000000 0.000000 1.000000
0.997463 0.025066 0.066630 0.000000 -0.013070 0.984531 -0.174722 12.024300 -0.069978 0.173408 0.982361 -0.000000 0.000000 0.000000 0.000000 1.000000
0.996955 0.038132 0.068024 0.000000 -0.024928 0.982358 -0.185339 12.024300 -0.073892 0.183079 0.980317 0.000000 0.000000 0.000000 0.000000 1.000000
0.996987 0.045881 0.062552 -0.000000 -0.032532 0.979297 -0.199797 12.024300 -0.070424 0.197160 0.977839 -0.000000 0.000000 0.000000 0.000000 1.000000
0.997497 0.050157 0.049833 0.000000 -0.038431 0.976229 -0.213309 12.024300 -0.059348 0.210860 0.975713 0.000000 0.000000 0.000000 0.000000 1.000000
0.998411 0.047601 0.030163 0.000000 -0.039545 0.973140 -0.226794 12.024300 -0.040148 0.225241 0.973475 0.000000 0.000000 0.000000 0.000000 1.000000
0.999527 0.029967 0.006860 0.000000 -0.027448 0.970410 -0.239898 12.024300 -0.013846 0.239596 0.970774 0.000000 0.000000 0.000000 0.000000 1.000000
0.999851 0.006937 -0.015828 0.000000 -0.010722 0.967308 -0.253376 12.024300 0.013553 0.253508 0.967238 -0.000000 0.000000 0.000000 0.000000 1.000000
0.999208 -0.018808 -0.035074 0.000000 0.008773 0.963702 -0.266835 12.024300 0.038820 0.266316 0.963104 0.000000 0.000000 0.000000 0.000000 1.000000
0.997775 -0.041261 -0.052368 -0.000000 0.025171 0.960488 -0.277180 12.024300 0.061735 0.275245 0.959390 -0.000000 0.000000 0.000000 0.000000 1.000000
0.995972 -0.055418 -0.070488 0.000000 0.033606 0.959541 -0.279555 12.024300 0.083128 0.276060 0.957539 -0.000000 0.000000 0.000000 0.000000 1.000000
0.993930 -0.064169 -0.089359 -0.000000 0.037435 0.961068 -0.273764 12.024300 0.103447 0.268757 0.957637 0.000000 0.000000 0.000000 0.000000 1.000000
0.991863 -0.066810 -0.108375 0.000000 0.036531 0.964800 -0.260437 12.024300 0.121960 0.254359 0.959389 -0.000000 0.000000 0.000000 0.000000 1.000000
0.990076 -0.067866 -0.123062 -0.000000 0.036765 0.970252 -0.239290 12.024300 0.135641 0.232390 0.963118 0.000000 0.000000 0.000000 0.000000 1.000000
0.989291 -0.071945 -0.126993 -0.000000 0.041728 0.973172 -0.226263 12.024300 0.139864 0.218541 0.965753 -0.000000 0.000000 0.000000 0.000000 1.000000
0.989693 -0.080696 -0.118305 0.000000 0.051383 0.971211 -0.232614 12.024300 0.133670 0.224138 0.965347 -0.000000 0.000000 0.000000 0.000000 1.000000
0.991124 -0.089266 -0.098513 0.000000 0.060441 0.962587 -0.264145 12.024300 0.118407 0.255846 0.959439 0.000000 0.000000 0.000000 0.000000 1.000000
0.992458 -0.098459 -0.073024 0.000000 0.074030 0.956215 -0.283149 12.024300 0.097706 0.275607 0.956292 0.000000 0.000000 0.000000 0.000000 1.000000
0.993384 -0.105341 -0.045724 0.000000 0.087839 0.953495 -0.288325 12.024300 0.073970 0.282401 0.956440 0.000000 0.000000 0.000000 0.000000 1.000000
0.994371 -0.103509 -0.022617 0.000000 0.092964 0.954779 -0.282410 12.024300 0.050826 0.278718 0.959027 0.000000 0.000000 0.000000 0.000000 1.000000
0.996043 -0.088560 -0.007492 0.000000 0.083070 0.957627 -0.275771 12.024300 0.031597 0.274057 0.961194 0.000000 0.000000 0.000000 0.000000 1.000000</float_array>
        <technique_common>
          <accessor source="#mixamorig_Spine1-Matrix-animation-output-transform-array" count="27" stride="16">
            <param type="float4x4"/>
          </accessor>
        </technique_common>
      </source>
      <source id="mixamorig_Spine1-Interpolations">
        <Name_array id="mixamorig_Spine1-Interpolations-array" count="27">
 LINEAR LINEAR LINEAR LINEAR LINEAR LINEAR LINEAR LINEAR LINEAR LINEAR LINEAR
LINEAR LINEAR LINEAR LINEAR LINEAR LINEAR LINEAR LINEAR LINEAR LINEAR LINEAR LINEAR
LINEAR LINEAR LINEAR LINEAR</Name_array>
        <technique_common>
          <accessor source="#mixamorig_Spine1-Interpolations-array" count="27">
            <param type="name"/>
          </accessor>
        </technique_common>
      </source>
      <sampler id="mixamorig_Spine1-Matrix-animation-transform">
        <input semantic="INPUT" source="#mixamorig_Spine1-Matrix-animation-input"/>
        <input semantic="OUTPUT" source="#mixamorig_Spine1-Matrix-animation-output-transform"/>
        <input semantic="INTERPOLATION" source="#mixamorig_Spine1-Interpolations"/>
      </sampler>
      <channel source="#mixamorig_Spine1-Matrix-animation-transform" target="mixamorig_Spine1/matrix"/>
    </animation>
    <animation id="mixamorig_Spine2-anim" name="mixamorig_Spine2">
      <source id="mixamorig_Spine2-Matrix-animation-input">
        <float_array id="mixamorig_Spine2-Matrix-animation-input-array" count="27">

0.000000 0.033333 0.066667 0.100000 0.133333 0.166667 0.200000 0.233333 0.266667 0.300000 0.333333 0.366667 0.400000 0.433333 0.466667 0.500000
0.533333 0.566667 0.600000 0.633333 0.666667 0.700000 0.733333 0.766667 0.800000 0.833333 0.866667</float_array>
        <technique_common>
          <accessor source="#mixamorig_Spine2-Matrix-animation-input-array" count="27">
            <param name="TIME" type="float"/>
          </accessor>
        </technique_common>
      </source>
      <source id="mixamorig_Spine2-Matrix-animation-output-transform">
        <float_array id="mixamorig_Spine2-Matrix-animation-output-transform-array" count="432">

0.996854 -0.079062 -0.005599 0.000000 0.074780 0.961573 -0.264170 17.815800 0.026270 0.262920 0.964460 0.000000 0.000000 0.000000 0.000000 1.000000
0.998075 -0.061744 0.005880 0.000000 0.061229 0.965733 -0.252212 17.815800 0.009894 0.252086 0.967654 0.000000 0.000000 0.000000 0.000000 1.000000
0.999002 -0.042024 0.015129 0.000000 0.044426 0.969871 -0.239534 17.815800 -0.004607 0.239967 0.970770 -0.000000 0.000000 0.000000 0.000000 1.000000
0.999496 -0.021459 0.023382 0.000000 0.026227 0.973351 -0.227814 17.815800 -0.017870 0.228312 0.973424 0.000000 0.000000 0.000000 0.000000 1.000000
0.999418 -0.005045 0.033751 0.000000 0.011796 0.979122 -0.202931 17.815800 -0.032022 0.203211 0.978611 0.000000 0.000000 0.000000 0.000000 1.000000
0.998889 0.004030 0.046951 0.000000 0.004463 0.983768 -0.179391 17.815800 -0.046912 0.179401 0.982657 -0.000000 0.000000 0.000000 0.000000 1.000000
0.998182 0.010373 0.059369 0.000000 -0.000545 0.986590 -0.163216 17.815800 -0.060266 0.162887 0.984802 0.000000 0.000000 0.000000 0.000000 1.000000
0.997506 0.022000 0.067066 0.000000 -0.010968 0.986955 -0.160620 17.815800 -0.069725 0.159484 0.984735 0.000000 0.000000 0.000000 0.000000 1.000000
0.997018 0.035179 0.068683 0.000000 -0.022960 0.984969 -0.171197 17.815800 -0.073673 0.169110 0.982840 -0.000000 0.000000 0.000000 0.000000 1.000000
0.996976 0.044378 0.063799 0.000000 -0.031864 0.982173 -0.185260 17.815800 -0.070883 0.182667 0.980616 0.000000 0.000000 0.000000 0.000000 1.000000
0.997392 0.051476 0.050595 0.000000 -0.040479 0.979288 -0.198383 17.815800 -0.059759 0.195818 0.978818 -0.000000 0.000000 0.000000 0.000000 1.000000
0.998204 0.051730 0.030211 0.000000 -0.044196 0.976365 -0.211560 17.815800 -0.040441 0.209845 0.976898 0.000000 0.000000 0.000000 0.000000 1.000000
0.999285 0.036811 0.008613 0.000000 -0.033931 0.973764 -0.225018 17.815800 -0.016670 0.224565 0.974317 -0.000000 0.000000 0.000000 0.000000 1.000000
0.999786 0.016764 -0.012090 -0.000000 -0.019169 0.970809 -0.239089 17.815800 0.007729 0.239269 0.970923 0.000000 0.000000 0.000000 0.000000 1.000000
0.999541 -0.005828 -0.029714 0.000000 -0.001887 0.967405 -0.253229 17.815800 0.030221 0.253169 0.966950 -0.000000 0.000000 0.000000 0.000000 1.000000
0.998596 -0.025650 -0.046352 0.000000 0.012492 0.964306 -0.264495 17.815800 0.051482 0.263544 0.963273 0.000000 0.000000 0.000000 0.000000 1.000000
0.997125 -0.038061 -0.065525 0.000000 0.019193 0.963364 -0.267509 17.815800 0.073306 0.265482 0.961325 0.000000 0.000000 0.000000 0.000000 1.000000
0.995251 -0.045323 -0.086151 0.000000 0.021249 0.964809 -0.262092 17.815800 0.094998 0.259017 0.961190 0.000000 0.000000 0.000000 0.000000 1.000000
0.993068 -0.047017 -0.107725 -0.000000 0.018878 0.968412 -0.248638 17.815800 0.116012 0.244881 0.962587 0.000000 0.000000 0.000000 0.000000 1.000000
0.991061 -0.048303 -0.124360 0.000000 0.018953 0.973676 -0.227146 17.815800 0.132058 0.222759 0.965888 0.000000 0.000000 0.000000 0.000000 1.000000
0.990110 -0.053098 -0.129858 0.000000 0.024322 0.976561 -0.213863 17.815800 0.138170 0.208589 0.968194 0.000000 0.000000 0.000000 0.000000 1.000000
0.990468 -0.062103 -0.122946 -0.000000 0.033788 0.974863 -0.220227 17.815800 0.133533 0.213974 0.967670 0.000000 0.000000 0.000000 0.000000 1.000000
0.991786 -0.070869 -0.106483 0.000000 0.042063 0.966884 -0.251727 17.815800 0.120796 0.245180 0.961923 -0.000000 0.000000 0.000000 0.000000 1.000000
0.993341 -0.082486 -0.080438 0.000000 0.057785 0.960687 -0.271552 17.815800 0.099675 0.265096 0.959056 -0.000000 0.000000 0.000000 0.000000 1.000000
0.994574 -0.091519 -0.049459 0.000000 0.074415 0.958127 -0.276504 17.815800 0.072694 0.271323 0.959739 0.000000 0.000000 0.000000 0.000000 1.000000
0.995546 -0.091645 -0.022131 -0.000000 0.082281 0.959166 -0.270612 17.815800 0.046027 0.267586 0.962434 0.000000 0.000000 0.000000 0.000000 1.000000
0.996856 -0.079035 -0.005615 0.000000 0.074750 0.961573 -0.264178 17.815800 0.026279 0.262928 0.964458 0.000000 0.000000 0.000000 0.000000 1.000000</float_array>
        <technique_common>
          <accessor source="#mixamorig_Spine2-Matrix-animation-output-transform-array" count="27" stride="16">
            <param type="float4x4"/>
          </accessor>
        </technique_common>
      </source>
      <source id="mixamorig_Spine2-Interpolations">
        <Name_array id="mixamorig_Spine2-Interpolations-array" count="27">
 LINEAR LINEAR LINEAR LINEAR LINEAR LINEAR LINEAR LINEAR LINEAR LINEAR LINEAR
LINEAR LINEAR LINEAR LINEAR LINEAR LINEAR LINEAR LINEAR LINEAR LINEAR LINEAR LINEAR
LINEAR LINEAR LINEAR LINEAR</Name_array>
        <technique_common>
          <accessor source="#mixamorig_Spine2-Interpolations-array" count="27">
            <param type="name"/>
          </accessor>
        </technique_common>
      </source>
      <sampler id="mixamorig_Spine2-Matrix-animation-transform">
        <input semantic="INPUT" source="#mixamorig_Spine2-Matrix-animation-input"/>
        <input semantic="OUTPUT" source="#mixamorig_Spine2-Matrix-animation-output-transform"/>
        <input semantic="INTERPOLATION" source="#mixamorig_Spine2-Interpolations"/>
      </sampler>
      <channel source="#mixamorig_Spine2-Matrix-animation-transform" target="mixamorig_Spine2/matrix"/>
    </animation>
    <animation id="mixamorig_Neck-anim" name="mixamorig_Neck">
      <source id="mixamorig_Neck-Matrix-animation-input">
        <float_array id="mixamorig_Neck-Matrix-animation-input-array" count="27">

0.000000 0.033333 0.066667 0.100000 0.133333 0.166667 0.200000 0.233333 0.266667 0.300000 0.333333 0.366667 0.400000 0.433333 0.466667 0.500000
0.533333 0.566667 0.600000 0.633333 0.666667 0.700000 0.733333 0.766667 0.800000 0.833333 0.866667</float_array>
        <technique_common>
          <accessor source="#mixamorig_Neck-Matrix-animation-input-array" count="27">
            <param name="TIME" type="float"/>
          </accessor>
        </technique_common>
      </source>
      <source id="mixamorig_Neck-Matrix-animation-output-transform">
        <float_array id="mixamorig_Neck-Matrix-animation-output-transform-array" count="432">

0.920601 0.177157 0.348008 -0.000000 -0.381618 0.597182 0.705508 39.117599 -0.082838 -0.782297 0.617373 11.977000 0.000000 0.000000 0.000000 1.000000
0.937304 0.158555 0.310359 0.000000 -0.336843 0.640667 0.689987 39.117599 -0.089436 -0.751269 0.653908 11.977000 0.000000 0.000000 0.000000 1.000000
0.954773 0.122274 0.271029 -0.000000 -0.285115 0.635132 0.717856 39.117599 -0.084365 -0.762664 0.641270 11.977000 0.000000 0.000000 0.000000 1.000000
0.973655 0.076739 0.214727 -0.000000 -0.215721 0.615161 0.758315 39.117599 -0.073900 -0.784658 0.615509 11.977000 0.000000 0.000000 0.000000 1.000000
0.987155 0.041359 0.154321 0.000000 -0.141284 0.676963 0.722329 39.117599 -0.074595 -0.734854 0.674111 11.977000 0.000000 0.000000 0.000000 1.000000
0.994983 0.002394 0.100020 -0.000000 -0.064428 0.780165 0.622247 39.117599 -0.076543 -0.625569 0.776405 11.977000 0.000000 0.000000 0.000000 1.000000
0.997298 -0.057932 0.045183 0.000000 0.024253 0.840118 0.541862 39.117599 -0.069350 -0.539301 0.839252 11.977000 0.000000 0.000000 0.000000 1.000000
0.991807 -0.127707 0.002990 0.000000 0.107944 0.850378 0.514981 39.117599 -0.068309 -0.510439 0.857196 11.977000 0.000000 0.000000 0.000000 1.000000
0.982219 -0.186814 -0.018622 0.000000 0.168229 0.831770 0.529015 39.117599 -0.083338 -0.522742 0.848408 11.977000 0.000000 0.000000 0.000000 1.000000
0.975315 -0.220181 -0.016776 0.000000 0.192433 0.810222 0.553634 39.117599 -0.108307 -0.543196 0.832591 11.977000 0.000000 0.000000 0.000000 1.000000
0.976233 -0.216401 -0.011833 -0.000000 0.172100 0.740877 0.649217 39.117599 -0.131724 -0.635823 0.760511 11.977000 0.000000 0.000000 0.000000 1.000000
0.978074 -0.207372 -0.019188 0.000000 0.142871 0.601099 0.786300 39.117599 -0.151522 -0.771801 0.617547 11.977000 0.000000 0.000000 0.000000 1.000000
0.973717 -0.227224 -0.015657 0.000000 0.144025 0.561012 0.815182 39.117599 -0.176445 -0.796012 0.578993 11.977000 0.000000 0.000000 0.000000 1.000000
0.971041 -0.237428 0.026594 -0.000000 0.128375 0.612408 0.780049 39.117599 -0.201492 -0.754045 0.625154 11.977000 0.000000 0.000000 0.000000 1.000000
0.974346 -0.203291 0.096556 -0.000000 0.053739 0.626775 0.777345 39.117599 -0.218546 -0.752214 0.621620 11.977000 0.000000 0.000000 0.000000 1.000000
0.970815 -0.150268 0.186916 -0.000000 -0.053260 0.624824 0.778947 39.117599 -0.233840 -0.766169 0.598585 11.977000 0.000000 0.000000 0.000000 1.000000
0.954645 -0.088120 0.284409 0.000000 -0.158782 0.657379 0.736642 39.117599 -0.251877 -0.748390 0.613571 11.977000 0.000000 0.000000 0.000000 1.000000
0.932472 -0.013225 0.361001 0.000000 -0.240885 0.721954 0.648658 39.117599 -0.269204 -0.691815 0.670016 11.977000 0.000000 0.000000 0.000000 1.000000
0.914478 0.071011 0.398357 -0.000000 -0.297550 0.785181 0.543098 39.117599 -0.274217 -0.615182 0.739160 11.977000 0.000000 0.000000 0.000000 1.000000
0.904061 0.149608 0.400364 0.000000 -0.339269 0.820914 0.459344 39.117599 -0.259943 -0.551106 0.792913 11.977000 0.000000 0.000000 0.000000 1.000000
0.902187 0.196178 0.384152 0.000000 -0.363299 0.825701 0.431546 39.117599 -0.232535 -0.528897 0.816208 11.977000 0.000000 0.000000 0.000000 1.000000
0.910237 0.193305 0.366199 0.000000 -0.362583 0.799211 0.479370 39.117599 -0.200006 -0.569118 0.797561 11.977000 0.000000 0.000000 0.000000 1.000000
0.920345 0.160799 0.356524 0.000000 -0.353453 0.732221 0.582171 39.117599 -0.167442 -0.661813 0.730731 11.977000 0.000000 0.000000 0.000000 1.000000
0.920440 0.150266 0.360846 -0.000000 -0.364585 0.662926 0.653917 39.117599 -0.140953 -0.733451 0.664968 11.977000 0.000000 0.000000 0.000000 1.000000
0.913992 0.168278 0.369189 0.000000 -0.386342 0.638899 0.665243 39.117599 -0.123928 -0.750660 0.648962 11.977000 0.000000 0.000000 0.000000 1.000000
0.911476 0.183438 0.368186 0.000000 -0.396825 0.627879 0.669551 39.117599 -0.108355 -0.756385 0.645090 11.977000 0.000000 0.000000 0.000000 1.000000
0.921503 0.168852 0.349744 0.000000 -0.377653 0.599684 0.705519 39.117599 -0.090608 -0.782220 0.616378 11.977000 0.000000 0.000000 0.000000 1.000000</float_array>
        <technique_common>
          <accessor source="#mixamorig_Neck-Matrix-animation-output-transform-array" count="27" stride="16">
            <param type="float4x4"/>
          </accessor>
        </technique_common>
      </source>
      <source id="mixamorig_Neck-Interpolations">
        <Name_array id="mixamorig_Neck-Interpolations-array" count="27">
 LINEAR LINEAR LINEAR LINEAR LINEAR LINEAR LINEAR LINEAR LINEAR LINEAR LINEAR
LINEAR LINEAR LINEAR LINEAR LINEAR LINEAR LINEAR LINEAR LINEAR LINEAR LINEAR LINEAR
LINEAR LINEAR LINEAR LINEAR</Name_array>
        <technique_common>
          <accessor source="#mixamorig_Neck-Interpolations-array" count="27">
            <param type="name"/>
          </accessor>
        </technique_common>
      </source>
      <sampler id="mixamorig_Neck-Matrix-animation-transform">
        <input semantic="INPUT" source="#mixamorig_Neck-Matrix-animation-input"/>
        <input semantic="OUTPUT" source="#mixamorig_Neck-Matrix-animation-output-transform"/>
        <input semantic="INTERPOLATION" source="#mixamorig_Neck-Interpolations"/>
      </sampler>
      <channel source="#mixamorig_Neck-Matrix-animation-transform" target="mixamorig_Neck/matrix"/>
    </animation>
    <animation id="mixamorig_Head-anim" name="mixamorig_Head">
      <source id="mixamorig_Head-Matrix-animation-input">
        <float_array id="mixamorig_Head-Matrix-animation-input-array" count="27">

0.000000 0.033333 0.066667 0.100000 0.133333 0.166667 0.200000 0.233333 0.266667 0.300000 0.333333 0.366667 0.400000 0.433333 0.466667 0.500000
0.533333 0.566667 0.600000 0.633333 0.666667 0.700000 0.733333 0.766667 0.800000 0.833333 0.866667</float_array>
        <technique_common>
          <accessor source="#mixamorig_Head-Matrix-animation-input-array" count="27">
            <param name="TIME" type="float"/>
          </accessor>
        </technique_common>
      </source>
      <source id="mixamorig_Head-Matrix-animation-output-transform">
        <float_array id="mixamorig_Head-Matrix-animation-output-transform-array" count="432">

0.953975 -0.149244 -0.260112 0.000000 0.176103 0.980860 0.083078 14.552500 0.242735 -0.125060 0.961998 15.664100 0.000000 0.000000 0.000000 1.000000
0.953903 -0.116512 -0.276575 0.000000 0.157268 0.978960 0.130012 14.552500 0.255609 -0.167515 0.952157 15.664100 0.000000 0.000000 0.000000 1.000000
0.953251 -0.090968 -0.288162 0.000000 0.131424 0.983505 0.124278 14.552500 0.272104 -0.156339 0.949483 15.664100 0.000000 0.000000 0.000000 1.000000
0.955551 -0.065010 -0.287568 0.000000 0.099281 0.989373 0.106232 14.552500 0.277605 -0.130060 0.951851 15.664100 0.000000 0.000000 0.000000 1.000000
0.958568 -0.021691 -0.284038 0.000000 0.072435 0.982883 0.169393 14.552500 0.275501 -0.182948 0.943731 15.664100 0.000000 0.000000 0.000000 1.000000
0.963333 0.042666 -0.264893 -0.000000 0.036443 0.957319 0.286726 14.552500 0.265821 -0.285867 0.920663 15.664100 0.000000 0.000000 0.000000 1.000000
0.969112 0.108586 -0.221431 0.000000 -0.017833 0.926358 0.376222 14.552500 0.245977 -0.360653 0.899681 15.664100 0.000000 0.000000 0.000000 1.000000
0.972099 0.157212 -0.174091 -0.000000 -0.071547 0.905524 0.418218 14.552500 0.223393 -0.394094 0.891507 15.664100 0.000000 0.000000 0.000000 1.000000
0.972342 0.193041 -0.131481 0.000000 -0.120072 0.895990 0.427533 14.552500 0.200337 -0.399921 0.894387 15.664100 0.000000 0.000000 0.000000 1.000000
0.970328 0.216646 -0.107371 -0.000000 -0.152792 0.893555 0.422154 14.552500 0.187399 -0.393222 0.900143 15.664100 0.000000 0.000000 0.000000 1.000000
0.969214 0.213367 -0.122879 0.000000 -0.162294 0.928907 0.332855 14.552500 0.185164 -0.302665 0.934937 15.664100 0.000000 0.000000 0.000000 1.000000
0.970612 0.195438 -0.140415 0.000000 -0.175069 0.973788 0.145218 14.552500 0.165116 -0.116368 0.979385 15.664100 0.000000 0.000000 0.000000 1.000000
0.972844 0.197577 -0.120575 0.000000 -0.191156 0.979549 0.062799 14.552500 0.130517 -0.038045 0.990716 15.664100 0.000000 0.000000 0.000000 1.000000
0.976334 0.192897 -0.097788 -0.000000 -0.183724 0.978327 0.095509 14.552500 0.114092 -0.075283 0.990614 15.664100 0.000000 0.000000 0.000000 1.000000
0.982092 0.158404 -0.101994 -0.000000 -0.147694 0.983423 0.105196 14.552500 0.116967 -0.088248 0.989207 15.664100 0.000000 0.000000 0.000000 1.000000
0.987915 0.105288 -0.113747 0.000000 -0.092318 0.989201 0.113839 14.552500 0.124505 -0.101962 0.986966 15.664100 0.000000 0.000000 0.000000 1.000000
0.991100 0.053069 -0.122084 0.000000 -0.030627 0.983401 0.178842 14.552500 0.129549 -0.173511 0.976274 15.664100 0.000000 0.000000 0.000000 1.000000
0.992013 0.013436 -0.125417 -0.000000 0.023360 0.957538 0.287360 14.552500 0.123952 -0.287995 0.949576 15.664100 0.000000 0.000000 0.000000 1.000000
0.991125 -0.026897 -0.130181 0.000000 0.076300 0.917035 0.391439 14.552500 0.108852 -0.397898 0.910949 15.664100 0.000000 0.000000 0.000000 1.000000
0.987199 -0.070765 -0.142934 0.000000 0.128690 0.882812 0.451754 14.552500 0.094216 -0.464365 0.880618 15.664100 0.000000 0.000000 0.000000 1.000000
0.983271 -0.096529 -0.154469 0.000000 0.157783 0.875089 0.457520 14.552500 0.091010 -0.474238 0.875680 15.664100 0.000000 0.000000 0.000000 1.000000
0.982339 -0.093550 -0.162046 0.000000 0.155003 0.891964 0.424704 14.552500 0.104808 -0.442321 0.890712 15.664100 0.000000 0.000000 0.000000 1.000000
0.981502 -0.081223 -0.173371 0.000000 0.140526 0.920641 0.364244 14.552500 0.130027 -0.381869 0.915024 15.664100 0.000000 0.000000 0.000000 1.000000
0.976420 -0.086811 -0.197656 0.000000 0.142758 0.946461 0.289537 14.552500 0.161939 -0.310927 0.936536 15.664100 0.000000 0.000000 0.000000 1.000000
0.966884 -0.111274 -0.229680 0.000000 0.160996 0.964223 0.210605 14.552500 0.198028 -0.240608 0.950207 15.664100 0.000000 0.000000 0.000000 1.000000
0.956751 -0.137250 -0.256496 -0.000000 0.176330 0.974881 0.136071 14.552500 0.231377 -0.175414 0.956919 15.664100 0.000000 0.000000 0.000000 1.000000
0.955032 -0.140592 -0.261050 0.000000 0.167636 0.982240 0.084283 14.552500 0.244564 -0.124254 0.961639 15.664100 0.000000 0.000000 0.000000 1.000000</float_array>
        <technique_common>
          <accessor source="#mixamorig_Head-Matrix-animation-output-transform-array" count="27" stride="16">
            <param type="float4x4"/>
          </accessor>
        </technique_common>
      </source>
      <source id="mixamorig_Head-Interpolations">
        <Name_array id="mixamorig_Head-Interpolations-array" count="27">
 LINEAR LINEAR LINEAR LINEAR LINEAR LINEAR LINEAR LINEAR LINEAR LINEAR LINEAR
LINEAR LINEAR LINEAR LINEAR LINEAR LINEAR LINEAR LINEAR LINEAR LINEAR LINEAR LINEAR
LINEAR LINEAR LINEAR LINEAR</Name_array>
        <technique_common>
          <accessor source="#mixamorig_Head-Interpolations-array" count="27">
            <param type="name"/>
          </accessor>
        </technique_common>
      </source>
      <sampler id="mixamorig_Head-Matrix-animation-transform">
        <input semantic="INPUT" source="#mixamorig_Head-Matrix-animation-input"/>
        <input semantic="OUTPUT" source="#mixamorig_Head-Matrix-animation-output-transform"/>
        <input semantic="INTERPOLATION" source="#mixamorig_Head-Interpolations"/>
      </sampler>
      <channel source="#mixamorig_Head-Matrix-animation-transform" target="mixamorig_Head/matrix"/>
    </animation>
    <animation id="mixamorig_LeftShoulder-anim" name="mixamorig_LeftShoulder">
      <source id="mixamorig_LeftShoulder-Matrix-animation-input">
        <float_array id="mixamorig_LeftShoulder-Matrix-animation-input-array" count="27">

0.000000 0.033333 0.066667 0.100000 0.133333 0.166667 0.200000 0.233333 0.266667 0.300000 0.333333 0.366667 0.400000 0.433333 0.466667 0.500000
0.533333 0.566667 0.600000 0.633333 0.666667 0.700000 0.733333 0.766667 0.800000 0.833333 0.866667</float_array>
        <technique_common>
          <accessor source="#mixamorig_LeftShoulder-Matrix-animation-input-array" count="27">
            <param name="TIME" type="float"/>
          </accessor>
        </technique_common>
      </source>
      <source id="mixamorig_LeftShoulder-Matrix-animation-output-transform">
        <float_array id="mixamorig_LeftShoulder-Matrix-animation-output-transform-array" count="432">

0.109729 0.986128 0.124546 17.399500 0.059276 0.118588 -0.991173 24.614201 -0.992193 0.116143 -0.045441 1.157900 0.000000 0.000000 0.000000 1.000000
0.146111 0.978150 0.147896 17.399500 0.068182 0.139188 -0.987916 24.614201 -0.986916 0.154429 -0.046355 1.157900 0.000000 0.000000 0.000000 1.000000
0.173084 0.968537 0.178825 17.399500 0.079944 0.167151 -0.982685 24.614201 -0.981657 0.184383 -0.048497 1.157900 0.000000 0.000000 0.000000 1.000000
0.193442 0.956415 0.218748 17.399500 0.095240 0.203601 -0.974411 24.614201 -0.976478 0.209326 -0.051704 1.157900 0.000000 0.000000 0.000000 1.000000
0.209402 0.940613 0.267203 17.399500 0.113903 0.247938 -0.962057 24.614201 -0.971173 0.231892 -0.055220 1.157900 0.000000 0.000000 0.000000 1.000000
0.219745 0.920504 0.323086 17.399500 0.134940 0.299318 -0.944563 24.614201 -0.966180 0.251161 -0.058439 1.157900 0.000000 0.000000 0.000000 1.000000
0.218805 0.897833 0.382126 17.399500 0.154163 0.354889 -0.922110 24.614201 -0.963514 0.260672 -0.060761 1.157900 0.000000 0.000000 0.000000 1.000000
0.200067 0.876154 0.438552 17.399500 0.165520 0.410944 -0.896509 24.614201 -0.965700 0.251951 -0.062804 1.157900 0.000000 0.000000 0.000000 1.000000
0.162274 0.859112 0.485381 17.399500 0.164415 0.461483 -0.871781 24.614201 -0.972952 0.221271 -0.066364 1.157900 0.000000 0.000000 0.000000 1.000000
0.110625 0.849096 0.516525 17.399500 0.151333 0.499264 -0.853132 24.614201 -0.982273 0.172545 -0.073265 1.157900 0.000000 0.000000 0.000000 1.000000
0.053678 0.847022 0.528841 17.399500 0.131618 0.518982 -0.844591 24.614201 -0.989846 0.114941 -0.083625 1.157900 0.000000 0.000000 0.000000 1.000000
0.000661 0.852885 0.522099 17.399500 0.111604 0.518775 -0.847595 24.614201 -0.993752 0.058828 -0.094843 1.157900 0.000000 0.000000 0.000000 1.000000
