<?xml version="1.0" encoding="utf-8"?>
<COLLADA xmlns="http://www.collada.org/2005/11/COLLADASchema" version="1.4.1">
  <asset>
    <contributor>
      <author>Mixamo</author>
      <authoring_tool>COLLADA Mixamo exporter</authoring_tool>
      <comments/>
    </contributor>
    <created>2024-12-02T01:58:08Z</created>
    <modified>2024-12-02T01:58:08Z</modified>
    <revision/>
    <title/>
    <unit meter="0.010000"/>
    <up_axis>Y_UP</up_axis>
  </asset>
  <library_animations>
    <animation id="mixamorig_Hips-anim" name="mixamorig_Hips">
      <source id="mixamorig_Hips-Matrix-animation-input">
        <float_array id="mixamorig_Hips-Matrix-animation-input-array" count="36">

0.000000 0.033333 0.066667 0.100000 0.133333 0.166667 0.200000 0.233333 0.266667 0.300000 0.333333 0.366667 0.400000 0.433333 0.466667 0.500000
0.533333 0.566667 0.600000 0.633333 0.666667 0.700000 0.733333 0.766667 0.800000 0.833333 0.866667 0.900000 0.933333 0.966667 1.000000 1.033333
1.066667 1.100000 1.133333 1.166667</float_array>
        <technique_common>
          <accessor source="#mixamorig_Hips-Matrix-animation-input-array" count="36">
            <param name="TIME" type="float"/>
          </accessor>
        </technique_common>
      </source>
      <source id="mixamorig_Hips-Matrix-animation-output-transform">
        <float_array id="mixamorig_Hips-Matrix-animation-output-transform-array" count="576">

0.821305 -0.181927 -0.540704 -1.268137 -0.048648 0.922003 -0.384115 66.461861 0.568412 0.341780 0.748395 10.258707 0.000000 0.000000 0.000000 1.000000
0.811416 -0.208278 -0.546099 3.240276 -0.035580 0.915016 -0.401846 66.233559 0.583385 0.345495 0.735048 9.841948 0.000000 0.000000 0.000000 1.000000
0.799765 -0.232467 -0.553476 8.276214 -0.025020 0.908269 -0.417638 66.094238 0.599792 0.347860 0.720585 9.128635 0.000000 0.000000 0.000000 1.000000
0.786316 -0.252167 -0.564020 13.693670 -0.020287 0.901883 -0.431504 65.896118 0.617491 0.350741 0.704050 8.578203 0.000000 0.000000 0.000000 1.000000
0.772638 -0.262353 -0.578101 18.929550 -0.025578 0.897011 -0.441267 65.605827 0.634331 0.355727 0.686355 8.582739 0.000000 0.000000 0.000000 1.000000
0.760546 -0.264671 -0.592891 24.536076 -0.032912 0.896256 -0.442314 65.215714 0.648450 0.355914 0.672933 8.924299 0.000000 0.000000 0.000000 1.000000
0.751628 -0.262644 -0.605040 31.031042 -0.036544 0.899309 -0.435783 64.701973 0.658574 0.349658 0.666348 9.193868 0.000000 0.000000 0.000000 1.000000
0.747611 -0.256813 -0.612475 38.618004 -0.037349 0.904494 -0.424847 64.109032 0.663086 0.340496 0.666618 9.138338 0.000000 0.000000 0.000000 1.000000
0.742878 -0.250159 -0.620929 46.733696 -0.036699 0.910939 -0.410905 64.092224 0.668420 0.328040 0.667536 9.160584 0.000000 0.000000 0.000000 1.000000
0.735179 -0.243725 -0.632542 54.329983 -0.035019 0.918227 -0.394503 64.786797 0.676968 0.312181 0.666527 9.634233 0.000000 0.000000 0.000000 1.000000
0.728979 -0.236751 -0.642291 60.931030 -0.029804 0.926420 -0.375309 65.643356 0.683887 0.292736 0.668285 10.310014 0.000000 0.000000 0.000000 1.000000
0.725194 -0.231234 -0.648555 66.217545 -0.021228 0.933966 -0.356730 66.056152 0.688217 0.272466 0.672398 10.827244 0.000000 0.000000 0.000000 1.000000
0.722288 -0.228159 -0.652873 70.505280 -0.011668 0.939860 -0.341361 66.258080 0.691494 0.254179 0.676187 10.866966 0.000000 0.000000 0.000000 1.000000
0.718962 -0.227443 -0.656783 74.570587 -0.002874 0.943963 -0.330039 66.730553 0.695044 0.239173 0.678019 10.205193 0.000000 0.000000 0.000000 1.000000
0.716715 -0.229606 -0.658484 78.643089 0.006586 0.946430 -0.322841 67.253265 0.697335 0.227049 0.679833 9.273891 0.000000 0.000000 0.000000 1.000000
0.716627 -0.234578 -0.656825 82.688950 0.015122 0.946747 -0.321622 67.393692 0.697293 0.220550 0.682012 8.269236 0.000000 0.000000 0.000000 1.000000
0.718375 -0.241285 -0.652471 86.815552 0.019877 0.944659 -0.327452 67.090393 0.695372 0.222264 0.683415 7.234349 0.000000 0.000000 0.000000 1.000000
0.722185 -0.255082 -0.642948 91.555473 0.031687 0.940743 -0.337637 65.866226 0.690974 0.223463 0.687473 5.918481 0.000000 0.000000 0.000000 1.000000
0.728499 -0.269686 -0.629729 95.970154 0.044965 0.936091 -0.348871 64.509888 0.683570 0.225837 0.694068 5.467473 0.000000 0.000000 0.000000 1.000000
0.735582 -0.284512 -0.614794 101.713135 0.059137 0.931035 -0.360106 63.078602 0.674849 0.228531 0.701678 6.029594 0.000000 0.000000 0.000000 1.000000
0.744741 -0.290461 -0.600827 108.119591 0.062627 0.926759 -0.370400 62.944328 0.664409 0.238224 0.708386 7.887386 0.000000 0.000000 0.000000 1.000000
0.759062 -0.282236 -0.586658 112.709145 0.051249 0.924248 -0.378337 65.382027 0.648998 0.257115 0.716026 9.080233 0.000000 0.000000 0.000000 1.000000
0.777944 -0.261989 -0.571109 115.896881 0.030858 0.923759 -0.381729 68.539124 0.627576 0.279340 0.726717 9.221383 0.000000 0.000000 0.000000 1.000000
0.797770 -0.239959 -0.553158 119.284210 0.014328 0.924685 -0.380463 70.651154 0.602792 0.295596 0.741124 8.876505 0.000000 0.000000 0.000000 1.000000
0.815360 -0.219813 -0.535603 123.438713 0.001620 0.925984 -0.377560 71.681183 0.578952 0.306979 0.755366 8.399439 0.000000 0.000000 0.000000 1.000000
0.827294 -0.200518 -0.524764 128.652802 -0.011996 0.927608 -0.373361 72.319290 0.561642 0.315175 0.764999 7.886822 0.000000 0.000000 0.000000 1.000000
0.831282 -0.183820 -0.524577 134.126816 -0.026968 0.929287 -0.368372 72.615463 0.555197 0.320368 0.767542 7.446101 0.000000 0.000000 0.000000 1.000000
0.829326 -0.165663 -0.533642 138.338684 -0.047031 0.930954 -0.362094 71.876747 0.556782 0.325392 0.764273 7.329579 0.000000 0.000000 0.000000 1.000000
0.827870 -0.147950 -0.541057 141.465332 -0.066470 0.931915 -0.356534 70.328995 0.556968 0.331128 0.761670 7.878178 0.000000 0.000000 0.000000 1.000000
0.828749 -0.134225 -0.543286 144.662292 -0.079794 0.932548 -0.352117 68.997169 0.553903 0.335167 0.762138 8.552341 0.000000 0.000000 0.000000 1.000000
0.833253 -0.129863 -0.537424 148.329163 -0.080516 0.933161 -0.350325 68.336670 0.546997 0.335181 0.767104 9.094655 0.000000 0.000000 0.000000 1.000000
0.837340 -0.133383 -0.530161 152.357758 -0.073943 0.933234 -0.351578 68.031685 0.541658 0.333592 0.771571 9.659737 0.000000 0.000000 0.000000 1.000000
0.837292 -0.141100 -0.528235 156.505920 -0.067531 0.932041 -0.356005 67.796402 0.542569 0.333753 0.770862 10.192291 0.000000 0.000000 0.000000 1.000000
0.833387 -0.151748 -0.531449 160.119400 -0.062002 0.929830 -0.362729 67.435600 0.549201 0.335244 0.765500 10.449591 0.000000 0.000000 0.000000 1.000000
0.827750 -0.165510 -0.536131 163.404953 -0.055806 0.926483 -0.372176 66.972389 0.558315 0.337988 0.757660 10.391586 0.000000 0.000000 0.000000 1.000000
0.821305 -0.181923 -0.540705 166.684692 -0.048652 0.922003 -0.384113 66.461975 0.568411 0.341781 0.748395 10.258802 0.000000 0.000000 0.000000 1.000000</float_array>
        <technique_common>
          <accessor source="#mixamorig_Hips-Matrix-animation-output-transform-array" count="36" stride="16">
            <param type="float4x4"/>
          </accessor>
        </technique_common>
      </source>
      <source id="mixamorig_Hips-Interpolations">
        <Name_array id="mixamorig_Hips-Interpolations-array" count="36">
 LINEAR LINEAR LINEAR LINEAR LINEAR LINEAR LINEAR LINEAR LINEAR LINEAR LINEAR
LINEAR LINEAR LINEAR LINEAR LINEAR LINEAR LINEAR LINEAR LINEAR LINEAR LINEAR LINEAR
LINEAR LINEAR LINEAR LINEAR LINEAR LINEAR LINEAR LINEAR LINEAR LINEAR LINEAR LINEAR
LINEAR</Name_array>
        <technique_common>
          <accessor source="#mixamorig_Hips-Interpolations-array" count="36">
            <param type="name"/>
          </accessor>
        </technique_common>
      </source>
      <sampler id="mixamorig_Hips-Matrix-animation-transform">
        <input semantic="INPUT" source="#mixamorig_Hips-Matrix-animation-input"/>
        <input semantic="OUTPUT" source="#mixamorig_Hips-Matrix-animation-output-transform"/>
        <input semantic="INTERPOLATION" source="#mixamorig_Hips-Interpolations"/>
      </sampler>
      <channel source="#mixamorig_Hips-Matrix-animation-transform" target="mixamorig_Hips/matrix"/>
    </animation>
    <animation id="mixamorig_Spine-anim" name="mixamorig_Spine">
      <source id="mixamorig_Spine-Matrix-animation-input">
        <float_array id="mixamorig_Spine-Matrix-animation-input-array" count="36">

0.000000 0.033333 0.066667 0.100000 0.133333 0.166667 0.200000 0.233333 0.266667 0.300000 0.333333 0.366667 0.400000 0.433333 0.466667 0.500000
0.533333 0.566667 0.600000 0.633333 0.666667 0.700000 0.733333 0.766667 0.800000 0.833333 0.866667 0.900000 0.933333 0.966667 1.000000 1.033333
1.066667 1.100000 1.133333 1.166667</float_array>
        <technique_common>
          <accessor source="#mixamorig_Spine-Matrix-animation-input-array" count="36">
            <param name="TIME" type="float"/>
          </accessor>
        </technique_common>
      </source>
      <source id="mixamorig_Spine-Matrix-animation-output-transform">
        <float_array id="mixamorig_Spine-Matrix-animation-output-transform-array" count="576">

0.995206 0.097681 0.004880 0.000000 -0.080008 0.841812 -0.533809 13.784800 -0.056251 0.530859 0.845591 0.064400 0.000000 0.000000 0.000000 1.000000
0.991109 0.132599 -0.010928 -0.000000 -0.118849 0.845418 -0.520714 13.784800 -0.059807 0.517383 0.853661 0.064400 0.000000 0.000000 0.000000 1.000000
0.986713 0.160297 -0.026511 0.000000 -0.151756 0.850986 -0.502784 13.784800 -0.058034 0.500127 0.864005 0.064400 0.000000 0.000000 0.000000 1.000000
0.982933 0.179289 -0.041215 0.000000 -0.177182 0.862349 -0.474300 13.784800 -0.049495 0.473508 0.879398 0.064400 0.000000 0.000000 0.000000 1.000000
0.980798 0.188210 -0.051102 0.000000 -0.191471 0.879490 -0.435702 13.784800 -0.037060 0.437120 0.898639 0.064400 0.000000 0.000000 0.000000 1.000000
0.979683 0.192385 -0.056648 0.000000 -0.198731 0.893282 -0.403179 13.784800 -0.026963 0.406245 0.913366 0.064400 0.000000 0.000000 0.000000 1.000000
0.978754 0.195864 -0.060641 0.000000 -0.203966 0.899898 -0.385463 13.784800 -0.020928 0.389642 0.920728 0.064400 0.000000 0.000000 0.000000 1.000000
0.978285 0.197044 -0.064283 0.000000 -0.206558 0.901286 -0.380811 13.784800 -0.017099 0.385820 0.922415 0.064400 0.000000 0.000000 0.000000 1.000000
0.977667 0.200662 -0.062466 0.000000 -0.209076 0.898525 -0.385928 13.784800 -0.021314 0.390370 0.920411 0.064400 0.000000 0.000000 0.000000 1.000000
0.976841 0.206872 -0.054637 0.000000 -0.211344 0.893036 -0.397266 13.784800 -0.033390 0.399613 0.916075 0.064400 0.000000 0.000000 0.000000 1.000000
0.976245 0.211636 -0.046421 0.000000 -0.211508 0.884394 -0.416067 13.784800 -0.047000 0.416002 0.908148 0.064400 0.000000 0.000000 0.000000 1.000000
0.975800 0.214610 -0.041917 -0.000000 -0.211068 0.874337 -0.437019 13.784800 -0.057139 0.435291 0.898475 0.064400 0.000000 0.000000 0.000000 1.000000
0.975762 0.215334 -0.038986 0.000000 -0.208930 0.863708 -0.458647 13.784800 -0.065090 0.455676 0.887763 0.064400 0.000000 0.000000 0.000000 1.000000
0.976180 0.214111 -0.035063 0.000000 -0.204316 0.852824 -0.480569 13.784800 -0.072992 0.476286 0.876255 0.064400 0.000000 0.000000 0.000000 1.000000
0.976825 0.211466 -0.033091 0.000000 -0.199465 0.843293 -0.499070 13.784800 -0.077631 0.494105 0.865930 0.064400 0.000000 0.000000 0.000000 1.000000
0.978179 0.205043 -0.033509 -0.000000 -0.193197 0.838366 -0.509723 13.784800 -0.076422 0.505074 0.859686 0.064400 0.000000 0.000000 0.000000 1.000000
0.980454 0.193820 -0.033809 0.000000 -0.183726 0.840471 -0.509759 13.784800 -0.070386 0.506007 0.859653 0.064400 0.000000 0.000000 0.000000 1.000000
0.981706 0.186243 -0.039579 0.000000 -0.180880 0.847328 -0.499316 13.784800 -0.059458 0.497341 0.865515 0.064400 0.000000 0.000000 0.000000 1.000000
0.982974 0.177906 -0.045957 0.000000 -0.177674 0.856511 -0.484584 13.784800 -0.046848 0.484499 0.873537 0.064400 0.000000 0.000000 0.000000 1.000000
0.984166 0.169622 -0.051431 0.000000 -0.173795 0.866475 -0.467992 13.784800 -0.034818 0.469520 0.882235 0.064400 0.000000 0.000000 0.000000 1.000000
0.987177 0.152373 -0.047578 0.000000 -0.157307 0.877956 -0.452159 13.784800 -0.027125 0.453846 0.890667 0.064400 0.000000 0.000000 0.000000 1.000000
0.992267 0.119692 -0.032859 0.000000 -0.121909 0.890056 -0.439247 13.784800 -0.023328 0.439856 0.897765 0.064400 0.000000 0.000000 0.000000 1.000000
0.997053 0.075879 -0.011331 0.000000 -0.073298 0.898513 -0.432784 13.784800 -0.022658 0.432339 0.901426 0.064400 0.000000 0.000000 0.000000 1.000000
0.999403 0.033951 0.006379 0.000000 -0.027820 0.900487 -0.433992 13.784800 -0.020479 0.433556 0.900894 0.064400 0.000000 0.000000 0.000000 1.000000
0.999813 -0.003567 0.019018 0.000000 0.011476 0.900665 -0.434363 13.784800 -0.015580 0.434500 0.900537 0.064400 0.000000 0.000000 0.000000 1.000000
0.999108 -0.033785 0.025316 0.000000 0.041406 0.901140 -0.431546 13.784800 -0.008234 0.432210 0.901736 0.064400 0.000000 0.000000 0.000000 1.000000
0.998400 -0.049353 0.027584 0.000000 0.056435 0.899479 -0.433305 13.784800 -0.003427 0.434169 0.900825 0.064400 0.000000 0.000000 0.000000 1.000000
0.997978 -0.053466 0.034360 0.000000 0.063146 0.895396 -0.440769 13.784800 -0.007200 0.442048 0.896962 0.064400 0.000000 0.000000 0.000000 1.000000
0.997640 -0.051491 0.045412 0.000000 0.066443 0.890682 -0.449746 13.784800 -0.017290 0.451702 0.892002 0.064400 0.000000 0.000000 0.000000 1.000000
0.997544 -0.044651 0.053959 -0.000000 0.064520 0.885598 -0.459949 13.784800 -0.027248 0.462301 0.886304 0.064400 0.000000 0.000000 0.000000 1.000000
0.997921 -0.031926 0.055981 0.000000 0.054746 0.878261 -0.475037 13.784800 -0.034000 0.477114 0.878183 0.064400 0.000000 0.000000 0.000000 1.000000
0.998497 -0.014622 0.052829 0.000000 0.038926 0.867705 -0.495553 13.784800 -0.038594 0.496864 0.866970 0.064400 0.000000 0.000000 0.000000 1.000000
0.998951 0.009286 0.044835 0.000000 0.015135 0.857200 -0.514760 13.784800 -0.043212 0.514899 0.856161 0.064400 0.000000 0.000000 0.000000 1.000000
0.998722 0.037844 0.033514 0.000000 -0.014468 0.849226 -0.527831 13.784800 -0.048436 0.526671 0.848688 0.064400 0.000000 0.000000 0.000000 1.000000
0.997532 0.067381 0.019754 0.000000 -0.046481 0.844529 -0.533489 13.784800 -0.052630 0.531254 0.845576 0.064400 0.000000 0.000000 0.000000 1.000000
0.995206 0.097681 0.004879 0.000000 -0.080009 0.841813 -0.533807 13.784800 -0.056250 0.530858 0.845592 0.064400 0.000000 0.000000 0.000000 1.000000</float_array>
        <technique_common>
          <accessor source="#mixamorig_Spine-Matrix-animation-output-transform-array" count="36" stride="16">
            <param type="float4x4"/>
          </accessor>
        </technique_common>
      </source>
      <source id="mixamorig_Spine-Interpolations">
        <Name_array id="mixamorig_Spine-Interpolations-array" count="36">
 LINEAR LINEAR LINEAR LINEAR LINEAR LINEAR LINEAR LINEAR LINEAR LINEAR LINEAR
LINEAR LINEAR LINEAR LINEAR LINEAR LINEAR LINEAR LINEAR LINEAR LINEAR LINEAR LINEAR
LINEAR LINEAR LINEAR LINEAR LINEAR LINEAR LINEAR LINEAR LINEAR LINEAR LINEAR LINEAR
LINEAR</Name_array>
        <technique_common>
          <accessor source="#mixamorig_Spine-Interpolations-array" count="36">
            <param type="name"/>
          </accessor>
        </technique_common>
      </source>
      <sampler id="mixamorig_Spine-Matrix-animation-transform">
        <input semantic="INPUT" source="#mixamorig_Spine-Matrix-animation-input"/>
        <input semantic="OUTPUT" source="#mixamorig_Spine-Matrix-animation-output-transform"/>
        <input semantic="INTERPOLATION" source="#mixamorig_Spine-Interpolations"/>
      </sampler>
      <channel source="#mixamorig_Spine-Matrix-animation-transform" target="mixamorig_Spine/matrix"/>
    </animation>
    <animation id="mixamorig_Spine1-anim" name="mixamorig_Spine1">
      <source id="mixamorig_Spine1-Matrix-animation-input">
        <float_array id="mixamorig_Spine1-Matrix-animation-input-array" count="36">

0.000000 0.033333 0.066667 0.100000 0.133333 0.166667 0.200000 0.233333 0.266667 0.300000 0.333333 0.366667 0.400000 0.433333 0.466667 0.500000
0.533333 0.566667 0.600000 0.633333 0.666667 0.700000 0.733333 0.766667 0.800000 0.833333 0.866667 0.900000 0.933333 0.966667 1.000000 1.033333
1.066667 1.100000 1.133333 1.166667</float_array>
        <technique_common>
          <accessor source="#mixamorig_Spine1-Matrix-animation-input-array" count="36">
            <param name="TIME" type="float"/>
          </accessor>
        </technique_common>
      </source>
      <source id="mixamorig_Spine1-Matrix-animation-output-transform">
        <float_array id="mixamorig_Spine1-Matrix-animation-output-transform-array" count="576">

0.995656 -0.026119 -0.089371 0.000000 0.029959 0.998673 0.041899 12.024300 0.088158 -0.044394 0.995117 0.000000 0.000000 0.000000 0.000000 1.000000
0.995759 -0.031838 -0.086319 0.000000 0.035208 0.998665 0.037810 12.024300 0.085000 -0.040688 0.995550 0.000000 0.000000 0.000000 0.000000 1.000000
0.995937 -0.035004 -0.082968 0.000000 0.037799 0.998761 0.032364 12.024300 0.081733 -0.035368 0.996027 0.000000 0.000000 0.000000 0.000000 1.000000
0.996243 -0.035786 -0.078868 0.000000 0.037751 0.999009 0.023572 12.024300 0.077946 -0.026461 0.996606 0.000000 0.000000 0.000000 0.000000 1.000000
0.996590 -0.035808 -0.074332 -0.000000 0.036717 0.999266 0.010898 12.024300 0.073887 -0.013590 0.997174 0.000000 0.000000 0.000000 0.000000 1.000000
0.996908 -0.036232 -0.069722 -0.000000 0.036288 0.999341 -0.000464 12.024300 0.069693 -0.002068 0.997566 -0.000000 0.000000 0.000000 0.000000 1.000000
0.997195 -0.036670 -0.065242 0.000000 0.036211 0.999310 -0.008214 12.024300 0.065498 0.005829 0.997836 0.000000 0.000000 0.000000 0.000000 1.000000
0.997429 -0.036478 -0.061679 0.000000 0.035647 0.999259 -0.014514 12.024300 0.062163 0.012278 0.997991 0.000000 0.000000 0.000000 0.000000 1.000000
0.997629 -0.035635 -0.058877 0.000000 0.034509 0.999203 -0.020038 12.024300 0.059545 0.017959 0.998064 -0.000000 0.000000 0.000000 0.000000 1.000000
0.997836 -0.034166 -0.056179 -0.000000 0.032805 0.999150 -0.024964 12.024300 0.056984 0.023067 0.998109 0.000000 0.000000 0.000000 0.000000 1.000000
0.998062 -0.031811 -0.053479 0.000000 0.030289 0.999119 -0.029038 12.024300 0.054356 0.027362 0.998147 0.000000 0.000000 0.000000 0.000000 1.000000
0.998256 -0.029042 -0.051394 -0.000000 0.027451 0.999130 -0.031401 12.024300 0.052261 0.029936 0.998185 0.000000 0.000000 0.000000 0.000000 1.000000
0.998364 -0.026037 -0.050911 0.000000 0.024526 0.999247 -0.030078 12.024300 0.051656 0.028780 0.998250 0.000000 0.000000 0.000000 0.000000 1.000000
0.998372 -0.022869 -0.052259 -0.000000 0.021605 0.999463 -0.024626 12.024300 0.052794 0.023457 0.998330 0.000000 0.000000 0.000000 0.000000 1.000000
0.998310 -0.019939 -0.054592 0.000000 0.018991 0.999661 -0.017836 12.024300 0.054929 0.016770 0.998349 0.000000 0.000000 0.000000 0.000000 1.000000
0.998175 -0.017689 -0.057736 -0.000000 0.017069 0.999791 -0.011212 12.024300 0.057922 0.010206 0.998269 0.000000 0.000000 0.000000 0.000000 1.000000
0.997974 -0.015839 -0.061617 -0.000000 0.015462 0.999859 -0.006582 12.024300 0.061712 0.005616 0.998078 0.000000 0.000000 0.000000 0.000000 1.000000
0.997725 -0.013003 -0.066154 0.000000 0.012588 0.999898 -0.006688 12.024300 0.066234 0.005840 0.997787 0.000000 0.000000 0.000000 0.000000 1.000000
0.997409 -0.009262 -0.071340 0.000000 0.008640 0.999922 -0.009023 12.024300 0.071418 0.008383 0.997411 -0.000000 0.000000 0.000000 0.000000 1.000000
0.997005 -0.004479 -0.077211 0.000000 0.003515 0.999914 -0.012618 12.024300 0.077260 0.012308 0.996935 -0.000000 0.000000 0.000000 0.000000 1.000000
0.996444 0.002188 -0.084229 -0.000000 -0.003640 0.999847 -0.017081 12.024300 0.084179 0.017327 0.996300 0.000000 0.000000 0.000000 0.000000 1.000000
0.995607 0.011282 -0.092948 0.000000 -0.013367 0.999672 -0.021841 12.024300 0.092671 0.022988 0.995431 0.000000 0.000000 0.000000 0.000000 1.000000
0.994497 0.020013 -0.102839 0.000000 -0.022627 0.999448 -0.024312 12.024300 0.102295 0.026505 0.994401 0.000000 0.000000 0.000000 0.000000 1.000000
0.993421 0.024034 -0.111968 0.000000 -0.026744 0.999383 -0.022765 12.024300 0.111352 0.025610 0.993451 0.000000 0.000000 0.000000 0.000000 1.000000
0.992487 0.026809 -0.119378 0.000000 -0.029515 0.999345 -0.020953 12.024300 0.118738 0.024319 0.992628 0.000000 0.000000 0.000000 0.000000 1.000000
0.992245 0.028480 -0.120995 0.000000 -0.031046 0.999330 -0.019381 12.024300 0.120362 0.022987 0.992464 0.000000 0.000000 0.000000 0.000000 1.000000
0.992853 0.028233 -0.115955 0.000000 -0.030345 0.999403 -0.016489 12.024300 0.115420 0.019889 0.993118 0.000000 0.000000 0.000000 0.000000 1.000000
0.993781 0.025162 -0.108474 0.000000 -0.026810 0.999546 -0.013759 12.024300 0.108078 0.016582 0.994004 -0.000000 0.000000 0.000000 0.000000 1.000000
0.994483 0.019231 -0.103122 0.000000 -0.020487 0.999728 -0.011135 12.024300 0.102880 0.013186 0.994606 0.000000 0.000000 0.000000 0.000000 1.000000
0.994982 0.011742 -0.099361 0.000000 -0.012575 0.999891 -0.007759 12.024300 0.099259 0.008970 0.995021 -0.000000 0.000000 0.000000 0.000000 1.000000
0.995246 0.003719 -0.097320 0.000000 -0.003708 0.999993 0.000298 12.024300 0.097320 0.000065 0.995253 0.000000 0.000000 0.000000 0.000000 1.000000
0.995330 -0.003508 -0.096464 0.000000 0.004861 0.999893 0.013790 12.024300 0.096406 -0.014195 0.995241 0.000000 0.000000 0.000000 0.000000 1.000000
0.995386 -0.010266 -0.095403 -0.000000 0.012920 0.999545 0.027238 12.024300 0.095080 -0.028345 0.995066 0.000000 0.000000 0.000000 0.000000 1.000000
0.995474 -0.016094 -0.093657 -0.000000 0.019579 0.999145 0.036405 12.024300 0.092991 -0.038074 0.994939 -0.000000 0.000000 0.000000 0.000000 1.000000
0.995574 -0.021133 -0.091577 0.000000 0.024942 0.998862 0.040649 12.024300 0.090614 -0.042754 0.994968 0.000000 0.000000 0.000000 0.000000 1.000000
0.995656 -0.026120 -0.089371 0.000000 0.029960 0.998673 0.041899 12.024300 0.088158 -0.044394 0.995117 0.000000 0.000000 0.000000 0.000000 1.000000</float_array>
        <technique_common>
          <accessor source="#mixamorig_Spine1-Matrix-animation-output-transform-array" count="36" stride="16">
            <param type="float4x4"/>
          </accessor>
        </technique_common>
      </source>
      <source id="mixamorig_Spine1-Interpolations">
        <Name_array id="mixamorig_Spine1-Interpolations-array" count="36">
 LINEAR LINEAR LINEAR LINEAR LINEAR LINEAR LINEAR LINEAR LINEAR LINEAR LINEAR
LINEAR LINEAR LINEAR LINEAR LINEAR LINEAR LINEAR LINEAR LINEAR LINEAR LINEAR LINEAR
LINEAR LINEAR LINEAR LINEAR LINEAR LINEAR LINEAR LINEAR LINEAR LINEAR LINEAR LINEAR
LINEAR</Name_array>
        <technique_common>
          <accessor source="#mixamorig_Spine1-Interpolations-array" count="36">
            <param type="name"/>
          </accessor>
        </technique_common>
      </source>
      <sampler id="mixamorig_Spine1-Matrix-animation-transform">
        <input semantic="INPUT" source="#mixamorig_Spine1-Matrix-animation-input"/>
        <input semantic="OUTPUT" source="#mixamorig_Spine1-Matrix-animation-output-transform"/>
        <input semantic="INTERPOLATION" source="#mixamorig_Spine1-Interpolations"/>
      </sampler>
      <channel source="#mixamorig_Spine1-Matrix-animation-transform" target="mixamorig_Spine1/matrix"/>
    </animation>
    <animation id="mixamorig_Spine2-anim" name="mixamorig_Spine2">
      <source id="mixamorig_Spine2-Matrix-animation-input">
        <float_array id="mixamorig_Spine2-Matrix-animation-input-array" count="36">

0.000000 0.033333 0.066667 0.100000 0.133333 0.166667 0.200000 0.233333 0.266667 0.300000 0.333333 0.366667 0.400000 0.433333 0.466667 0.500000
0.533333 0.566667 0.600000 0.633333 0.666667 0.700000 0.733333 0.766667 0.800000 0.833333 0.866667 0.900000 0.933333 0.966667 1.000000 1.033333
1.066667 1.100000 1.133333 1.166667</float_array>
        <technique_common>
          <accessor source="#mixamorig_Spine2-Matrix-animation-input-array" count="36">
            <param name="TIME" type="float"/>
          </accessor>
        </technique_common>
      </source>
      <source id="mixamorig_Spine2-Matrix-animation-output-transform">
        <float_array id="mixamorig_Spine2-Matrix-animation-output-transform-array" count="576">

0.995470 -0.035712 -0.088118 -0.000000 0.040214 0.997946 0.049863 17.815800 0.086156 -0.053181 0.994861 -0.000000 0.000000 0.000000 0.000000 1.000000
0.995480 -0.039903 -0.086185 0.000000 0.043799 0.998079 0.043806 17.815800 0.084272 -0.047383 0.995316 0.000000 0.000000 0.000000 0.000000 1.000000
0.995588 -0.041315 -0.084248 -0.000000 0.044562 0.998320 0.037034 17.815800 0.082576 -0.040625 0.995756 -0.000000 0.000000 0.000000 0.000000 1.000000
0.995833 -0.039764 -0.082071 -0.000000 0.042169 0.998724 0.027777 17.815800 0.080862 -0.031122 0.996239 0.000000 0.000000 0.000000 0.000000 1.000000
0.996130 -0.037071 -0.079688 0.000000 0.038403 0.999146 0.015247 17.815800 0.079054 -0.018248 0.996703 0.000000 0.000000 0.000000 0.000000 1.000000
0.996439 -0.035524 -0.076473 0.000000 0.035930 0.999346 0.003949 17.815800 0.076283 -0.006683 0.997064 -0.000000 0.000000 0.000000 0.000000 1.000000
0.996761 -0.035024 -0.072396 0.000000 0.034821 0.999385 -0.004064 17.815800 0.072494 0.001530 0.997368 0.000000 0.000000 0.000000 0.000000 1.000000
0.997049 -0.034502 -0.068575 0.000000 0.033846 0.999370 -0.010698 17.815800 0.068901 0.008345 0.997589 0.000000 0.000000 0.000000 0.000000 1.000000
0.997309 -0.033696 -0.065116 -0.000000 0.032686 0.999329 -0.016514 17.815800 0.065629 0.014341 0.997741 0.000000 0.000000 0.000000 0.000000 1.000000
0.997567 -0.032377 -0.061735 -0.000000 0.031103 0.999285 -0.021485 17.815800 0.062386 0.019513 0.997861 0.000000 0.000000 0.000000 0.000000 1.000000
0.997833 -0.030255 -0.058423 0.000000 0.028823 0.999267 -0.025213 17.815800 0.059143 0.023475 0.997973 0.000000 0.000000 0.000000 0.000000 1.000000
0.998056 -0.027846 -0.055754 -0.000000 0.026365 0.999284 -0.027127 17.815800 0.056469 0.025604 0.998076 0.000000 0.000000 0.000000 0.000000 1.000000
0.998180 -0.025501 -0.054649 0.000000 0.024141 0.999386 -0.025413 17.815800 0.055263 0.024047 0.998182 0.000000 0.000000 0.000000 0.000000 1.000000
0.998194 -0.023324 -0.055354 -0.000000 0.022267 0.999559 -0.019635 17.815800 0.055788 0.018367 0.998274 0.000000 0.000000 0.000000 0.000000 1.000000
0.998131 -0.021414 -0.057231 0.000000 0.020729 0.999707 -0.012539 17.815800 0.057483 0.011329 0.998282 -0.000000 0.000000 0.000000 0.000000 1.000000
0.997976 -0.020003 -0.060357 0.000000 0.019701 0.999790 -0.005596 17.815800 0.060456 0.004396 0.998161 -0.000000 0.000000 0.000000 0.000000 1.000000
0.997725 -0.018642 -0.064781 -0.000000 0.018651 0.999826 -0.000477 17.815800 0.064779 -0.000733 0.997899 -0.000000 0.000000 0.000000 0.000000 1.000000
0.997401 -0.015838 -0.070282 -0.000000 0.015900 0.999874 0.000325 17.815800 0.070268 -0.001442 0.997527 0.000000 0.000000 0.000000 0.000000 1.000000
0.996995 -0.011958 -0.076538 0.000000 0.011925 0.999928 -0.000884 17.815800 0.076543 -0.000032 0.997066 0.000000 0.000000 0.000000 0.000000 1.000000
0.996481 -0.006971 -0.083534 0.000000 0.006728 0.999972 -0.003183 17.815800 0.083554 0.002610 0.996500 -0.000000 0.000000 0.000000 0.000000 1.000000
0.995786 -0.000115 -0.091708 0.000000 -0.000449 0.999981 -0.006129 17.815800 0.091707 0.006144 0.995767 -0.000000 0.000000 0.000000 0.000000 1.000000
0.994791 0.009023 -0.101533 0.000000 -0.009991 0.999909 -0.009026 17.815800 0.101442 0.009993 0.994791 0.000000 0.000000 0.000000 0.000000 1.000000
0.993549 0.017251 -0.112085 0.000000 -0.018410 0.999787 -0.009316 17.815800 0.111900 0.011319 0.993655 0.000000 0.000000 0.000000 0.000000 1.000000
0.992447 0.019939 -0.121041 0.000000 -0.020770 0.999769 -0.005614 17.815800 0.120901 0.008085 0.992632 -0.000000 0.000000 0.000000 0.000000 1.000000
0.991521 0.021391 -0.128175 0.000000 -0.021783 0.999761 -0.001660 17.815800 0.128109 0.004438 0.991750 -0.000000 0.000000 0.000000 0.000000 1.000000
0.991312 0.022413 -0.129610 -0.000000 -0.022380 0.999748 0.001711 17.815800 0.129616 0.001205 0.991564 0.000000 0.000000 0.000000 0.000000 1.000000
0.992001 0.022230 -0.124258 0.000000 -0.021734 0.999750 0.005343 17.815800 0.124346 -0.002599 0.992236 0.000000 0.000000 0.000000 0.000000 1.000000
0.993033 0.019415 -0.116228 0.000000 -0.018636 0.999796 0.007783 17.815800 0.116356 -0.005563 0.993192 -0.000000 0.000000 0.000000 0.000000 1.000000
0.993845 0.013376 -0.109971 0.000000 -0.012409 0.999878 0.009473 17.815800 0.110084 -0.008051 0.993890 0.000000 0.000000 0.000000 0.000000 1.000000
0.994457 0.005460 -0.105005 0.000000 -0.004268 0.999924 0.011568 17.815800 0.105061 -0.011056 0.994404 -0.000000 0.000000 0.000000 0.000000 1.000000
0.994869 -0.003639 -0.101109 0.000000 0.005482 0.999824 0.017962 17.815800 0.101026 -0.018424 0.994713 -0.000000 0.000000 0.000000 0.000000 1.000000
0.995109 -0.012398 -0.098006 0.000000 0.015364 0.999445 0.029563 17.815800 0.097585 -0.030924 0.994747 0.000000 0.000000 0.000000 0.000000 1.000000
0.995255 -0.020329 -0.095156 0.000000 0.024321 0.998864 0.040982 17.815800 0.094215 -0.043102 0.994618 0.000000 0.000000 0.000000 0.000000 1.000000
0.995362 -0.026594 -0.092447 0.000000 0.031147 0.998354 0.048166 17.815800 0.091014 -0.050822 0.994552 0.000000 0.000000 0.000000 0.000000 1.000000
0.995435 -0.031384 -0.090138 0.000000 0.036041 0.998073 0.050515 17.815800 0.088379 -0.053533 0.994647 -0.000000 0.000000 0.000000 0.000000 1.000000
0.995470 -0.035712 -0.088118 -0.000000 0.040214 0.997946 0.049863 17.815800 0.086156 -0.053181 0.994861 -0.000000 0.000000 0.000000 0.000000 1.000000</float_array>
        <technique_common>
          <accessor source="#mixamorig_Spine2-Matrix-animation-output-transform-array" count="36" stride="16">
            <param type="float4x4"/>
          </accessor>
        </technique_common>
      </source>
      <source id="mixamorig_Spine2-Interpolations">
        <Name_array id="mixamorig_Spine2-Interpolations-array" count="36">
 LINEAR LINEAR LINEAR LINEAR LINEAR LINEAR LINEAR LINEAR LINEAR LINEAR LINEAR
LINEAR LINEAR LINEAR LINEAR LINEAR LINEAR LINEAR LINEAR LINEAR LINEAR LINEAR LINEAR
LINEAR LINEAR LINEAR LINEAR LINEAR LINEAR LINEAR LINEAR LINEAR LINEAR LINEAR LINEAR
LINEAR</Name_array>
        <technique_common>
          <accessor source="#mixamorig_Spine2-Interpolations-array" count="36">
            <param type="name"/>
          </accessor>
        </technique_common>
      </source>
      <sampler id="mixamorig_Spine2-Matrix-animation-transform">
        <input semantic="INPUT" source="#mixamorig_Spine2-Matrix-animation-input"/>
        <input semantic="OUTPUT" source="#mixamorig_Spine2-Matrix-animation-output-transform"/>
        <input semantic="INTERPOLATION" source="#mixamorig_Spine2-Interpolations"/>
      </sampler>
      <channel source="#mixamorig_Spine2-Matrix-animation-transform" target="mixamorig_Spine2/matrix"/>
    </animation>
    <animation id="mixamorig_Neck-anim" name="mixamorig_Neck">
      <source id="mixamorig_Neck-Matrix-animation-input">
        <float_array id="mixamorig_Neck-Matrix-animation-input-array" count="36">

0.000000 0.033333 0.066667 0.100000 0.133333 0.166667 0.200000 0.233333 0.266667 0.300000 0.333333 0.366667 0.400000 0.433333 0.466667 0.500000
0.533333 0.566667 0.600000 0.633333 0.666667 0.700000 0.733333 0.766667 0.800000 0.833333 0.866667 0.900000 0.933333 0.966667 1.000000 1.033333
1.066667 1.100000 1.133333 1.166667</float_array>
        <technique_common>
          <accessor source="#mixamorig_Neck-Matrix-animation-input-array" count="36">
            <param name="TIME" type="float"/>
          </accessor>
        </technique_common>
      </source>
      <source id="mixamorig_Neck-Matrix-animation-output-transform">
        <float_array id="mixamorig_Neck-Matrix-animation-output-transform-array" count="576">

0.943097 0.012984 0.332264 -0.000000 -0.067589 0.985863 0.153317 39.117599 -0.325576 -0.167050 0.930642 11.977000 0.000000 0.000000 0.000000 1.000000
0.941517 0.031179 0.335520 -0.000000 -0.087503 0.984175 0.154089 39.117599 -0.325406 -0.174436 0.929345 11.977000 0.000000 0.000000 0.000000 1.000000
0.939896 0.041100 0.338978 -0.000000 -0.099116 0.982826 0.155659 39.117599 -0.326758 -0.179902 0.927828 11.977000 0.000000 0.000000 0.000000 1.000000
0.938274 0.045032 0.342949 0.000000 -0.104325 0.982159 0.156458 39.117599 -0.329785 -0.182579 0.926233 11.977000 0.000000 0.000000 0.000000 1.000000
0.936558 0.044743 0.347646 0.000000 -0.106348 0.981339 0.160202 39.117599 -0.333991 -0.187010 0.923838 11.977000 0.000000 0.000000 0.000000 1.000000
0.934829 0.045230 0.352205 0.000000 -0.107072 0.981594 0.158139 39.117599 -0.338570 -0.185544 0.922466 11.977000 0.000000 0.000000 0.000000 1.000000
0.933803 0.046808 0.354713 -0.000000 -0.104937 0.983636 0.146450 39.117599 -0.342053 -0.173978 0.923435 11.977000 0.000000 0.000000 0.000000 1.000000
0.934094 0.039023 0.354887 -0.000000 -0.092831 0.986367 0.135879 39.117599 -0.344746 -0.159869 0.924982 11.977000 0.000000 0.000000 0.000000 1.000000
0.935398 0.021615 0.352935 -0.000000 -0.071495 0.989076 0.128910 39.117599 -0.346293 -0.145815 0.926725 11.977000 0.000000 0.000000 0.000000 1.000000
0.937194 -0.003870 0.348788 0.000000 -0.043511 0.990831 0.127908 39.117599 -0.346085 -0.135051 0.928432 11.977000 0.000000 0.000000 0.000000 1.000000
0.938679 -0.034210 0.343092 -0.000000 -0.011829 0.991285 0.131205 39.117599 -0.344591 -0.127218 0.930093 11.977000 0.000000 0.000000 0.000000 1.000000
0.938982 -0.061744 0.338378 0.000000 0.016640 0.990759 0.134611 39.117599 -0.343562 -0.120766 0.931333 11.977000 0.000000 0.000000 0.000000 1.000000
0.938042 -0.079470 0.337287 -0.000000 0.035174 0.990156 0.135473 39.117599 -0.344733 -0.115215 0.931603 11.977000 0.000000 0.000000 0.000000 1.000000
0.936392 -0.085839 0.340296 0.000000 0.042190 0.990129 0.133661 39.117599 -0.348410 -0.110802 0.930770 11.977000 0.000000 0.000000 0.000000 1.000000
0.934918 -0.084488 0.344659 0.000000 0.041264 0.990539 0.130881 39.117599 -0.352456 -0.108141 0.929559 11.977000 0.000000 0.000000 0.000000 1.000000
0.934191 -0.074284 0.348955 0.000000 0.031090 0.991313 0.127794 39.117599 -0.355417 -0.108535 0.928385 11.977000 0.000000 0.000000 0.000000 1.000000
0.933970 -0.053513 0.353323 0.000000 0.010315 0.992349 0.123033 39.117599 -0.357204 -0.111264 0.927376 11.977000 0.000000 0.000000 0.000000 1.000000
0.933017 -0.025703 0.358912 -0.000000 -0.016470 0.993350 0.113951 39.117599 -0.359454 -0.112229 0.926389 11.977000 0.000000 0.000000 0.000000 1.000000
0.930696 0.004866 0.365760 -0.000000 -0.045180 0.993784 0.101743 39.117599 -0.362991 -0.111217 0.925131 11.977000 0.000000 0.000000 0.000000 1.000000
0.927742 0.031637 0.371879 -0.000000 -0.070469 0.993327 0.091295 39.117599 -0.366509 -0.110904 0.923781 11.977000 0.000000 0.000000 0.000000 1.000000
0.926147 0.043608 0.374633 0.000000 -0.083370 0.992393 0.090587 39.117599 -0.367833 -0.115130 0.922737 11.977000 0.000000 0.000000 0.000000 1.000000
0.927595 0.032942 0.372133 -0.000000 -0.077344 0.991457 0.105024 39.117599 -0.365494 -0.126202 0.922219 11.977000 0.000000 0.000000 0.000000 1.000000
0.930498 0.009760 0.366166 0.000000 -0.061064 0.989790 0.128792 39.117599 -0.361170 -0.142200 0.921594 11.977000 0.000000 0.000000 0.000000 1.000000
0.932342 -0.004990 0.361543 -0.000000 -0.052908 0.987260 0.150064 39.117599 -0.357685 -0.159040 0.920200 11.977000 0.000000 0.000000 0.000000 1.000000
0.934510 -0.014663 0.355635 0.000000 -0.047157 0.985243 0.164538 39.117599 -0.352800 -0.170533 0.920028 11.977000 0.000000 0.000000 0.000000 1.000000
0.936886 -0.012979 0.349395 0.000000 -0.046379 0.985867 0.160984 39.117599 -0.346546 -0.167028 0.923042 11.977000 0.000000 0.000000 0.000000 1.000000
0.938591 -0.002516 0.345023 -0.000000 -0.049667 0.988574 0.142321 39.117599 -0.341438 -0.150717 0.927741 11.977000 0.000000 0.000000 0.000000 1.000000
0.939230 0.009685 0.343151 0.000000 -0.054096 0.991288 0.120088 39.117599 -0.338998 -0.131354 0.931572 11.977000 0.000000 0.000000 0.000000 1.000000
0.939698 0.017096 0.341578 -0.000000 -0.056401 0.992822 0.105470 39.117599 -0.337323 -0.118375 0.933917 11.977000 0.000000 0.000000 0.000000 1.000000
0.940695 0.016946 0.338830 -0.000000 -0.055843 0.992863 0.105382 39.117599 -0.334625 -0.118054 0.934927 11.977000 0.000000 0.000000 0.000000 1.000000
0.941373 0.016289 0.336974 0.000000 -0.057139 0.992102 0.111666 39.117599 -0.332494 -0.124374 0.934868 11.977000 0.000000 0.000000 0.000000 1.000000
0.941367 0.016470 0.336982 -0.000000 -0.060893 0.990699 0.121685 39.117599 -0.331843 -0.135071 0.933614 11.977000 0.000000 0.000000 0.000000 1.000000
0.941600 0.013735 0.336453 0.000000 -0.061727 0.989277 0.132367 39.117599 -0.331027 -0.145405 0.932351 11.977000 0.000000 0.000000 0.000000 1.000000
0.942347 0.008924 0.334518 -0.000000 -0.059597 0.988139 0.141525 39.117599 -0.329288 -0.153302 0.931702 11.977000 0.000000 0.000000 0.000000 1.000000
0.942933 0.008191 0.332881 0.000000 -0.060983 0.987037 0.148456 39.117599 -0.327350 -0.160284 0.931210 11.977000 0.000000 0.000000 0.000000 1.000000
0.943105 0.012926 0.332244 0.000000 -0.067526 0.985866 0.153325 39.117599 -0.325567 -0.167037 0.930648 11.977000 0.000000 0.000000 0.000000 1.000000</float_array>
        <technique_common>
          <accessor source="#mixamorig_Neck-Matrix-animation-output-transform-array" count="36" stride="16">
            <param type="float4x4"/>
          </accessor>
        </technique_common>
      </source>
      <source id="mixamorig_Neck-Interpolations">
        <Name_array id="mixamorig_Neck-Interpolations-array" count="36">
 LINEAR LINEAR LINEAR LINEAR LINEAR LINEAR LINEAR LINEAR LINEAR LINEAR LINEAR
LINEAR LINEAR LINEAR LINEAR LINEAR LINEAR LINEAR LINEAR LINEAR LINEAR LINEAR LINEAR
LINEAR LINEAR LINEAR LINEAR LINEAR LINEAR LINEAR LINEAR LINEAR LINEAR LINEAR LINEAR
LINEAR</Name_array>
        <technique_common>
          <accessor source="#mixamorig_Neck-Interpolations-array" count="36">
            <param type="name"/>
          </accessor>
        </technique_common>
      </source>
      <sampler id="mixamorig_Neck-Matrix-animation-transform">
        <input semantic="INPUT" source="#mixamorig_Neck-Matrix-animation-input"/>
        <input semantic="OUTPUT" source="#mixamorig_Neck-Matrix-animation-output-transform"/>
        <input semantic="INTERPOLATION" source="#mixamorig_Neck-Interpolations"/>
      </sampler>
      <channel source="#mixamorig_Neck-Matrix-animation-transform" target="mixamorig_Neck/matrix"/>
    </animation>
    <animation id="mixamorig_Head-anim" name="mixamorig_Head">
      <source id="mixamorig_Head-Matrix-animation-input">
        <float_array id="mixamorig_Head-Matrix-animation-input-array" count="36">

0.000000 0.033333 0.066667 0.100000 0.133333 0.166667 0.200000 0.233333 0.266667 0.300000 0.333333 0.366667 0.400000 0.433333 0.466667 0.500000
0.533333 0.566667 0.600000 0.633333 0.666667 0.700000 0.733333 0.766667 0.800000 0.833333 0.866667 0.900000 0.933333 0.966667 1.000000 1.033333
1.066667 1.100000 1.133333 1.166667</float_array>
        <technique_common>
          <accessor source="#mixamorig_Head-Matrix-animation-input-array" count="36">
            <param name="TIME" type="float"/>
          </accessor>
        </technique_common>
      </source>
      <source id="mixamorig_Head-Matrix-animation-output-transform">
        <float_array id="mixamorig_Head-Matrix-animation-output-transform-array" count="576">

0.873174 0.033860 0.486230 0.000000 -0.194467 0.938945 0.283839 14.552500 -0.446933 -0.342396 0.826448 15.664100 0.000000 0.000000 0.000000 1.000000
0.875041 0.030040 0.483115 -0.000000 -0.187997 0.940812 0.282010 14.552500 -0.446050 -0.337594 0.828897 15.664100 0.000000 0.000000 0.000000 1.000000
0.874133 0.030981 0.484697 -0.000000 -0.187099 0.942423 0.277186 14.552500 -0.448203 -0.332984 0.829600 15.664100 0.000000 0.000000 0.000000 1.000000
