<?xml version="1.0" encoding="utf-8"?>
<COLLADA xmlns="http://www.collada.org/2005/11/COLLADASchema" version="1.4.1">
  <asset>
    <contributor>
      <author>Mixamo</author>
      <authoring_tool>COLLADA Mixamo exporter</authoring_tool>
      <comments/>
    </contributor>
    <created>2024-12-02T01:22:05Z</created>
    <modified>2024-12-02T01:22:05Z</modified>
    <revision/>
    <title/>
    <unit meter="0.010000"/>
    <up_axis>Y_UP</up_axis>
  </asset>
  <library_animations>
    <animation id="mixamorig_Hips-anim" name="mixamorig_Hips">
      <source id="mixamorig_Hips-Matrix-animation-input">
        <float_array id="mixamorig_Hips-Matrix-animation-input-array" count="38">

0.000000 0.033333 0.066667 0.100000 0.133333 0.166667 0.200000 0.233333 0.266667 0.300000 0.333333 0.366667 0.400000 0.433333 0.466667 0.500000
0.533333 0.566667 0.600000 0.633333 0.666667 0.700000 0.733333 0.766667 0.800000 0.833333 0.866667 0.900000 0.933333 0.966667 1.000000 1.033333
1.066667 1.100000 1.133333 1.166667 1.200000 1.233333</float_array>
        <technique_common>
          <accessor source="#mixamorig_Hips-Matrix-animation-input-array" count="38">
            <param name="TIME" type="float"/>
          </accessor>
        </technique_common>
      </source>
      <source id="mixamorig_Hips-Matrix-animation-output-transform">
        <float_array id="mixamorig_Hips-Matrix-animation-output-transform-array" count="608">

0.790151 -0.055212 -0.610420 -5.474427 -0.147707 0.949428 -0.277073 66.461983 0.594847 0.309092 0.742037 11.579056 0.000000 0.000000 0.000000 1.000000
0.788466 -0.052132 -0.612865 -2.241189 -0.153177 0.948366 -0.277738 66.992928 0.595700 0.312863 0.739769 11.396034 0.000000 0.000000 0.000000 1.000000
0.787209 -0.050422 -0.614621 0.977006 -0.157987 0.946902 -0.280031 67.165268 0.596106 0.317545 0.737444 11.371136 0.000000 0.000000 0.000000 1.000000
0.786562 -0.049974 -0.615485 4.095759 -0.161819 0.945208 -0.283542 66.973778 0.595932 0.322621 0.735379 11.434953 0.000000 0.000000 0.000000 1.000000
0.786731 -0.050718 -0.615209 7.276839 -0.164287 0.943472 -0.287871 66.496460 0.595033 0.327548 0.733927 11.434545 0.000000 0.000000 0.000000 1.000000
0.787554 -0.051981 -0.614049 10.597433 -0.165914 0.941757 -0.292516 65.749100 0.593490 0.332252 0.733061 11.392647 0.000000 0.000000 0.000000 1.000000
0.788644 -0.052745 -0.612584 13.854265 -0.167755 0.940055 -0.296910 64.780693 0.591523 0.336920 0.732520 11.259476 0.000000 0.000000 0.000000 1.000000
0.789366 -0.052047 -0.611713 17.123161 -0.170933 0.938367 -0.300415 63.756130 0.589647 0.341699 0.731818 11.100771 0.000000 0.000000 0.000000 1.000000
0.789653 -0.049975 -0.611515 20.565582 -0.175016 0.936922 -0.302568 63.030464 0.588062 0.345948 0.731097 10.658853 0.000000 0.000000 0.000000 1.000000
0.788651 -0.045856 -0.613129 24.212769 -0.180891 0.935775 -0.302662 62.696011 0.587629 0.349604 0.729705 10.476304 0.000000 0.000000 0.000000 1.000000
0.786280 -0.040002 -0.616574 28.210533 -0.187843 0.935192 -0.300218 62.639542 0.588624 0.351874 0.727809 10.737328 0.000000 0.000000 0.000000 1.000000
0.783170 -0.033121 -0.620924 32.151958 -0.194300 0.935541 -0.294974 62.691994 0.590670 0.351661 0.726253 10.857116 0.000000 0.000000 0.000000 1.000000
0.779313 -0.024382 -0.626161 35.955078 -0.200855 0.936802 -0.286460 62.808670 0.593573 0.349010 0.725164 10.802152 0.000000 0.000000 0.000000 1.000000
0.774879 -0.013763 -0.631959 39.667641 -0.206999 0.939111 -0.274265 62.682095 0.597255 0.343338 0.724849 10.825341 0.000000 0.000000 0.000000 1.000000
0.769148 0.000919 -0.639070 42.872459 -0.209820 0.944928 -0.251169 61.870758 0.603645 0.327276 0.726982 10.585425 0.000000 0.000000 0.000000 1.000000
0.767467 0.012028 -0.640975 46.237926 -0.205007 0.951930 -0.227600 60.925297 0.607426 0.306080 0.733041 10.207979 0.000000 0.000000 0.000000 1.000000
0.767532 0.013660 -0.640865 50.281467 -0.192626 0.958479 -0.210269 59.948952 0.611383 0.284835 0.738295 9.907334 0.000000 0.000000 0.000000 1.000000
0.765648 0.004720 -0.643242 54.819683 -0.173866 0.964272 -0.199876 58.938602 0.619317 0.264873 0.739114 9.881336 0.000000 0.000000 0.000000 1.000000
0.763685 -0.006767 -0.645554 59.476406 -0.155637 0.968523 -0.194269 58.147255 0.626548 0.248833 0.738593 9.871294 0.000000 0.000000 0.000000 1.000000
0.761701 -0.014048 -0.647777 63.816875 -0.142204 0.971764 -0.188288 57.660282 0.632131 0.235535 0.738196 10.234468 0.000000 0.000000 0.000000 1.000000
0.756633 -0.024283 -0.653388 68.191086 -0.131010 0.973414 -0.187888 56.881584 0.640580 0.227763 0.733336 10.474098 0.000000 0.000000 0.000000 1.000000
0.751760 -0.025276 -0.658952 72.131287 -0.125777 0.975425 -0.180906 56.384907 0.647331 0.218879 0.730106 10.857003 0.000000 0.000000 0.000000 1.000000
0.745970 -0.018230 -0.665730 75.499748 -0.131953 0.975762 -0.174577 56.697903 0.652776 0.218074 0.725484 11.131063 0.000000 0.000000 0.000000 1.000000
0.738506 -0.011435 -0.674150 78.331413 -0.140786 0.975201 -0.170767 57.568367 0.659385 0.221024 0.718582 10.992283 0.000000 0.000000 0.000000 1.000000
0.727116 -0.001496 -0.686513 81.277031 -0.157446 0.972981 -0.168877 58.735256 0.668217 0.230882 0.707234 10.802507 0.000000 0.000000 0.000000 1.000000
0.704668 0.004084 -0.709525 84.912949 -0.179209 0.968587 -0.172406 59.570629 0.686533 0.248642 0.683264 10.911936 0.000000 0.000000 0.000000 1.000000
0.678245 -0.004718 -0.734821 88.955246 -0.193023 0.963721 -0.184349 59.930637 0.709032 0.266871 0.652728 11.306236 0.000000 0.000000 0.000000 1.000000
0.650319 -0.010442 -0.759590 93.115822 -0.207076 0.959603 -0.190479 59.915482 0.730893 0.281165 0.621885 11.543760 0.000000 0.000000 0.000000 1.000000
0.628183 -0.006998 -0.778035 96.782486 -0.222757 0.956485 -0.188457 59.354118 0.745497 0.291698 0.599288 12.121043 0.000000 0.000000 0.000000 1.000000
0.621386 0.001720 -0.783503 100.355736 -0.230852 0.956008 -0.180987 58.879303 0.748724 0.293336 0.594447 12.545053 0.000000 0.000000 0.000000 1.000000
0.631316 0.006170 -0.775501 104.730125 -0.229174 0.956794 -0.178953 59.567169 0.740891 0.290700 0.605453 12.107684 0.000000 0.000000 0.000000 1.000000
0.653723 0.002941 -0.756728 109.204025 -0.217665 0.958463 -0.184312 60.652832 0.724753 0.285202 0.627210 11.488981 0.000000 0.000000 0.000000 1.000000
0.683071 -0.004538 -0.730338 113.072678 -0.203225 0.959307 -0.196033 62.006195 0.701508 0.282327 0.654353 11.234303 0.000000 0.000000 0.000000 1.000000
0.712825 -0.015204 -0.701177 116.818619 -0.190083 0.958157 -0.214017 63.299259 0.675091 0.285839 0.680109 11.265028 0.000000 0.000000 0.000000 1.000000
0.739917 -0.029500 -0.672051 120.747475 -0.177369 0.955130 -0.237206 64.546005 0.648894 0.294714 0.701485 11.401093 0.000000 0.000000 0.000000 1.000000
0.761422 -0.045506 -0.646658 124.853355 -0.163490 0.951808 -0.259484 65.654739 0.627302 0.303299 0.717288 11.280212 0.000000 0.000000 0.000000 1.000000
0.776336 -0.054119 -0.627991 128.875320 -0.153858 0.949900 -0.272063 66.304573 0.611253 0.307834 0.729115 11.289001 0.000000 0.000000 0.000000 1.000000
0.790151 -0.055212 -0.610420 132.924973 -0.147707 0.949428 -0.277073 66.461990 0.594847 0.309092 0.742037 11.579063 0.000000 0.000000 0.000000 1.000000</float_array>
        <technique_common>
          <accessor source="#mixamorig_Hips-Matrix-animation-output-transform-array" count="38" stride="16">
            <param type="float4x4"/>
          </accessor>
        </technique_common>
      </source>
      <source id="mixamorig_Hips-Interpolations">
        <Name_array id="mixamorig_Hips-Interpolations-array" count="38">
 LINEAR LINEAR LINEAR LINEAR LINEAR LINEAR LINEAR LINEAR LINEAR LINEAR LINEAR
LINEAR LINEAR LINEAR LINEAR LINEAR LINEAR LINEAR LINEAR LINEAR LINEAR LINEAR LINEAR
LINEAR LINEAR LINEAR LINEAR LINEAR LINEAR LINEAR LINEAR LINEAR LINEAR LINEAR LINEAR
LINEAR LINEAR LINEAR</Name_array>
        <technique_common>
          <accessor source="#mixamorig_Hips-Interpolations-array" count="38">
            <param type="name"/>
          </accessor>
        </technique_common>
      </source>
      <sampler id="mixamorig_Hips-Matrix-animation-transform">
        <input semantic="INPUT" source="#mixamorig_Hips-Matrix-animation-input"/>
        <input semantic="OUTPUT" source="#mixamorig_Hips-Matrix-animation-output-transform"/>
        <input semantic="INTERPOLATION" source="#mixamorig_Hips-Interpolations"/>
      </sampler>
      <channel source="#mixamorig_Hips-Matrix-animation-transform" target="mixamorig_Hips/matrix"/>
    </animation>
    <animation id="mixamorig_Spine-anim" name="mixamorig_Spine">
      <source id="mixamorig_Spine-Matrix-animation-input">
        <float_array id="mixamorig_Spine-Matrix-animation-input-array" count="38">

0.000000 0.033333 0.066667 0.100000 0.133333 0.166667 0.200000 0.233333 0.266667 0.300000 0.333333 0.366667 0.400000 0.433333 0.466667 0.500000
0.533333 0.566667 0.600000 0.633333 0.666667 0.700000 0.733333 0.766667 0.800000 0.833333 0.866667 0.900000 0.933333 0.966667 1.000000 1.033333
1.066667 1.100000 1.133333 1.166667 1.200000 1.233333</float_array>
        <technique_common>
          <accessor source="#mixamorig_Spine-Matrix-animation-input-array" count="38">
            <param name="TIME" type="float"/>
          </accessor>
        </technique_common>
      </source>
      <source id="mixamorig_Spine-Matrix-animation-output-transform">
        <float_array id="mixamorig_Spine-Matrix-animation-output-transform-array" count="608">

0.983630 0.116620 0.137372 0.000000 -0.043947 0.894571 -0.444759 13.784800 -0.174757 0.431442 0.885053 0.064400 0.000000 0.000000 0.000000 1.000000
0.983526 0.111814 0.142038 0.000000 -0.038723 0.897824 -0.438648 13.784800 -0.176572 0.425921 0.887363 0.064400 0.000000 0.000000 0.000000 1.000000
0.983301 0.107677 0.146716 0.000000 -0.034213 0.901180 -0.432092 13.784800 -0.178744 0.419857 0.889815 0.064400 0.000000 0.000000 0.000000 1.000000
0.983054 0.104183 0.150836 -0.000000 -0.030589 0.904498 -0.425379 13.784800 -0.180748 0.413556 0.892357 0.064400 0.000000 0.000000 0.000000 1.000000
0.982897 0.101347 0.153759 0.000000 -0.028071 0.907640 -0.418810 13.784800 -0.182003 0.407331 0.894961 0.064400 0.000000 0.000000 0.000000 1.000000
0.982848 0.098752 0.155747 -0.000000 -0.026110 0.910552 -0.412570 13.784800 -0.182558 0.401427 0.897513 0.064400 0.000000 0.000000 0.000000 1.000000
0.982853 0.095735 0.157592 -0.000000 -0.023731 0.913224 -0.406766 13.784800 -0.182858 0.396051 0.899837 0.064400 0.000000 0.000000 0.000000 1.000000
0.982771 0.091823 0.160403 -0.000000 -0.020018 0.915636 -0.401510 13.784800 -0.183738 0.391382 0.901699 0.064400 0.000000 0.000000 0.000000 1.000000
0.982617 0.087346 0.163811 -0.000000 -0.015366 0.917637 -0.397122 13.784800 -0.185006 0.387701 0.903028 0.064400 0.000000 0.000000 0.000000 1.000000
0.982166 0.082270 0.169058 0.000000 -0.009216 0.919166 -0.393761 13.784800 -0.187787 0.385181 0.903533 0.064400 0.000000 0.000000 0.000000 1.000000
0.981426 0.077175 0.175631 0.000000 -0.002236 0.920051 -0.391792 13.784800 -0.191826 0.384122 0.903135 0.064400 0.000000 0.000000 0.000000 1.000000
0.980653 0.072685 0.181757 0.000000 0.004401 0.920087 -0.391689 13.784800 -0.195703 0.384911 0.901967 0.064400 0.000000 0.000000 0.000000 1.000000
0.979904 0.068100 0.187486 0.000000 0.011422 0.919217 -0.393585 13.784800 -0.199143 0.387817 0.899967 0.064400 0.000000 0.000000 0.000000 1.000000
0.979309 0.063550 0.192135 -0.000000 0.018520 0.917287 -0.397796 13.784800 -0.201523 0.393123 0.897130 0.064400 0.000000 0.000000 0.000000 1.000000
0.979512 0.060627 0.192045 -0.000000 0.023731 0.912218 -0.409017 13.784800 -0.199985 0.405194 0.892090 0.064400 0.000000 0.000000 0.000000 1.000000
0.980084 0.070064 0.185813 -0.000000 0.014555 0.907829 -0.419088 13.784800 -0.198050 0.413446 0.888729 0.064400 0.000000 0.000000 0.000000 1.000000
0.980131 0.089940 0.176790 0.000000 -0.005683 0.903658 -0.428217 13.784800 -0.198271 0.418704 0.886214 0.064400 0.000000 0.000000 0.000000 1.000000
0.978548 0.117216 0.169425 0.000000 -0.032557 0.900018 -0.434634 13.784800 -0.203431 0.419794 0.884527 0.064400 0.000000 0.000000 0.000000 1.000000
0.975858 0.144632 0.163654 0.000000 -0.059205 0.896433 -0.439206 13.784800 -0.210228 0.418914 0.883355 0.064400 0.000000 0.000000 0.000000 1.000000
0.972124 0.167434 0.164135 0.000000 -0.079232 0.893444 -0.442132 13.784800 -0.220673 0.416802 0.881805 0.064400 0.000000 0.000000 0.000000 1.000000
0.966623 0.193512 0.167909 0.000000 -0.102662 0.893010 -0.438171 13.784800 -0.234736 0.406308 0.883070 0.064400 0.000000 0.000000 0.000000 1.000000
0.962396 0.211975 0.169885 0.000000 -0.117100 0.888014 -0.444657 13.784800 -0.245116 0.408042 0.879443 0.064400 0.000000 0.000000 0.000000 1.000000
0.959588 0.217940 0.178023 0.000000 -0.117516 0.885164 -0.450195 13.784800 -0.255695 0.411081 0.875004 0.064400 0.000000 0.000000 0.000000 1.000000
0.957917 0.217054 0.187836 0.000000 -0.111866 0.884930 -0.452090 13.784800 -0.264350 0.412052 0.871970 0.064400 0.000000 0.000000 0.000000 1.000000
0.957701 0.206776 0.200133 0.000000 -0.098529 0.889055 -0.447071 13.784800 -0.270373 0.408441 0.871822 0.064400 0.000000 0.000000 0.000000 1.000000
0.954670 0.200756 0.219778 0.000000 -0.087289 0.894686 -0.438084 13.784800 -0.284580 0.399041 0.871654 0.064400 0.000000 0.000000 0.000000 1.000000
0.950267 0.202104 0.236952 0.000000 -0.085566 0.900986 -0.425327 13.784800 -0.299451 0.383899 0.873470 0.064400 0.000000 0.000000 0.000000 1.000000
0.947031 0.198718 0.252279 0.000000 -0.080261 0.907090 -0.413215 13.784800 -0.310952 0.371079 0.874991 0.064400 0.000000 0.000000 0.000000 1.000000
0.945244 0.192408 0.263616 0.000000 -0.070758 0.909340 -0.409993 13.784800 -0.318603 0.368890 0.873162 0.064400 0.000000 0.000000 0.000000 1.000000
0.947053 0.187642 0.260539 0.000000 -0.063956 0.905441 -0.419627 13.784800 -0.314643 0.380746 0.869501 0.064400 0.000000 0.000000 0.000000 1.000000
0.952018 0.185291 0.243576 -0.000000 -0.060231 0.893762 -0.444479 13.784800 -0.300057 0.408481 0.862037 0.064400 0.000000 0.000000 0.000000 1.000000
0.958545 0.180083 0.220822 0.000000 -0.059607 0.884551 -0.462618 13.784800 -0.278638 0.430278 0.858616 0.064400 0.000000 0.000000 0.000000 1.000000
0.965706 0.170245 0.196033 0.000000 -0.057957 0.877317 -0.476399 13.784800 -0.253088 0.448699 0.857097 0.064400 0.000000 0.000000 0.000000 1.000000
0.971817 0.156262 0.176504 0.000000 -0.053124 0.874646 -0.481843 13.784800 -0.229672 0.458886 0.858297 0.064400 0.000000 0.000000 0.000000 1.000000
0.976597 0.141348 0.162110 -0.000000 -0.047588 0.877047 -0.478041 13.784800 -0.209749 0.459139 0.863248 0.064400 0.000000 0.000000 0.000000 1.000000
0.979735 0.132009 0.150642 0.000000 -0.047512 0.883789 -0.465468 13.784800 -0.194582 0.448878 0.872151 0.064400 0.000000 0.000000 0.000000 1.000000
0.981741 0.124807 0.143553 -0.000000 -0.046430 0.889059 -0.455431 13.784800 -0.184468 0.440451 0.878621 0.064400 0.000000 0.000000 0.000000 1.000000
0.983630 0.116620 0.137372 0.000000 -0.043947 0.894571 -0.444759 13.784800 -0.174757 0.431441 0.885053 0.064400 0.000000 0.000000 0.000000 1.000000</float_array>
        <technique_common>
          <accessor source="#mixamorig_Spine-Matrix-animation-output-transform-array" count="38" stride="16">
            <param type="float4x4"/>
          </accessor>
        </technique_common>
      </source>
      <source id="mixamorig_Spine-Interpolations">
        <Name_array id="mixamorig_Spine-Interpolations-array" count="38">
 LINEAR LINEAR LINEAR LINEAR LINEAR LINEAR LINEAR LINEAR LINEAR LINEAR LINEAR
LINEAR LINEAR LINEAR LINEAR LINEAR LINEAR LINEAR LINEAR LINEAR LINEAR LINEAR LINEAR
LINEAR LINEAR LINEAR LINEAR LINEAR LINEAR LINEAR LINEAR LINEAR LINEAR LINEAR LINEAR
LINEAR LINEAR LINEAR</Name_array>
        <technique_common>
          <accessor source="#mixamorig_Spine-Interpolations-array" count="38">
            <param type="name"/>
          </accessor>
        </technique_common>
      </source>
      <sampler id="mixamorig_Spine-Matrix-animation-transform">
        <input semantic="INPUT" source="#mixamorig_Spine-Matrix-animation-input"/>
        <input semantic="OUTPUT" source="#mixamorig_Spine-Matrix-animation-output-transform"/>
        <input semantic="INTERPOLATION" source="#mixamorig_Spine-Interpolations"/>
      </sampler>
      <channel source="#mixamorig_Spine-Matrix-animation-transform" target="mixamorig_Spine/matrix"/>
    </animation>
    <animation id="mixamorig_Spine1-anim" name="mixamorig_Spine1">
      <source id="mixamorig_Spine1-Matrix-animation-input">
        <float_array id="mixamorig_Spine1-Matrix-animation-input-array" count="38">

0.000000 0.033333 0.066667 0.100000 0.133333 0.166667 0.200000 0.233333 0.266667 0.300000 0.333333 0.366667 0.400000 0.433333 0.466667 0.500000
0.533333 0.566667 0.600000 0.633333 0.666667 0.700000 0.733333 0.766667 0.800000 0.833333 0.866667 0.900000 0.933333 0.966667 1.000000 1.033333
1.066667 1.100000 1.133333 1.166667 1.200000 1.233333</float_array>
        <technique_common>
          <accessor source="#mixamorig_Spine1-Matrix-animation-input-array" count="38">
            <param name="TIME" type="float"/>
          </accessor>
        </technique_common>
      </source>
      <source id="mixamorig_Spine1-Matrix-animation-output-transform">
        <float_array id="mixamorig_Spine1-Matrix-animation-output-transform-array" count="608">

0.985734 0.165087 -0.032777 -0.000000 -0.167676 0.980102 -0.106228 12.024300 0.014587 0.110209 0.993801 0.000000 0.000000 0.000000 0.000000 1.000000
0.985660 0.165713 -0.031840 0.000000 -0.168238 0.979657 -0.109399 12.024300 0.013063 0.113186 0.993488 0.000000 0.000000 0.000000 0.000000 1.000000
0.985571 0.166416 -0.030899 -0.000000 -0.168863 0.979228 -0.112242 12.024300 0.011578 0.115841 0.993200 -0.000000 0.000000 0.000000 0.000000 1.000000
0.985468 0.167200 -0.029957 -0.000000 -0.169560 0.978810 -0.114806 12.024300 0.010127 0.118217 0.992936 0.000000 0.000000 0.000000 0.000000 1.000000
0.985347 0.168073 -0.029020 0.000000 -0.170338 0.978399 -0.117135 12.024300 0.008705 0.120362 0.992692 0.000000 0.000000 0.000000 0.000000 1.000000
0.985208 0.169043 -0.028090 0.000000 -0.171205 0.977989 -0.119276 12.024300 0.007309 0.122321 0.992464 0.000000 0.000000 0.000000 0.000000 1.000000
0.985049 0.170116 -0.027174 0.000000 -0.172170 0.977573 -0.121276 12.024300 0.005933 0.124142 0.992247 0.000000 0.000000 0.000000 0.000000 1.000000
0.984869 0.171299 -0.026274 0.000000 -0.173242 0.977146 -0.123180 12.024300 0.004573 0.125868 0.992036 0.000000 0.000000 0.000000 0.000000 1.000000
0.984665 0.172599 -0.025395 -0.000000 -0.174427 0.976699 -0.125036 12.024300 0.003222 0.127548 0.991827 -0.000000 0.000000 0.000000 0.000000 1.000000
0.984436 0.174023 -0.024541 0.000000 -0.175735 0.976226 -0.126889 12.024300 0.001876 0.129226 0.991613 0.000000 0.000000 0.000000 0.000000 1.000000
0.984180 0.175579 -0.023717 0.000000 -0.177173 0.975717 -0.128786 12.024300 0.000529 0.130950 0.991389 -0.000000 0.000000 0.000000 0.000000 1.000000
0.983894 0.177274 -0.022924 0.000000 -0.178748 0.975166 -0.130772 12.024300 -0.000827 0.132763 0.991147 0.000000 0.000000 0.000000 0.000000 1.000000
0.983578 0.179115 -0.022169 -0.000000 -0.180469 0.974561 -0.132895 12.024300 -0.002198 0.134713 0.990882 -0.000000 0.000000 0.000000 0.000000 1.000000
0.983229 0.181110 -0.021454 0.000000 -0.182341 0.973896 -0.135200 12.024300 -0.003592 0.136845 0.990586 0.000000 0.000000 0.000000 0.000000 1.000000
0.982803 0.183474 -0.020855 0.000000 -0.184586 0.973049 -0.138218 12.024300 -0.005067 0.139691 0.990182 0.000000 0.000000 0.000000 0.000000 1.000000
0.983025 0.182215 -0.021442 0.000000 -0.183422 0.973313 -0.137904 12.024300 -0.004258 0.139496 0.990213 0.000000 0.000000 0.000000 0.000000 1.000000
0.983201 0.181114 -0.022654 0.000000 -0.182500 0.973357 -0.138819 12.024300 -0.003092 0.140622 0.990059 0.000000 0.000000 0.000000 0.000000 1.000000
0.983049 0.181853 -0.023349 0.000000 -0.183327 0.973132 -0.139299 12.024300 -0.002610 0.141219 0.989975 -0.000000 0.000000 0.000000 0.000000 1.000000
0.982582 0.184214 -0.024453 0.000000 -0.185822 0.972722 -0.138861 12.024300 -0.001794 0.140986 0.990010 0.000000 0.000000 0.000000 0.000000 1.000000
0.982708 0.183530 -0.024516 0.000000 -0.185154 0.972975 -0.137977 12.024300 -0.001469 0.140130 0.990132 0.000000 0.000000 0.000000 0.000000 1.000000
0.982722 0.183457 -0.024511 0.000000 -0.185085 0.973415 -0.134932 12.024300 -0.000895 0.137137 0.990552 0.000000 0.000000 0.000000 0.000000 1.000000
0.982855 0.182709 -0.024771 0.000000 -0.184380 0.973531 -0.135064 12.024300 -0.000562 0.137316 0.990527 -0.000000 0.000000 0.000000 0.000000 1.000000
0.983038 0.181822 -0.024037 -0.000000 -0.183400 0.973721 -0.135024 12.024300 -0.001145 0.137142 0.990551 0.000000 0.000000 0.000000 0.000000 1.000000
0.983126 0.181483 -0.022952 -0.000000 -0.182919 0.973978 -0.133822 12.024300 -0.001932 0.135762 0.990740 0.000000 0.000000 0.000000 0.000000 1.000000
0.983279 0.180774 -0.021987 0.000000 -0.182088 0.974302 -0.132586 12.024300 -0.002546 0.134373 0.990928 0.000000 0.000000 0.000000 0.000000 1.000000
0.983467 0.180100 -0.018908 -0.000000 -0.181009 0.974524 -0.132434 12.024300 -0.005425 0.133666 0.991012 0.000000 0.000000 0.000000 0.000000 1.000000
0.983327 0.181219 -0.015098 0.000000 -0.181611 0.974432 -0.132284 12.024300 -0.009260 0.132820 0.991097 0.000000 0.000000 0.000000 0.000000 1.000000
0.982927 0.183624 -0.011711 0.000000 -0.183533 0.973940 -0.133253 12.024300 -0.013062 0.133127 0.991013 0.000000 0.000000 0.000000 0.000000 1.000000
0.982836 0.184213 -0.009914 0.000000 -0.183892 0.974002 -0.132305 12.024300 -0.014716 0.131857 0.991160 0.000000 0.000000 0.000000 0.000000 1.000000
0.982991 0.183321 -0.011054 0.000000 -0.183162 0.974183 -0.131978 12.024300 -0.013425 0.131758 0.991191 -0.000000 0.000000 0.000000 0.000000 1.000000
0.983018 0.183039 -0.013114 0.000000 -0.183233 0.975113 -0.124825 12.024300 -0.010060 0.125108 0.992092 0.000000 0.000000 0.000000 0.000000 1.000000
0.983203 0.181791 -0.016260 0.000000 -0.182421 0.975913 -0.119648 12.024300 -0.005883 0.120604 0.992683 0.000000 0.000000 0.000000 0.000000 1.000000
0.983379 0.180410 -0.020429 -0.000000 -0.181560 0.976511 -0.116031 12.024300 -0.000984 0.117811 0.993036 -0.000000 0.000000 0.000000 0.000000 1.000000
0.983640 0.178496 -0.024312 0.000000 -0.180110 0.977085 -0.113424 12.024300 0.003509 0.115947 0.993249 0.000000 0.000000 0.000000 0.000000 1.000000
0.984065 0.175664 -0.027540 0.000000 -0.177649 0.977900 -0.110240 12.024300 0.007566 0.113376 0.993523 -0.000000 0.000000 0.000000 0.000000 1.000000
0.984594 0.172313 -0.029728 -0.000000 -0.174553 0.978608 -0.108893 12.024300 0.010328 0.112405 0.993609 -0.000000 0.000000 0.000000 0.000000 1.000000
0.985200 0.168558 -0.031138 0.000000 -0.170957 0.979445 -0.107060 12.024300 0.012452 0.110799 0.993765 -0.000000 0.000000 0.000000 0.000000 1.000000
0.985734 0.165087 -0.032777 -0.000000 -0.167676 0.980102 -0.106228 12.024300 0.014588 0.110209 0.993801 0.000000 0.000000 0.000000 0.000000 1.000000</float_array>
        <technique_common>
          <accessor source="#mixamorig_Spine1-Matrix-animation-output-transform-array" count="38" stride="16">
            <param type="float4x4"/>
          </accessor>
        </technique_common>
      </source>
      <source id="mixamorig_Spine1-Interpolations">
        <Name_array id="mixamorig_Spine1-Interpolations-array" count="38">
 LINEAR LINEAR LINEAR LINEAR LINEAR LINEAR LINEAR LINEAR LINEAR LINEAR LINEAR
LINEAR LINEAR LINEAR LINEAR LINEAR LINEAR LINEAR LINEAR LINEAR LINEAR LINEAR LINEAR
LINEAR LINEAR LINEAR LINEAR LINEAR LINEAR LINEAR LINEAR LINEAR LINEAR LINEAR LINEAR
LINEAR LINEAR LINEAR</Name_array>
        <technique_common>
          <accessor source="#mixamorig_Spine1-Interpolations-array" count="38">
            <param type="name"/>
          </accessor>
        </technique_common>
      </source>
      <sampler id="mixamorig_Spine1-Matrix-animation-transform">
        <input semantic="INPUT" source="#mixamorig_Spine1-Matrix-animation-input"/>
        <input semantic="OUTPUT" source="#mixamorig_Spine1-Matrix-animation-output-transform"/>
        <input semantic="INTERPOLATION" source="#mixamorig_Spine1-Interpolations"/>
      </sampler>
      <channel source="#mixamorig_Spine1-Matrix-animation-transform" target="mixamorig_Spine1/matrix"/>
    </animation>
    <animation id="mixamorig_Spine2-anim" name="mixamorig_Spine2">
      <source id="mixamorig_Spine2-Matrix-animation-input">
        <float_array id="mixamorig_Spine2-Matrix-animation-input-array" count="38">

0.000000 0.033333 0.066667 0.100000 0.133333 0.166667 0.200000 0.233333 0.266667 0.300000 0.333333 0.366667 0.400000 0.433333 0.466667 0.500000
0.533333 0.566667 0.600000 0.633333 0.666667 0.700000 0.733333 0.766667 0.800000 0.833333 0.866667 0.900000 0.933333 0.966667 1.000000 1.033333
1.066667 1.100000 1.133333 1.166667 1.200000 1.233333</float_array>
        <technique_common>
          <accessor source="#mixamorig_Spine2-Matrix-animation-input-array" count="38">
            <param name="TIME" type="float"/>
          </accessor>
        </technique_common>
      </source>
      <source id="mixamorig_Spine2-Matrix-animation-output-transform">
        <float_array id="mixamorig_Spine2-Matrix-animation-output-transform-array" count="608">

0.994912 0.053177 -0.085567 -0.000000 -0.064335 0.988967 -0.133438 17.815800 0.077527 0.138264 0.987356 -0.000000 0.000000 0.000000 0.000000 1.000000
0.994953 0.053849 -0.084666 0.000000 -0.065124 0.988481 -0.136615 17.815800 0.076335 0.141439 0.987000 0.000000 0.000000 0.000000 0.000000 1.000000
0.994988 0.054602 -0.083771 0.000000 -0.065962 0.988028 -0.139460 17.815800 0.075154 0.144287 0.986678 0.000000 0.000000 0.000000 0.000000 1.000000
0.995015 0.055442 -0.082887 0.000000 -0.066860 0.987603 -0.142022 17.815800 0.073986 0.146856 0.986387 0.000000 0.000000 0.000000 0.000000 1.000000
0.995035 0.056375 -0.082020 -0.000000 -0.067830 0.987200 -0.144346 17.815800 0.072833 0.149192 0.986122 -0.000000 0.000000 0.000000 0.000000 1.000000
0.995045 0.057407 -0.081176 -0.000000 -0.068882 0.986813 -0.146479 17.815800 0.071696 0.151344 0.985878 -0.000000 0.000000 0.000000 0.000000 1.000000
0.995045 0.058544 -0.080360 0.000000 -0.070027 0.986435 -0.148468 17.815800 0.070579 0.153359 0.985647 -0.000000 0.000000 0.000000 0.000000 1.000000
0.995034 0.059791 -0.079580 -0.000000 -0.071277 0.986059 -0.150359 17.815800 0.069480 0.155284 0.985423 0.000000 0.000000 0.000000 0.000000 1.000000
0.995010 0.061156 -0.078840 -0.000000 -0.072642 0.985677 -0.152199 17.815800 0.068403 0.157166 0.985200 -0.000000 0.000000 0.000000 0.000000 1.000000
0.994972 0.062645 -0.078147 0.000000 -0.074133 0.985281 -0.154034 17.815800 0.067347 0.159052 0.984970 0.000000 0.000000 0.000000 0.000000 1.000000
0.994919 0.064263 -0.077506 -0.000000 -0.075759 0.984862 -0.155911 17.815800 0.066313 0.160990 0.984726 -0.000000 0.000000 0.000000 0.000000 1.000000
0.994849 0.066018 -0.076923 -0.000000 -0.077533 0.984410 -0.157877 17.815800 0.065301 0.163027 0.984458 0.000000 0.000000 0.000000 0.000000 1.000000
0.994761 0.067917 -0.076403 -0.000000 -0.079464 0.983917 -0.159977 17.815800 0.064309 0.165210 0.984159 -0.000000 0.000000 0.000000 0.000000 1.000000
0.994654 0.069965 -0.075953 0.000000 -0.081562 0.983372 -0.162259 17.815800 0.063337 0.167586 0.983821 0.000000 0.000000 0.000000 0.000000 1.000000
0.994502 0.072368 -0.075688 -0.000000 -0.084083 0.982660 -0.165253 17.815800 0.062417 0.170709 0.983343 0.000000 0.000000 0.000000 0.000000 1.000000
0.994561 0.071081 -0.076126 0.000000 -0.082864 0.982824 -0.164898 17.815800 0.063098 0.170310 0.983368 -0.000000 0.000000 0.000000 0.000000 1.000000
0.994571 0.069869 -0.077112 0.000000 -0.081886 0.982774 -0.165681 17.815800 0.064208 0.171096 0.983160 0.000000 0.000000 0.000000 0.000000 1.000000
0.994472 0.070562 -0.077757 -0.000000 -0.082700 0.982657 -0.165971 17.815800 0.064697 0.171484 0.983060 0.000000 0.000000 0.000000 0.000000 1.000000
0.994211 0.072852 -0.078980 0.000000 -0.085130 0.982563 -0.165296 17.815800 0.065560 0.171062 0.983077 0.000000 0.000000 0.000000 0.000000 1.000000
0.994269 0.072189 -0.078858 0.000000 -0.084387 0.982795 -0.164295 17.815800 0.065641 0.170008 0.983254 -0.000000 0.000000 0.000000 0.000000 1.000000
0.994282 0.072157 -0.078719 0.000000 -0.084119 0.983344 -0.161119 17.815800 0.065782 0.166819 0.983791 0.000000 0.000000 0.000000 0.000000 1.000000
0.994328 0.071410 -0.078825 -0.000000 -0.083401 0.983398 -0.161161 17.815800 0.066008 0.166821 0.983775 -0.000000 0.000000 0.000000 0.000000 1.000000
0.994452 0.070614 -0.077972 0.000000 -0.082466 0.983488 -0.161095 17.815800 0.065309 0.166631 0.983854 0.000000 0.000000 0.000000 0.000000 1.000000
0.994554 0.070405 -0.076843 -0.000000 -0.081992 0.983725 -0.159883 17.815800 0.064336 0.165313 0.984140 0.000000 0.000000 0.000000 0.000000 1.000000
0.994681 0.069778 -0.075774 0.000000 -0.081118 0.983989 -0.158702 17.815800 0.063486 0.164005 0.984415 -0.000000 0.000000 0.000000 0.000000 1.000000
0.994951 0.069337 -0.072557 -0.000000 -0.080145 0.984087 -0.158585 17.815800 0.060407 0.163599 0.984676 -0.000000 0.000000 0.000000 0.000000 1.000000
0.995124 0.070710 -0.068756 0.000000 -0.080867 0.984061 -0.158383 17.815800 0.056461 0.163171 0.984981 0.000000 0.000000 0.000000 0.000000 1.000000
0.995158 0.073283 -0.065497 0.000000 -0.082927 0.983739 -0.159311 17.815800 0.052757 0.163971 0.985053 0.000000 0.000000 0.000000 0.000000 1.000000
0.995217 0.073993 -0.063782 -0.000000 -0.083300 0.983855 -0.158401 17.815800 0.051032 0.162957 0.985313 0.000000 0.000000 0.000000 0.000000 1.000000
0.995214 0.073049 -0.064900 0.000000 -0.082535 0.983964 -0.158120 17.815800 0.052308 0.162720 0.985285 0.000000 0.000000 0.000000 0.000000 1.000000
0.995070 0.072907 -0.067235 -0.000000 -0.082380 0.985092 -0.151021 17.815800 0.055222 0.155816 0.986241 -0.000000 0.000000 0.000000 0.000000 1.000000
0.994943 0.071555 -0.070485 0.000000 -0.081247 0.985953 -0.145930 17.815800 0.059053 0.150919 0.986781 0.000000 0.000000 0.000000 0.000000 1.000000
0.994758 0.069882 -0.074659 0.000000 -0.079994 0.986570 -0.142408 17.815800 0.063705 0.147634 0.986988 -0.000000 0.000000 0.000000 0.000000 1.000000
0.994623 0.067612 -0.078445 0.000000 -0.078135 0.987073 -0.139932 17.815800 0.067970 0.145309 0.987049 0.000000 0.000000 0.000000 0.000000 1.000000
0.994594 0.064448 -0.081425 0.000000 -0.075212 0.987723 -0.136919 17.815800 0.071602 0.142303 0.987230 0.000000 0.000000 0.000000 0.000000 1.000000
0.994671 0.060810 -0.083256 0.000000 -0.071772 0.988142 -0.135736 17.815800 0.074014 0.140988 0.987241 0.000000 0.000000 0.000000 0.000000 1.000000
0.994818 0.056869 -0.084277 -0.000000 -0.067876 0.988642 -0.134087 17.815800 0.075695 0.139112 0.987379 0.000000 0.000000 0.000000 0.000000 1.000000
0.994912 0.053177 -0.085567 0.000000 -0.064335 0.988967 -0.133438 17.815800 0.077527 0.138264 0.987356 0.000000 0.000000 0.000000 0.000000 1.000000</float_array>
        <technique_common>
          <accessor source="#mixamorig_Spine2-Matrix-animation-output-transform-array" count="38" stride="16">
            <param type="float4x4"/>
          </accessor>
        </technique_common>
      </source>
      <source id="mixamorig_Spine2-Interpolations">
        <Name_array id="mixamorig_Spine2-Interpolations-array" count="38">
 LINEAR LINEAR LINEAR LINEAR LINEAR LINEAR LINEAR LINEAR LINEAR LINEAR LINEAR
LINEAR LINEAR LINEAR LINEAR LINEAR LINEAR LINEAR LINEAR LINEAR LINEAR LINEAR LINEAR
LINEAR LINEAR LINEAR LINEAR LINEAR LINEAR LINEAR LINEAR LINEAR LINEAR LINEAR LINEAR
LINEAR LINEAR LINEAR</Name_array>
        <technique_common>
          <accessor source="#mixamorig_Spine2-Interpolations-array" count="38">
            <param type="name"/>
          </accessor>
        </technique_common>
      </source>
      <sampler id="mixamorig_Spine2-Matrix-animation-transform">
        <input semantic="INPUT" source="#mixamorig_Spine2-Matrix-animation-input"/>
        <input semantic="OUTPUT" source="#mixamorig_Spine2-Matrix-animation-output-transform"/>
        <input semantic="INTERPOLATION" source="#mixamorig_Spine2-Interpolations"/>
      </sampler>
      <channel source="#mixamorig_Spine2-Matrix-animation-transform" target="mixamorig_Spine2/matrix"/>
    </animation>
    <animation id="mixamorig_Neck-anim" name="mixamorig_Neck">
      <source id="mixamorig_Neck-Matrix-animation-input">
        <float_array id="mixamorig_Neck-Matrix-animation-input-array" count="38">

0.000000 0.033333 0.066667 0.100000 0.133333 0.166667 0.200000 0.233333 0.266667 0.300000 0.333333 0.366667 0.400000 0.433333 0.466667 0.500000
0.533333 0.566667 0.600000 0.633333 0.666667 0.700000 0.733333 0.766667 0.800000 0.833333 0.866667 0.900000 0.933333 0.966667 1.000000 1.033333
1.066667 1.100000 1.133333 1.166667 1.200000 1.233333</float_array>
        <technique_common>
          <accessor source="#mixamorig_Neck-Matrix-animation-input-array" count="38">
            <param name="TIME" type="float"/>
          </accessor>
        </technique_common>
      </source>
      <source id="mixamorig_Neck-Matrix-animation-output-transform">
        <float_array id="mixamorig_Neck-Matrix-animation-output-transform-array" count="608">

0.983987 -0.058554 0.168345 0.000000 0.004662 0.952630 0.304096 39.117599 -0.178177 -0.298442 0.937649 11.977000 0.000000 0.000000 0.000000 1.000000
0.984039 -0.061564 0.166967 0.000000 0.007079 0.951052 0.308949 39.117599 -0.177814 -0.302836 0.936308 11.977000 0.000000 0.000000 0.000000 1.000000
0.984438 -0.062925 0.164082 0.000000 0.007604 0.948073 0.317962 39.117599 -0.175569 -0.311766 0.933797 11.977000 0.000000 0.000000 0.000000 1.000000
0.984782 -0.064856 0.161237 0.000000 0.009388 0.946257 0.323280 39.117599 -0.173538 -0.316847 0.932466 11.977000 0.000000 0.000000 0.000000 1.000000
0.984974 -0.068945 0.158343 0.000000 0.014171 0.946032 0.323764 39.117599 -0.172120 -0.316655 0.932794 11.977000 0.000000 0.000000 0.000000 1.000000
0.985358 -0.068945 0.155938 0.000000 0.014046 0.944312 0.328752 39.117599 -0.169920 -0.321748 0.931453 11.977000 0.000000 0.000000 0.000000 1.000000
0.985527 -0.074004 0.152512 -0.000000 0.019377 0.942961 0.332339 39.117599 -0.168408 -0.324574 0.930747 11.977000 0.000000 0.000000 0.000000 1.000000
0.985495 -0.080422 0.149436 0.000000 0.025932 0.941604 0.335724 39.117599 -0.167709 -0.326979 0.930031 11.977000 0.000000 0.000000 0.000000 1.000000
0.985511 -0.089768 0.143912 0.000000 0.033777 0.935340 0.352133 39.117599 -0.166217 -0.342170 0.924820 11.977000 0.000000 0.000000 0.000000 1.000000
0.985359 -0.100578 0.137663 -0.000000 0.043723 0.929524 0.366160 39.117599 -0.164789 -0.354780 0.920313 11.977000 0.000000 0.000000 0.000000 1.000000
0.985251 -0.104813 0.135260 0.000000 0.048102 0.928225 0.368897 39.117599 -0.164216 -0.356949 0.919576 11.977000 0.000000 0.000000 0.000000 1.000000
0.985082 -0.101849 0.138713 0.000000 0.040622 0.920897 0.387684 39.117599 -0.167225 -0.376265 0.911296 11.977000 0.000000 0.000000 0.000000 1.000000
0.984398 -0.102277 0.143181 0.000000 0.039892 0.922255 0.384518 39.117599 -0.171376 -0.372807 0.911946 11.977000 0.000000 0.000000 0.000000 1.000000
0.983621 -0.105474 0.146170 0.000000 0.042713 0.924215 0.379477 39.117599 -0.175117 -0.367019 0.913582 11.977000 0.000000 0.000000 0.000000 1.000000
0.983531 -0.103587 0.148113 0.000000 0.040345 0.924618 0.378752 39.117599 -0.176181 -0.366539 0.913569 11.977000 0.000000 0.000000 0.000000 1.000000
0.983331 -0.102346 0.150283 -0.000000 0.039728 0.927501 0.371703 39.117599 -0.177430 -0.359537 0.916107 11.977000 0.000000 0.000000 0.000000 1.000000
0.983486 -0.096520 0.153101 -0.000000 0.032919 0.927214 0.373084 39.117599 -0.177967 -0.361882 0.915079 11.977000 0.000000 0.000000 0.000000 1.000000
0.983519 -0.092248 0.155502 -0.000000 0.027747 0.926871 0.374353 39.117599 -0.178664 -0.363869 0.914155 11.977000 0.000000 0.000000 0.000000 1.000000
0.983407 -0.093700 0.155340 -0.000000 0.029061 0.926593 0.374940 39.117599 -0.179069 -0.364205 0.913942 11.977000 0.000000 0.000000 0.000000 1.000000
0.983573 -0.093197 0.154592 -0.000000 0.030188 0.929274 0.368155 39.117599 -0.177969 -0.357440 0.916823 11.977000 0.000000 0.000000 0.000000 1.000000
0.983575 -0.095250 0.153325 0.000000 0.036039 0.935960 0.350256 39.117599 -0.176868 -0.338977 0.924020 11.977000 0.000000 0.000000 0.000000 1.000000
0.984008 -0.090328 0.153523 -0.000000 0.031667 0.936866 0.348252 39.117599 -0.175287 -0.337822 0.924744 11.977000 0.000000 0.000000 0.000000 1.000000
0.984202 -0.089751 0.152615 -0.000000 0.031457 0.936920 0.348126 39.117599 -0.174232 -0.337826 0.924942 11.977000 0.000000 0.000000 0.000000 1.000000
0.984250 -0.089871 0.152234 0.000000 0.033410 0.940183 0.339027 39.117599 -0.173597 -0.328601 0.928378 11.977000 0.000000 0.000000 0.000000 1.000000
0.984056 -0.086611 0.155347 0.000000 0.032061 0.945496 0.324052 39.117599 -0.174947 -0.313904 0.933198 11.977000 0.000000 0.000000 0.000000 1.000000
0.984135 -0.082799 0.156919 -0.000000 0.029332 0.948187 0.316357 39.117599 -0.174982 -0.306735 0.935572 11.977000 0.000000 0.000000 0.000000 1.000000
0.983944 -0.084163 0.157387 0.000000 0.030905 0.948856 0.314193 39.117599 -0.175781 -0.304284 0.936222 11.977000 0.000000 0.000000 0.000000 1.000000
0.983712 -0.079950 0.160991 0.000000 0.026191 0.949833 0.311659 39.117599 -0.177832 -0.302367 0.936456 11.977000 0.000000 0.000000 0.000000 1.000000
0.983666 -0.073982 0.164098 0.000000 0.019815 0.950599 0.309788 39.117599 -0.178910 -0.301477 0.936538 11.977000 0.000000 0.000000 0.000000 1.000000
0.983708 -0.069396 0.165842 -0.000000 0.013211 0.947903 0.318285 39.117599 -0.179290 -0.310908 0.933376 11.977000 0.000000 0.000000 0.000000 1.000000
0.984032 -0.067065 0.164874 -0.000000 0.010590 0.946720 0.321885 39.117599 -0.177677 -0.314999 0.932313 11.977000 0.000000 0.000000 0.000000 1.000000
0.984112 -0.061760 0.166463 0.000000 0.005481 0.947673 0.319197 39.117599 -0.177465 -0.313213 0.932954 11.977000 0.000000 0.000000 0.000000 1.000000
0.984029 -0.059704 0.167699 0.000000 0.003007 0.947518 0.319689 39.117599 -0.177985 -0.314079 0.932564 11.977000 0.000000 0.000000 0.000000 1.000000
0.984021 -0.061502 0.167096 0.000000 0.004616 0.946947 0.321357 39.117599 -0.177995 -0.315450 0.932099 11.977000 0.000000 0.000000 0.000000 1.000000
0.984068 -0.059166 0.167661 0.000000 0.002785 0.948018 0.318204 39.117599 -0.177772 -0.312667 0.933079 11.977000 0.000000 0.000000 0.000000 1.000000
0.984064 -0.058007 0.168085 -0.000000 0.002413 0.949562 0.313569 39.117599 -0.177796 -0.308166 0.934570 11.977000 0.000000 0.000000 0.000000 1.000000
0.984006 -0.056387 0.168973 0.000000 0.001797 0.951671 0.307114 39.117599 -0.178124 -0.301899 0.936552 11.977000 0.000000 0.000000 0.000000 1.000000
0.983987 -0.058554 0.168345 0.000000 0.004662 0.952630 0.304096 39.117599 -0.178177 -0.298442 0.937649 11.977000 0.000000 0.000000 0.000000 1.000000</float_array>
        <technique_common>
          <accessor source="#mixamorig_Neck-Matrix-animation-output-transform-array" count="38" stride="16">
            <param type="float4x4"/>
          </accessor>
        </technique_common>
      </source>
      <source id="mixamorig_Neck-Interpolations">
        <Name_array id="mixamorig_Neck-Interpolations-array" count="38">
 LINEAR LINEAR LINEAR LINEAR LINEAR LINEAR LINEAR LINEAR LINEAR LINEAR LINEAR
LINEAR LINEAR LINEAR LINEAR LINEAR LINEAR LINEAR LINEAR LINEAR LINEAR LINEAR LINEAR
LINEAR LINEAR LINEAR LINEAR LINEAR LINEAR LINEAR LINEAR LINEAR LINEAR LINEAR LINEAR
LINEAR LINEAR LINEAR</Name_array>
        <technique_common>
          <accessor source="#mixamorig_Neck-Interpolations-array" count="38">
            <param type="name"/>
          </accessor>
        </technique_common>
      </source>
      <sampler id="mixamorig_Neck-Matrix-animation-transform">
        <input semantic="INPUT" source="#mixamorig_Neck-Matrix-animation-input"/>
