<?xml version="1.0" encoding="utf-8"?>
<COLLADA xmlns="http://www.collada.org/2005/11/COLLADASchema" version="1.4.1">
  <asset>
    <contributor>
      <author>Mixamo</author>
      <authoring_tool>COLLADA Mixamo exporter</authoring_tool>
      <comments/>
    </contributor>
    <created>2024-12-02T01:58:53Z</created>
    <modified>2024-12-02T01:58:53Z</modified>
    <revision/>
    <title/>
    <unit meter="0.010000"/>
    <up_axis>Y_UP</up_axis>
  </asset>
  <library_animations>
    <animation id="mixamorig_Hips-anim" name="mixamorig_Hips">
      <source id="mixamorig_Hips-Matrix-animation-input">
        <float_array id="mixamorig_Hips-Matrix-animation-input-array" count="39">

0.000000 0.033333 0.066667 0.100000 0.133333 0.166667 0.200000 0.233333 0.266667 0.300000 0.333333 0.366667 0.400000 0.433333 0.466667 0.500000
0.533333 0.566667 0.600000 0.633333 0.666667 0.700000 0.733333 0.766667 0.800000 0.833333 0.866667 0.900000 0.933333 0.966667 1.000000 1.033333
1.066667 1.100000 1.133333 1.166667 1.200000 1.233333 1.266667</float_array>
        <technique_common>
          <accessor source="#mixamorig_Hips-Matrix-animation-input-array" count="39">
            <param name="TIME" type="float"/>
          </accessor>
        </technique_common>
      </source>
      <source id="mixamorig_Hips-Matrix-animation-output-transform">
        <float_array id="mixamorig_Hips-Matrix-animation-output-transform-array" count="624">

0.822634 -0.181833 -0.538711 -1.212648 -0.047816 0.922001 -0.384224 66.958939 0.566557 0.341835 0.749775 9.984026 0.000000 0.000000 0.000000 1.000000
0.825809 -0.182199 -0.533707 -5.838023 -0.042777 0.923409 -0.381426 67.577744 0.562325 0.337815 0.754766 9.956753 0.000000 0.000000 0.000000 1.000000
0.827663 -0.186337 -0.529389 -10.111486 -0.036638 0.923322 -0.382276 67.961975 0.560028 0.335791 0.757372 10.035709 0.000000 0.000000 0.000000 1.000000
0.824670 -0.189425 -0.532951 -14.209079 -0.040432 0.920100 -0.389590 67.462753 0.564167 0.342832 0.751121 10.862923 0.000000 0.000000 0.000000 1.000000
0.816652 -0.197064 -0.542445 -18.127352 -0.047063 0.914029 -0.402910 66.670456 0.575209 0.354566 0.737169 11.827978 0.000000 0.000000 0.000000 1.000000
0.804963 -0.209737 -0.555018 -21.494318 -0.048189 0.909236 -0.413483 66.263496 0.591365 0.359585 0.721794 12.437097 0.000000 0.000000 0.000000 1.000000
0.788089 -0.229767 -0.571072 -24.390606 -0.041445 0.905814 -0.421643 66.255974 0.614164 0.355960 0.704340 12.549189 0.000000 0.000000 0.000000 1.000000
0.764958 -0.254900 -0.591494 -27.300648 -0.030957 0.902743 -0.429065 66.407349 0.643336 0.346528 0.682669 12.452000 0.000000 0.000000 0.000000 1.000000
0.737412 -0.282667 -0.613452 -30.640694 -0.021295 0.898041 -0.439397 66.496735 0.675108 0.337080 0.656206 12.517780 0.000000 0.000000 0.000000 1.000000
0.711428 -0.309947 -0.630716 -34.688080 -0.014553 0.890796 -0.454170 66.378853 0.702608 0.332288 0.629227 12.825434 0.000000 0.000000 0.000000 1.000000
0.691543 -0.334080 -0.640436 -39.372639 -0.009887 0.882158 -0.470849 66.092682 0.722268 0.331945 0.606747 13.309790 0.000000 0.000000 0.000000 1.000000
0.681027 -0.351677 -0.642282 -44.501877 -0.005484 0.874650 -0.484724 65.803726 0.732238 0.333633 0.593731 14.027609 0.000000 0.000000 0.000000 1.000000
0.683398 -0.355174 -0.637824 -49.817131 -0.002487 0.872538 -0.488540 65.863274 0.730042 0.335454 0.595407 14.887575 0.000000 0.000000 0.000000 1.000000
0.691178 -0.348046 -0.633354 -54.834824 -0.004251 0.874417 -0.485156 66.211700 0.722672 0.338022 0.602898 15.699284 0.000000 0.000000 0.000000 1.000000
0.699853 -0.340282 -0.628024 -58.701260 -0.003308 0.877678 -0.479239 65.543457 0.714279 0.337474 0.613120 16.089479 0.000000 0.000000 0.000000 1.000000
0.708969 -0.338582 -0.618648 -61.451084 0.008930 0.881456 -0.472181 63.412373 0.705183 0.329238 0.627949 15.627291 0.000000 0.000000 0.000000 1.000000
0.722293 -0.329428 -0.608087 -65.542892 0.014315 0.886196 -0.463089 63.186863 0.691439 0.325782 0.644809 15.466963 0.000000 0.000000 0.000000 1.000000
0.736197 -0.318046 -0.597378 -70.463120 0.013458 0.889399 -0.456933 63.799728 0.676633 0.328353 0.659054 15.596899 0.000000 0.000000 0.000000 1.000000
0.748848 -0.303566 -0.589130 -75.692368 0.006251 0.892124 -0.451747 64.834732 0.662712 0.334607 0.669963 15.852016 0.000000 0.000000 0.000000 1.000000
0.759137 -0.285444 -0.585007 -80.999435 -0.007572 0.894790 -0.446423 65.858345 0.650887 0.343326 0.677107 16.186193 0.000000 0.000000 0.000000 1.000000
0.766538 -0.266512 -0.584287 -86.081261 -0.024492 0.897028 -0.441295 66.616653 0.641732 0.352580 0.681079 16.436378 0.000000 0.000000 0.000000 1.000000
0.773778 -0.248787 -0.582557 -90.820877 -0.042576 0.897143 -0.439684 67.220604 0.632024 0.365021 0.683597 16.632835 0.000000 0.000000 0.000000 1.000000
0.781986 -0.231868 -0.578564 -95.045853 -0.060820 0.895417 -0.441055 67.770813 0.620322 0.380087 0.686101 16.731497 0.000000 0.000000 0.000000 1.000000
0.791353 -0.216888 -0.571595 -98.679199 -0.077444 0.891861 -0.445629 68.315895 0.606435 0.396917 0.688980 16.765118 0.000000 0.000000 0.000000 1.000000
0.801004 -0.206528 -0.561907 -102.149490 -0.090258 0.886217 -0.454392 68.720177 0.591816 0.414686 0.691223 16.674368 0.000000 0.000000 0.000000 1.000000
0.810089 -0.198989 -0.551506 -105.505936 -0.100378 0.879685 -0.464842 68.834366 0.577650 0.431922 0.692649 16.458197 0.000000 0.000000 0.000000 1.000000
0.820381 -0.193545 -0.538067 -109.135246 -0.105337 0.873721 -0.474886 68.406143 0.562032 0.446265 0.696396 16.032446 0.000000 0.000000 0.000000 1.000000
0.833453 -0.190551 -0.518697 -113.191917 -0.102503 0.869062 -0.483968 67.454391 0.543001 0.456532 0.704790 15.399469 0.000000 0.000000 0.000000 1.000000
0.849408 -0.188240 -0.493023 -117.815186 -0.090520 0.868408 -0.487517 65.971222 0.519916 0.458729 0.720593 14.595955 0.000000 0.000000 0.000000 1.000000
0.861463 -0.184608 -0.473077 -122.310883 -0.080523 0.870139 -0.486183 64.601761 0.501396 0.456922 0.734727 13.785410 0.000000 0.000000 0.000000 1.000000
0.868892 -0.171424 -0.464371 -126.561142 -0.082715 0.874648 -0.477649 63.724815 0.488042 0.453436 0.745796 12.895964 0.000000 0.000000 0.000000 1.000000
0.871197 -0.157847 -0.464866 -131.039062 -0.086920 0.882348 -0.462502 63.712540 0.483178 0.443336 0.754978 11.987553 0.000000 0.000000 0.000000 1.000000
0.868567 -0.155599 -0.470510 -135.256729 -0.080818 0.892246 -0.444259 64.200882 0.488937 0.423894 0.762400 11.351692 0.000000 0.000000 0.000000 1.000000
0.860722 -0.162494 -0.482446 -138.816940 -0.072577 0.898841 -0.432224 64.627533 0.503876 0.407038 0.761859 11.301834 0.000000 0.000000 0.000000 1.000000
0.849313 -0.168860 -0.500153 -142.002991 -0.069445 0.903485 -0.422956 64.937988 0.523301 0.393955 0.755616 11.474041 0.000000 0.000000 0.000000 1.000000
0.837194 -0.174040 -0.518474 -145.336670 -0.064932 0.909678 -0.410207 65.454445 0.543037 0.377089 0.750276 11.381351 0.000000 0.000000 0.000000 1.000000
0.827700 -0.180326 -0.531408 -149.170731 -0.056253 0.915533 -0.398290 66.105774 0.558344 0.359558 0.747643 10.830015 0.000000 0.000000 0.000000 1.000000
0.823479 -0.182860 -0.537071 -153.341125 -0.049957 0.919588 -0.389696 66.652573 0.565143 0.347736 0.748126 10.251605 0.000000 0.000000 0.000000 1.000000
0.822634 -0.181833 -0.538711 -157.653458 -0.047817 0.922001 -0.384224 66.958893 0.566557 0.341835 0.749775 9.984024 0.000000 0.000000 0.000000 1.000000</float_array>
        <technique_common>
          <accessor source="#mixamorig_Hips-Matrix-animation-output-transform-array" count="39" stride="16">
            <param type="float4x4"/>
          </accessor>
        </technique_common>
      </source>
      <source id="mixamorig_Hips-Interpolations">
        <Name_array id="mixamorig_Hips-Interpolations-array" count="39">
 LINEAR LINEAR LINEAR LINEAR LINEAR LINEAR LINEAR LINEAR LINEAR LINEAR LINEAR
LINEAR LINEAR LINEAR LINEAR LINEAR LINEAR LINEAR LINEAR LINEAR LINEAR LINEAR LINEAR
LINEAR LINEAR LINEAR LINEAR LINEAR LINEAR LINEAR LINEAR LINEAR LINEAR LINEAR LINEAR
LINEAR LINEAR LINEAR LINEAR</Name_array>
        <technique_common>
          <accessor source="#mixamorig_Hips-Interpolations-array" count="39">
            <param type="name"/>
          </accessor>
        </technique_common>
      </source>
      <sampler id="mixamorig_Hips-Matrix-animation-transform">
        <input semantic="INPUT" source="#mixamorig_Hips-Matrix-animation-input"/>
        <input semantic="OUTPUT" source="#mixamorig_Hips-Matrix-animation-output-transform"/>
        <input semantic="INTERPOLATION" source="#mixamorig_Hips-Interpolations"/>
      </sampler>
      <channel source="#mixamorig_Hips-Matrix-animation-transform" target="mixamorig_Hips/matrix"/>
    </animation>
    <animation id="mixamorig_Spine-anim" name="mixamorig_Spine">
      <source id="mixamorig_Spine-Matrix-animation-input">
        <float_array id="mixamorig_Spine-Matrix-animation-input-array" count="39">

0.000000 0.033333 0.066667 0.100000 0.133333 0.166667 0.200000 0.233333 0.266667 0.300000 0.333333 0.366667 0.400000 0.433333 0.466667 0.500000
0.533333 0.566667 0.600000 0.633333 0.666667 0.700000 0.733333 0.766667 0.800000 0.833333 0.866667 0.900000 0.933333 0.966667 1.000000 1.033333
1.066667 1.100000 1.133333 1.166667 1.200000 1.233333 1.266667</float_array>
        <technique_common>
          <accessor source="#mixamorig_Spine-Matrix-animation-input-array" count="39">
            <param name="TIME" type="float"/>
          </accessor>
        </technique_common>
      </source>
      <source id="mixamorig_Spine-Matrix-animation-output-transform">
        <float_array id="mixamorig_Spine-Matrix-animation-output-transform-array" count="624">

0.995348 0.096298 0.002839 0.000000 -0.079922 0.841815 -0.533817 13.784800 -0.053796 0.531107 0.845595 0.064400 0.000000 0.000000 0.000000 1.000000
0.996890 0.078726 0.003594 -0.000000 -0.064652 0.843054 -0.533929 13.784800 -0.045064 0.532036 0.845522 0.064400 0.000000 0.000000 0.000000 1.000000
0.998017 0.062765 0.004750 0.000000 -0.050873 0.848762 -0.526323 13.784800 -0.037066 0.525037 0.850272 0.064400 0.000000 0.000000 0.000000 1.000000
0.998803 0.045410 0.018182 0.000000 -0.030041 0.862803 -0.504646 13.784800 -0.038603 0.503496 0.863135 0.064400 0.000000 0.000000 0.000000 1.000000
0.998907 0.030009 0.035841 0.000000 -0.009792 0.884054 -0.467282 13.784800 -0.045708 0.466420 0.883382 0.064400 0.000000 0.000000 0.000000 1.000000
0.998537 0.025614 0.047626 0.000000 -0.002593 0.902369 -0.430956 13.784800 -0.054015 0.430202 0.901115 0.064400 0.000000 0.000000 0.000000 1.000000
0.997865 0.040161 0.051506 -0.000000 -0.016220 0.916281 -0.400208 13.784800 -0.063267 0.398518 0.914976 0.064400 0.000000 0.000000 0.000000 1.000000
0.996364 0.067559 0.051912 0.000000 -0.043216 0.925838 -0.375441 13.784800 -0.073427 0.371833 0.925391 0.064400 0.000000 0.000000 0.000000 1.000000
0.993730 0.097987 0.053846 -0.000000 -0.072887 0.932935 -0.352589 13.784800 -0.084784 0.346454 0.934228 0.064400 0.000000 0.000000 0.000000 1.000000
0.990363 0.125404 0.058770 0.000000 -0.099331 0.938898 -0.329552 13.784800 -0.096506 0.320539 0.942306 0.064400 0.000000 0.000000 0.000000 1.000000
0.986685 0.149178 0.064805 0.000000 -0.122317 0.943203 -0.308878 13.784800 -0.107202 0.296839 0.948891 0.064400 0.000000 0.000000 0.000000 1.000000
0.982839 0.171355 0.068299 -0.000000 -0.143775 0.943565 -0.298352 13.784800 -0.115568 0.283412 0.952009 0.064400 0.000000 0.000000 0.000000 1.000000
0.980301 0.186164 0.065975 0.000000 -0.157399 0.938133 -0.308434 13.784800 -0.119312 0.291974 0.948955 0.064400 0.000000 0.000000 0.000000 1.000000
0.980145 0.188507 0.061482 0.000000 -0.158927 0.932305 -0.324885 13.784800 -0.118563 0.308663 0.943753 0.064400 0.000000 0.000000 0.000000 1.000000
0.980759 0.187712 0.053620 -0.000000 -0.158863 0.927045 -0.339631 13.784800 -0.113461 0.324578 0.939029 0.064400 0.000000 0.000000 0.000000 1.000000
0.980109 0.194802 0.037940 0.000000 -0.168835 0.918901 -0.356534 13.784800 -0.104317 0.343036 0.933512 0.064400 0.000000 0.000000 0.000000 1.000000
0.980506 0.195160 0.022835 0.000000 -0.172194 0.909415 -0.378569 13.784800 -0.094648 0.367257 0.925291 0.064400 0.000000 0.000000 0.000000 1.000000
0.981439 0.191422 0.011640 0.000000 -0.171516 0.903288 -0.393260 13.784800 -0.085793 0.383965 0.919353 0.064400 0.000000 0.000000 0.000000 1.000000
0.982734 0.184978 0.004152 0.000000 -0.167195 0.897421 -0.408266 13.784800 -0.079246 0.400522 0.912854 0.064400 0.000000 0.000000 0.000000 1.000000
0.984536 0.175179 0.000943 -0.000000 -0.158150 0.891121 -0.425313 13.784800 -0.075347 0.418587 0.905046 0.064400 0.000000 0.000000 0.000000 1.000000
0.986239 0.165323 0.000367 0.000000 -0.148103 0.884496 -0.442416 13.784800 -0.073466 0.436273 0.896810 0.064400 0.000000 0.000000 0.000000 1.000000
0.988008 0.154379 0.002599 0.000000 -0.136304 0.879994 -0.455007 13.784800 -0.072531 0.449197 0.890484 0.064400 0.000000 0.000000 0.000000 1.000000
0.989899 0.141616 0.006723 -0.000000 -0.122236 0.876534 -0.465560 13.784800 -0.071824 0.460036 0.884991 0.064400 0.000000 0.000000 0.000000 1.000000
0.991691 0.128129 0.011526 0.000000 -0.107467 0.874344 -0.473259 13.784800 -0.070716 0.468088 0.880848 0.064400 0.000000 0.000000 0.000000 1.000000
0.992911 0.117692 0.016627 0.000000 -0.095846 0.875517 -0.473585 13.784800 -0.070294 0.468634 0.880591 0.064400 0.000000 0.000000 0.000000 1.000000
0.993554 0.111122 0.022415 0.000000 -0.087904 0.880083 -0.466612 13.784800 -0.071579 0.461634 0.884178 0.064400 0.000000 0.000000 0.000000 1.000000
0.993635 0.109615 0.025947 0.000000 -0.086225 0.888359 -0.450982 13.784800 -0.072484 0.445874 0.892156 0.064400 0.000000 0.000000 0.000000 1.000000
0.993233 0.113271 0.025644 0.000000 -0.091190 0.897364 -0.431767 13.784800 -0.071918 0.426507 0.901621 0.064400 0.000000 0.000000 0.000000 1.000000
0.992966 0.116674 0.020130 -0.000000 -0.097568 0.902672 -0.419123 13.784800 -0.067072 0.414211 0.907706 0.064400 0.000000 0.000000 0.000000 1.000000
0.993643 0.111371 0.016420 -0.000000 -0.095078 0.908330 -0.407304 13.784800 -0.060277 0.403154 0.913145 0.064400 0.000000 0.000000 0.000000 1.000000
0.995713 0.090963 0.016795 0.000000 -0.076609 0.912697 -0.401392 13.784800 -0.051840 0.398384 0.915752 0.064400 0.000000 0.000000 0.000000 1.000000
0.997035 0.075044 0.016994 0.000000 -0.061808 0.912672 -0.403993 13.784800 -0.045827 0.401745 0.914604 0.064400 0.000000 0.000000 0.000000 1.000000
0.997146 0.074370 0.013000 0.000000 -0.062059 0.905464 -0.419862 13.784800 -0.042996 0.417857 0.907495 0.064400 0.000000 0.000000 0.000000 1.000000
0.997084 0.075358 0.012008 -0.000000 -0.062535 0.897110 -0.437358 13.784800 -0.043731 0.435332 0.899207 0.064400 0.000000 0.000000 0.000000 1.000000
0.996927 0.077178 0.013420 0.000000 -0.062575 0.887635 -0.456276 13.784800 -0.047127 0.454034 0.889737 0.064400 0.000000 0.000000 0.000000 1.000000
0.996720 0.080133 0.011313 0.000000 -0.064619 0.872209 -0.484846 13.784800 -0.048720 0.482525 0.874526 0.064400 0.000000 0.000000 0.000000 1.000000
0.996394 0.084621 0.006241 0.000000 -0.069617 0.857336 -0.510028 13.784800 -0.048510 0.507754 0.860135 0.064400 0.000000 0.000000 0.000000 1.000000
0.995913 0.090272 0.002780 -0.000000 -0.075349 0.847456 -0.525492 13.784800 -0.049793 0.523135 0.850794 0.064400 0.000000 0.000000 0.000000 1.000000
0.995348 0.096306 0.002893 0.000000 -0.079899 0.841815 -0.533819 13.784800 -0.053845 0.531105 0.845594 0.064400 0.000000 0.000000 0.000000 1.000000</float_array>
        <technique_common>
          <accessor source="#mixamorig_Spine-Matrix-animation-output-transform-array" count="39" stride="16">
            <param type="float4x4"/>
          </accessor>
        </technique_common>
      </source>
      <source id="mixamorig_Spine-Interpolations">
        <Name_array id="mixamorig_Spine-Interpolations-array" count="39">
 LINEAR LINEAR LINEAR LINEAR LINEAR LINEAR LINEAR LINEAR LINEAR LINEAR LINEAR
LINEAR LINEAR LINEAR LINEAR LINEAR LINEAR LINEAR LINEAR LINEAR LINEAR LINEAR LINEAR
LINEAR LINEAR LINEAR LINEAR LINEAR LINEAR LINEAR LINEAR LINEAR LINEAR LINEAR LINEAR
LINEAR LINEAR LINEAR LINEAR</Name_array>
        <technique_common>
          <accessor source="#mixamorig_Spine-Interpolations-array" count="39">
            <param type="name"/>
          </accessor>
        </technique_common>
      </source>
      <sampler id="mixamorig_Spine-Matrix-animation-transform">
        <input semantic="INPUT" source="#mixamorig_Spine-Matrix-animation-input"/>
        <input semantic="OUTPUT" source="#mixamorig_Spine-Matrix-animation-output-transform"/>
        <input semantic="INTERPOLATION" source="#mixamorig_Spine-Interpolations"/>
      </sampler>
      <channel source="#mixamorig_Spine-Matrix-animation-transform" target="mixamorig_Spine/matrix"/>
    </animation>
    <animation id="mixamorig_Spine1-anim" name="mixamorig_Spine1">
      <source id="mixamorig_Spine1-Matrix-animation-input">
        <float_array id="mixamorig_Spine1-Matrix-animation-input-array" count="39">

0.000000 0.033333 0.066667 0.100000 0.133333 0.166667 0.200000 0.233333 0.266667 0.300000 0.333333 0.366667 0.400000 0.433333 0.466667 0.500000
0.533333 0.566667 0.600000 0.633333 0.666667 0.700000 0.733333 0.766667 0.800000 0.833333 0.866667 0.900000 0.933333 0.966667 1.000000 1.033333
1.066667 1.100000 1.133333 1.166667 1.200000 1.233333 1.266667</float_array>
        <technique_common>
          <accessor source="#mixamorig_Spine1-Matrix-animation-input-array" count="39">
            <param name="TIME" type="float"/>
          </accessor>
        </technique_common>
      </source>
      <source id="mixamorig_Spine1-Matrix-animation-output-transform">
        <float_array id="mixamorig_Spine1-Matrix-animation-output-transform-array" count="624">

0.995656 -0.026121 -0.089373 0.000000 0.029961 0.998673 0.041899 12.024300 0.088160 -0.044395 0.995117 -0.000000 0.000000 0.000000 0.000000 1.000000
0.995687 -0.018283 -0.090956 0.000000 0.022117 0.998901 0.041328 12.024300 0.090101 -0.043162 0.994997 0.000000 0.000000 0.000000 0.000000 1.000000
0.995775 -0.009396 -0.091340 -0.000000 0.012901 0.999200 0.037856 12.024300 0.090911 -0.038875 0.995100 0.000000 0.000000 0.000000 0.000000 1.000000
0.995989 0.001069 -0.089465 0.000000 0.001581 0.999562 0.029537 12.024300 0.089458 -0.029560 0.995552 0.000000 0.000000 0.000000 0.000000 1.000000
0.996348 0.012382 -0.084487 -0.000000 -0.011088 0.999814 0.015770 12.024300 0.084667 -0.014776 0.996300 0.000000 0.000000 0.000000 0.000000 1.000000
0.996760 0.021534 -0.077496 -0.000000 -0.021477 0.999768 0.001572 12.024300 0.077512 0.000097 0.996991 0.000000 0.000000 0.000000 0.000000 1.000000
0.997334 0.027108 -0.067751 -0.000000 -0.027883 0.999556 -0.010530 12.024300 0.067436 0.012391 0.997647 0.000000 0.000000 0.000000 0.000000 1.000000
0.997982 0.030194 -0.055862 -0.000000 -0.031303 0.999328 -0.019083 12.024300 0.055248 0.020793 0.998256 -0.000000 0.000000 0.000000 0.000000 1.000000
0.998507 0.032362 -0.044001 0.000000 -0.033428 0.999160 -0.023715 12.024300 0.043196 0.025150 0.998750 -0.000000 0.000000 0.000000 0.000000 1.000000
0.998828 0.033675 -0.034751 0.000000 -0.034524 0.999113 -0.024121 12.024300 0.033908 0.025292 0.999105 -0.000000 0.000000 0.000000 0.000000 1.000000
0.999033 0.033130 -0.028911 -0.000000 -0.033727 0.999222 -0.020420 12.024300 0.028212 0.021375 0.999373 0.000000 0.000000 0.000000 0.000000 1.000000
0.999239 0.028598 -0.026514 -0.000000 -0.028943 0.999500 -0.012741 12.024300 0.026136 0.013498 0.999567 -0.000000 0.000000 0.000000 0.000000 1.000000
0.999344 0.022630 -0.028292 -0.000000 -0.022735 0.999736 -0.003399 12.024300 0.028208 0.004040 0.999594 0.000000 0.000000 0.000000 0.000000 1.000000
0.999299 0.019921 -0.031712 0.000000 -0.019842 0.999799 0.002801 12.024300 0.031761 -0.002169 0.999493 -0.000000 0.000000 0.000000 0.000000 1.000000
0.999198 0.018517 -0.035491 0.000000 -0.018354 0.999819 0.004925 12.024300 0.035576 -0.004269 0.999358 -0.000000 0.000000 0.000000 0.000000 1.000000
0.999139 0.014176 -0.038990 -0.000000 -0.013932 0.999882 0.006535 12.024300 0.039078 -0.005986 0.999218 -0.000000 0.000000 0.000000 0.000000 1.000000
0.999123 0.006393 -0.041381 -0.000000 -0.006004 0.999937 0.009506 12.024300 0.041439 -0.009249 0.999098 0.000000 0.000000 0.000000 0.000000 1.000000
0.999087 -0.001802 -0.042693 0.000000 0.002166 0.999962 0.008500 12.024300 0.042676 -0.008585 0.999052 -0.000000 0.000000 0.000000 0.000000 1.000000
0.999040 -0.010802 -0.042466 -0.000000 0.011110 0.999914 0.007026 12.024300 0.042387 -0.007491 0.999073 -0.000000 0.000000 0.000000 0.000000 1.000000
0.998964 -0.018746 -0.041475 0.000000 0.019047 0.999795 0.006871 12.024300 0.041337 -0.007653 0.999116 0.000000 0.000000 0.000000 0.000000 1.000000
0.998848 -0.026228 -0.040186 0.000000 0.026557 0.999618 0.007660 12.024300 0.039970 -0.008718 0.999163 0.000000 0.000000 0.000000 0.000000 1.000000
0.998739 -0.032262 -0.038465 0.000000 0.032622 0.999429 0.008773 12.024300 0.038160 -0.010017 0.999221 0.000000 0.000000 0.000000 0.000000 1.000000
0.998615 -0.036835 -0.037558 0.000000 0.037280 0.999242 0.011222 12.024300 0.037116 -0.012606 0.999231 0.000000 0.000000 0.000000 0.000000 1.000000
0.998427 -0.040408 -0.038864 0.000000 0.040982 0.999061 0.014090 12.024300 0.038258 -0.015661 0.999145 0.000000 0.000000 0.000000 0.000000 1.000000
0.998204 -0.043446 -0.041256 0.000000 0.044142 0.998896 0.016102 12.024300 0.040511 -0.017894 0.999019 -0.000000 0.000000 0.000000 0.000000 1.000000
0.997942 -0.046434 -0.044226 0.000000 0.047210 0.998746 0.016664 12.024300 0.043397 -0.018718 0.998883 0.000000 0.000000 0.000000 0.000000 1.000000
0.997631 -0.049646 -0.047612 0.000000 0.050355 0.998636 0.013808 12.024300 0.046861 -0.016173 0.998770 0.000000 0.000000 0.000000 0.000000 1.000000
0.997268 -0.053171 -0.051279 0.000000 0.053723 0.998511 0.009456 12.024300 0.050700 -0.012185 0.998640 -0.000000 0.000000 0.000000 0.000000 1.000000
0.996947 -0.055015 -0.055409 -0.000000 0.055476 0.998437 0.006819 12.024300 0.054947 -0.009872 0.998440 -0.000000 0.000000 0.000000 0.000000 1.000000
0.996749 -0.053660 -0.060108 -0.000000 0.053903 0.998543 0.002434 12.024300 0.059890 -0.005666 0.998189 0.000000 0.000000 0.000000 0.000000 1.000000
0.996576 -0.051162 -0.064954 0.000000 0.050962 0.998689 -0.004729 12.024300 0.065110 0.001402 0.997877 -0.000000 0.000000 0.000000 0.000000 1.000000
0.996416 -0.047821 -0.069780 0.000000 0.047207 0.998831 -0.010428 12.024300 0.070197 0.007097 0.997508 0.000000 0.000000 0.000000 0.000000 1.000000
0.996258 -0.043939 -0.074423 0.000000 0.043549 0.999028 -0.006850 12.024300 0.074652 0.003583 0.997203 -0.000000 0.000000 0.000000 0.000000 1.000000
0.996101 -0.039814 -0.078719 0.000000 0.040148 0.999190 0.002663 12.024300 0.078549 -0.005813 0.996893 0.000000 0.000000 0.000000 0.000000 1.000000
0.995949 -0.035749 -0.082503 0.000000 0.036925 0.999236 0.012776 12.024300 0.081983 -0.015771 0.996509 0.000000 0.000000 0.000000 0.000000 1.000000
0.995813 -0.032045 -0.085612 -0.000000 0.034210 0.999128 0.023940 12.024300 0.084770 -0.026769 0.996041 -0.000000 0.000000 0.000000 0.000000 1.000000
0.995709 -0.029007 -0.087879 0.000000 0.032057 0.998924 0.033504 12.024300 0.086813 -0.036177 0.995568 0.000000 0.000000 0.000000 0.000000 1.000000
0.995668 -0.027084 -0.088950 0.000000 0.030653 0.998769 0.039003 12.024300 0.087784 -0.041561 0.995272 -0.000000 0.000000 0.000000 0.000000 1.000000
0.995673 -0.026092 -0.089183 0.000000 0.029924 0.998673 0.041905 12.024300 0.087972 -0.044392 0.995133 -0.000000 0.000000 0.000000 0.000000 1.000000</float_array>
        <technique_common>
          <accessor source="#mixamorig_Spine1-Matrix-animation-output-transform-array" count="39" stride="16">
            <param type="float4x4"/>
          </accessor>
        </technique_common>
      </source>
      <source id="mixamorig_Spine1-Interpolations">
        <Name_array id="mixamorig_Spine1-Interpolations-array" count="39">
 LINEAR LINEAR LINEAR LINEAR LINEAR LINEAR LINEAR LINEAR LINEAR LINEAR LINEAR
LINEAR LINEAR LINEAR LINEAR LINEAR LINEAR LINEAR LINEAR LINEAR LINEAR LINEAR LINEAR
LINEAR LINEAR LINEAR LINEAR LINEAR LINEAR LINEAR LINEAR LINEAR LINEAR LINEAR LINEAR
LINEAR LINEAR LINEAR LINEAR</Name_array>
        <technique_common>
          <accessor source="#mixamorig_Spine1-Interpolations-array" count="39">
            <param type="name"/>
          </accessor>
        </technique_common>
      </source>
      <sampler id="mixamorig_Spine1-Matrix-animation-transform">
        <input semantic="INPUT" source="#mixamorig_Spine1-Matrix-animation-input"/>
        <input semantic="OUTPUT" source="#mixamorig_Spine1-Matrix-animation-output-transform"/>
        <input semantic="INTERPOLATION" source="#mixamorig_Spine1-Interpolations"/>
      </sampler>
      <channel source="#mixamorig_Spine1-Matrix-animation-transform" target="mixamorig_Spine1/matrix"/>
    </animation>
    <animation id="mixamorig_Spine2-anim" name="mixamorig_Spine2">
      <source id="mixamorig_Spine2-Matrix-animation-input">
        <float_array id="mixamorig_Spine2-Matrix-animation-input-array" count="39">

0.000000 0.033333 0.066667 0.100000 0.133333 0.166667 0.200000 0.233333 0.266667 0.300000 0.333333 0.366667 0.400000 0.433333 0.466667 0.500000
0.533333 0.566667 0.600000 0.633333 0.666667 0.700000 0.733333 0.766667 0.800000 0.833333 0.866667 0.900000 0.933333 0.966667 1.000000 1.033333
1.066667 1.100000 1.133333 1.166667 1.200000 1.233333 1.266667</float_array>
        <technique_common>
          <accessor source="#mixamorig_Spine2-Matrix-animation-input-array" count="39">
            <param name="TIME" type="float"/>
          </accessor>
        </technique_common>
      </source>
      <source id="mixamorig_Spine2-Matrix-animation-output-transform">
        <float_array id="mixamorig_Spine2-Matrix-animation-output-transform-array" count="624">

0.995470 -0.035711 -0.088117 -0.000000 0.040214 0.997946 0.049865 17.815800 0.086156 -0.053183 0.994861 0.000000 0.000000 0.000000 0.000000 1.000000
0.994795 -0.030515 -0.097224 -0.000000 0.035603 0.998062 0.051034 17.815800 0.095478 -0.054230 0.993953 -0.000000 0.000000 0.000000 0.000000 1.000000
0.994242 -0.023655 -0.104512 -0.000000 0.028969 0.998348 0.049616 17.815800 0.103166 -0.052358 0.993285 -0.000000 0.000000 0.000000 0.000000 1.000000
0.994004 -0.014222 -0.108412 -0.000000 0.019071 0.998857 0.043820 17.815800 0.107665 -0.045625 0.993140 0.000000 0.000000 0.000000 0.000000 1.000000
0.994294 -0.002576 -0.106640 -0.000000 0.006096 0.999447 0.032691 17.815800 0.106497 -0.033155 0.993760 0.000000 0.000000 0.000000 0.000000 1.000000
0.994935 0.007533 -0.100239 -0.000000 -0.005522 0.999778 0.020324 17.815800 0.100370 -0.019667 0.994756 0.000000 0.000000 0.000000 0.000000 1.000000
0.995802 0.013706 -0.090506 -0.000000 -0.012917 0.999873 0.009295 17.815800 0.090622 -0.008087 0.995853 0.000000 0.000000 0.000000 0.000000 1.000000
0.996788 0.017102 -0.078236 -0.000000 -0.017048 0.999854 0.001349 17.815800 0.078248 -0.000011 0.996934 -0.000000 0.000000 0.000000 0.000000 1.000000
0.997653 0.019495 -0.065640 0.000000 -0.019723 0.999801 -0.002833 17.815800 0.065571 0.004121 0.997839 0.000000 0.000000 0.000000 0.000000 1.000000
0.998239 0.021097 -0.055441 0.000000 -0.021293 0.999769 -0.002952 17.815800 0.055366 0.004127 0.998458 -0.000000 0.000000 0.000000 0.000000 1.000000
0.998596 0.020967 -0.048645 0.000000 -0.020955 0.999780 0.000754 17.815800 0.048650 0.000266 0.998816 -0.000000 0.000000 0.000000 0.000000 1.000000
0.998821 0.016954 -0.045489 0.000000 -0.016610 0.999831 0.007932 17.815800 0.045616 -0.007167 0.998933 0.000000 0.000000 0.000000 0.000000 1.000000
0.998845 0.011568 -0.046633 0.000000 -0.010820 0.999809 0.016259 17.815800 0.046812 -0.015736 0.998780 0.000000 0.000000 0.000000 0.000000 1.000000
0.998756 0.009543 -0.048935 0.000000 -0.008501 0.999734 0.021453 17.815800 0.049127 -0.021010 0.998572 0.000000 0.000000 0.000000 0.000000 1.000000
0.998661 0.008924 -0.050950 -0.000000 -0.007778 0.999713 0.022647 17.815800 0.051137 -0.022221 0.998444 -0.000000 0.000000 0.000000 0.000000 1.000000
0.998608 0.005326 -0.052476 0.000000 -0.004112 0.999722 0.023223 17.815800 0.052585 -0.022975 0.998352 0.000000 0.000000 0.000000 0.000000 1.000000
0.998598 -0.001813 -0.052912 0.000000 0.003143 0.999681 0.025063 17.815800 0.052850 -0.025194 0.998285 -0.000000 0.000000 0.000000 0.000000 1.000000
0.998622 -0.009148 -0.051671 0.000000 0.010352 0.999680 0.023080 17.815800 0.051444 -0.023583 0.998397 0.000000 0.000000 0.000000 0.000000 1.000000
0.998658 -0.017266 -0.048819 0.000000 0.018304 0.999614 0.020883 17.815800 0.048440 -0.021748 0.998589 0.000000 0.000000 0.000000 0.000000 1.000000
0.998668 -0.024426 -0.045440 0.000000 0.025367 0.999473 0.020250 17.815800 0.044921 -0.021376 0.998762 0.000000 0.000000 0.000000 0.000000 1.000000
0.998629 -0.031217 -0.042012 0.000000 0.032109 0.999270 0.020722 17.815800 0.041334 -0.022043 0.998902 -0.000000 0.000000 0.000000 0.000000 1.000000
0.998589 -0.036554 -0.038510 0.000000 0.037410 0.999063 0.021741 17.815800 0.037679 -0.023151 0.999022 -0.000000 0.000000 0.000000 0.000000 1.000000
0.998514 -0.040567 -0.036380 -0.000000 0.041460 0.998849 0.024128 17.815800 0.035360 -0.025600 0.999047 0.000000 0.000000 0.000000 0.000000 1.000000
0.998348 -0.043817 -0.037163 0.000000 0.044825 0.998637 0.026736 17.815800 0.035941 -0.028358 0.998951 -0.000000 0.000000 0.000000 0.000000 1.000000
0.998164 -0.046508 -0.038810 0.000000 0.047632 0.998457 0.028554 17.815800 0.037422 -0.030350 0.998839 0.000000 0.000000 0.000000 0.000000 1.000000
0.997980 -0.049079 -0.040349 -0.000000 0.050271 0.998312 0.029072 17.815800 0.038854 -0.031041 0.998763 0.000000 0.000000 0.000000 0.000000 1.000000
0.997720 -0.052014 -0.042999 -0.000000 0.053160 0.998248 0.025964 17.815800 0.041574 -0.028191 0.998738 0.000000 0.000000 0.000000 0.000000 1.000000
0.997319 -0.055542 -0.047645 0.000000 0.056590 0.998178 0.020945 17.815800 0.046395 -0.023585 0.998645 -0.000000 0.000000 0.000000 0.000000 1.000000
0.996774 -0.057797 -0.055690 0.000000 0.058831 0.998121 0.017117 17.815800 0.054596 -0.020338 0.998301 -0.000000 0.000000 0.000000 0.000000 1.000000
0.996575 -0.052877 -0.063573 0.000000 0.053772 0.998476 0.012448 17.815800 0.062818 -0.015823 0.997900 0.000000 0.000000 0.000000 0.000000 1.000000
0.996506 -0.044317 -0.070801 0.000000 0.044864 0.998974 0.006161 17.815800 0.070456 -0.009315 0.997471 0.000000 0.000000 0.000000 0.000000 1.000000
0.996294 -0.038127 -0.077107 0.000000 0.038334 0.999264 0.001206 17.815800 0.077004 -0.004157 0.997022 0.000000 0.000000 0.000000 0.000000 1.000000
0.996010 -0.036575 -0.081400 0.000000 0.036945 0.999313 0.003043 17.815800 0.081233 -0.006038 0.996677 -0.000000 0.000000 0.000000 0.000000 1.000000
0.995855 -0.035882 -0.083574 -0.000000 0.036875 0.999266 0.010365 17.815800 0.083141 -0.013404 0.996448 -0.000000 0.000000 0.000000 0.000000 1.000000
0.995722 -0.035550 -0.085286 -0.000000 0.037284 0.999127 0.018829 17.815800 0.084543 -0.021929 0.996179 0.000000 0.000000 0.000000 0.000000 1.000000
0.995614 -0.035482 -0.086567 0.000000 0.038155 0.998839 0.029422 17.815800 0.085423 -0.032596 0.995811 0.000000 0.000000 0.000000 0.000000 1.000000
0.995539 -0.035436 -0.087441 0.000000 0.038986 0.998469 0.039237 17.815800 0.085917 -0.042471 0.995397 0.000000 0.000000 0.000000 0.000000 1.000000
0.995500 -0.035412 -0.087899 0.000000 0.039541 0.998173 0.045691 17.815800 0.086120 -0.048961 0.995081 0.000000 0.000000 0.000000 0.000000 1.000000
0.995484 -0.035402 -0.088077 0.000000 0.039904 0.997957 0.049891 17.815800 0.086131 -0.053181 0.994863 -0.000000 0.000000 0.000000 0.000000 1.000000</float_array>
        <technique_common>
          <accessor source="#mixamorig_Spine2-Matrix-animation-output-transform-array" count="39" stride="16">
            <param type="float4x4"/>
          </accessor>
        </technique_common>
      </source>
      <source id="mixamorig_Spine2-Interpolations">
        <Name_array id="mixamorig_Spine2-Interpolations-array" count="39">
 LINEAR LINEAR LINEAR LINEAR LINEAR LINEAR LINEAR LINEAR LINEAR LINEAR LINEAR
LINEAR LINEAR LINEAR LINEAR LINEAR LINEAR LINEAR LINEAR LINEAR LINEAR LINEAR LINEAR
LINEAR LINEAR LINEAR LINEAR LINEAR LINEAR LINEAR LINEAR LINEAR LINEAR LINEAR LINEAR
LINEAR LINEAR LINEAR LINEAR</Name_array>
        <technique_common>
          <accessor source="#mixamorig_Spine2-Interpolations-array" count="39">
            <param type="name"/>
          </accessor>
        </technique_common>
      </source>
      <sampler id="mixamorig_Spine2-Matrix-animation-transform">
        <input semantic="INPUT" source="#mixamorig_Spine2-Matrix-animation-input"/>
        <input semantic="OUTPUT" source="#mixamorig_Spine2-Matrix-animation-output-transform"/>
        <input semantic="INTERPOLATION" source="#mixamorig_Spine2-Interpolations"/>
      </sampler>
      <channel source="#mixamorig_Spine2-Matrix-animation-transform" target="mixamorig_Spine2/matrix"/>
    </animation>
    <animation id="mixamorig_Neck-anim" name="mixamorig_Neck">
      <source id="mixamorig_Neck-Matrix-animation-input">
        <float_array id="mixamorig_Neck-Matrix-animation-input-array" count="39">

0.000000 0.033333 0.066667 0.100000 0.133333 0.166667 0.200000 0.233333 0.266667 0.300000 0.333333 0.366667 0.400000 0.433333 0.466667 0.500000
0.533333 0.566667 0.600000 0.633333 0.666667 0.700000 0.733333 0.766667 0.800000 0.833333 0.866667 0.900000 0.933333 0.966667 1.000000 1.033333
1.066667 1.100000 1.133333 1.166667 1.200000 1.233333 1.266667</float_array>
        <technique_common>
          <accessor source="#mixamorig_Neck-Matrix-animation-input-array" count="39">
            <param name="TIME" type="float"/>
          </accessor>
        </technique_common>
      </source>
      <source id="mixamorig_Neck-Matrix-animation-output-transform">
        <float_array id="mixamorig_Neck-Matrix-animation-output-transform-array" count="624">

0.943090 0.013036 0.332283 0.000000 -0.067657 0.985854 0.153347 39.117599 -0.325583 -0.167101 0.930630 11.977000 0.000000 0.000000 0.000000 1.000000
0.943293 0.012446 0.331727 0.000000 -0.065148 0.986805 0.148229 39.117599 -0.325505 -0.161434 0.931657 11.977000 0.000000 0.000000 0.000000 1.000000
0.942059 0.012464 0.335215 -0.000000 -0.064654 0.987319 0.144988 39.117599 -0.329157 -0.158260 0.930918 11.977000 0.000000 0.000000 0.000000 1.000000
0.940379 0.009276 0.340002 0.000000 -0.063196 0.986987 0.147860 39.117599 -0.334206 -0.160531 0.928728 11.977000 0.000000 0.000000 0.000000 1.000000
0.940709 -0.000156 0.339215 0.000000 -0.058077 0.985160 0.161512 39.117599 -0.334207 -0.171636 0.926740 11.977000 0.000000 0.000000 0.000000 1.000000
0.942394 -0.010525 0.334339 0.000000 -0.052359 0.982544 0.178512 39.117599 -0.330382 -0.185734 0.925392 11.977000 0.000000 0.000000 0.000000 1.000000
0.944107 -0.017524 0.329174 -0.000000 -0.049194 0.979913 0.193261 39.117599 -0.325949 -0.198652 0.924281 11.977000 0.000000 0.000000 0.000000 1.000000
0.944968 -0.018178 0.326658 0.000000 -0.051359 0.977834 0.202986 39.117599 -0.323107 -0.208592 0.923088 11.977000 0.000000 0.000000 0.000000 1.000000
0.944690 -0.013883 0.327671 -0.000000 -0.057874 0.976368 0.208221 39.117599 -0.322819 -0.215668 0.921561 11.977000 0.000000 0.000000 0.000000 1.000000
0.943961 -0.009967 0.329908 0.000000 -0.062857 0.975822 0.209332 39.117599 -0.324018 -0.218338 0.920511 11.977000 0.000000 0.000000 0.000000 1.000000
0.943313 -0.006995 0.331829 0.000000 -0.065267 0.976348 0.206118 39.117599 -0.325423 -0.216092 0.920546 11.977000 0.000000 0.000000 0.000000 1.000000
0.942612 0.001927 0.333886 0.000000 -0.072293 0.977441 0.198453 39.117599 -0.325971 -0.211201 0.921486 11.977000 0.000000 0.000000 0.000000 1.000000
0.942473 0.010861 0.334105 -0.000000 -0.080595 0.977371 0.195578 39.117599 -0.324420 -0.211254 0.922021 11.977000 0.000000 0.000000 0.000000 1.000000
0.941779 0.016710 0.335817 0.000000 -0.088579 0.975813 0.199858 39.117599 -0.324355 -0.217968 0.920480 11.977000 0.000000 0.000000 0.000000 1.000000
0.940065 0.023794 0.340165 -0.000000 -0.098796 0.973781 0.204913 39.117599 -0.326370 -0.226239 0.917768 11.977000 0.000000 0.000000 0.000000 1.000000
0.938536 0.032035 0.343691 0.000000 -0.107714 0.973145 0.203435 39.117599 -0.327944 -0.227951 0.916783 11.977000 0.000000 0.000000 0.000000 1.000000
0.938506 0.033294 0.343653 0.000000 -0.108382 0.973437 0.201678 39.117599 -0.327810 -0.226522 0.917185 11.977000 0.000000 0.000000 0.000000 1.000000
0.940793 0.021774 0.338281 -0.000000 -0.098520 0.972421 0.211402 39.117599 -0.324349 -0.232213 0.916992 11.977000 0.000000 0.000000 0.000000 1.000000
0.942817 0.012123 0.333091 -0.000000 -0.089890 0.971558 0.219075 39.117599 -0.320962 -0.236489 0.917091 11.977000 0.000000 0.000000 0.000000 1.000000
0.944444 0.002765 0.328660 0.000000 -0.079315 0.972328 0.219742 39.117599 -0.318958 -0.233602 0.918529 11.977000 0.000000 0.000000 0.000000 1.000000
0.945737 -0.007979 0.324835 0.000000 -0.066214 0.973990 0.216701 39.117599 -0.318115 -0.226451 0.920610 11.977000 0.000000 0.000000 0.000000 1.000000
0.948209 -0.023101 0.316807 0.000000 -0.047059 0.976130 0.212026 39.117599 -0.314143 -0.215953 0.924488 11.977000 0.000000 0.000000 0.000000 1.000000
0.950895 -0.040276 0.306881 0.000000 -0.024807 0.978390 0.205274 39.117599 -0.308517 -0.202807 0.929348 11.977000 0.000000 0.000000 0.000000 1.000000
0.952512 -0.055301 0.299437 0.000000 -0.005554 0.980052 0.198665 39.117599 -0.304450 -0.190894 0.933204 11.977000 0.000000 0.000000 0.000000 1.000000
0.954269 -0.065208 0.291752 -0.000000 0.008856 0.981659 0.190439 39.117599 -0.298819 -0.179146 0.937344 11.977000 0.000000 0.000000 0.000000 1.000000
0.956887 -0.070043 0.281888 -0.000000 0.017934 0.982885 0.183347 39.117599 -0.289906 -0.170387 0.941766 11.977000 0.000000 0.000000 0.000000 1.000000
0.959306 -0.074061 0.272481 0.000000 0.023516 0.982592 0.184280 39.117599 -0.281386 -0.170373 0.944349 11.977000 0.000000 0.000000 0.000000 1.000000
0.961136 -0.077138 0.265082 -0.000000 0.025920 0.981145 0.191528 39.117599 -0.274858 -0.177213 0.945013 11.977000 0.000000 0.000000 0.000000 1.000000
0.963409 -0.075181 0.257277 -0.000000 0.022088 0.978861 0.203329 39.117599 -0.267125 -0.190207 0.944704 11.977000 0.000000 0.000000 0.000000 1.000000
0.964748 -0.073584 0.252678 -0.000000 0.019359 0.977357 0.210708 39.117599 -0.262461 -0.198389 0.944328 11.977000 0.000000 0.000000 0.000000 1.000000
0.964391 -0.060601 0.257445 0.000000 0.003105 0.975923 0.218095 39.117599 -0.264464 -0.209529 0.941359 11.977000 0.000000 0.000000 0.000000 1.000000
0.962359 -0.037524 0.269179 -0.000000 -0.023268 0.975411 0.219164 39.117599 -0.270784 -0.217178 0.937822 11.977000 0.000000 0.000000 0.000000 1.000000
0.959279 -0.009381 0.282303 0.000000 -0.050010 0.978018 0.202436 39.117599 -0.277996 -0.208311 0.937723 11.977000 0.000000 0.000000 0.000000 1.000000
0.955583 0.011533 0.294498 -0.000000 -0.066537 0.981879 0.177447 39.117599 -0.287115 -0.189160 0.939033 11.977000 0.000000 0.000000 0.000000 1.000000
0.952234 0.019039 0.304775 0.000000 -0.071835 0.984013 0.162968 39.117599 -0.296799 -0.177077 0.938378 11.977000 0.000000 0.000000 0.000000 1.000000
0.949483 0.017365 0.313338 0.000000 -0.070136 0.984955 0.157941 39.117599 -0.305881 -0.171938 0.936415 11.977000 0.000000 0.000000 0.000000 1.000000
0.946942 0.014160 0.321094 0.000000 -0.067407 0.985560 0.155329 39.117599 -0.314258 -0.168732 0.934223 11.977000 0.000000 0.000000 0.000000 1.000000
0.944844 0.012272 0.327291 0.000000 -0.066213 0.985821 0.154182 39.117599 -0.320759 -0.167349 0.932260 11.977000 0.000000 0.000000 0.000000 1.000000
0.943106 0.012892 0.332241 0.000000 -0.067445 0.985892 0.153194 39.117599 -0.325579 -0.166886 0.930671 11.977000 0.000000 0.000000 0.000000 1.000000</float_array>
        <technique_common>
          <accessor source="#mixamorig_Neck-Matrix-animation-output-transform-array" count="39" stride="16">
            <param type="float4x4"/>
