<?xml version="1.0" encoding="utf-8"?>
<COLLADA xmlns="http://www.collada.org/2005/11/COLLADASchema" version="1.4.1">
  <asset>
    <contributor>
      <author>Mixamo</author>
      <authoring_tool>COLLADA Mixamo exporter</authoring_tool>
      <comments/>
    </contributor>
    <created>2024-12-02T01:22:42Z</created>
    <modified>2024-12-02T01:22:42Z</modified>
    <revision/>
    <title/>
    <unit meter="0.010000"/>
    <up_axis>Y_UP</up_axis>
  </asset>
  <library_animations>
    <animation id="mixamorig_Hips-anim" name="mixamorig_Hips">
      <source id="mixamorig_Hips-Matrix-animation-input">
        <float_array id="mixamorig_Hips-Matrix-animation-input-array" count="37">

0.000000 0.033333 0.066667 0.100000 0.133333 0.166667 0.200000 0.233333 0.266667 0.300000 0.333333 0.366667 0.400000 0.433333 0.466667 0.500000
0.533333 0.566667 0.600000 0.633333 0.666667 0.700000 0.733333 0.766667 0.800000 0.833333 0.866667 0.900000 0.933333 0.966667 1.000000 1.033333
1.066667 1.100000 1.133333 1.166667 1.200000</float_array>
        <technique_common>
          <accessor source="#mixamorig_Hips-Matrix-animation-input-array" count="37">
            <param name="TIME" type="float"/>
          </accessor>
        </technique_common>
      </source>
      <source id="mixamorig_Hips-Matrix-animation-output-transform">
        <float_array id="mixamorig_Hips-Matrix-animation-output-transform-array" count="592">

0.737307 -0.056335 -0.673205 -5.073038 0.064678 0.997826 -0.012664 66.392357 0.672454 -0.034204 0.739348 6.272727 0.000000 0.000000 0.000000 1.000000
0.728913 -0.067229 -0.681297 -8.517881 0.065930 0.997434 -0.027887 67.182655 0.681424 -0.024591 0.731475 5.511155 0.000000 0.000000 0.000000 1.000000
0.721550 -0.080447 -0.687673 -11.637343 0.069594 0.996624 -0.043567 67.711411 0.688856 -0.016422 0.724712 5.039880 0.000000 0.000000 0.000000 1.000000
0.715150 -0.094129 -0.692604 -14.459599 0.074865 0.995506 -0.057993 67.987518 0.694951 -0.010378 0.718983 4.833500 0.000000 0.000000 0.000000 1.000000
0.707646 -0.104994 -0.698723 -17.139923 0.078407 0.994459 -0.070024 68.041649 0.702204 -0.005232 0.711957 4.805201 0.000000 0.000000 0.000000 1.000000
0.699707 -0.111140 -0.705732 -19.561892 0.079420 0.993803 -0.077764 67.834160 0.710002 -0.001637 0.704198 4.851427 0.000000 0.000000 0.000000 1.000000
0.689527 -0.109918 -0.715871 -22.143366 0.076494 0.993941 -0.078935 67.244827 0.720209 -0.000332 0.693757 5.190578 0.000000 0.000000 0.000000 1.000000
0.674716 -0.106937 -0.730289 -25.199841 0.068623 0.994251 -0.082189 66.257576 0.734880 0.005339 0.678176 5.788955 0.000000 0.000000 0.000000 1.000000
0.660362 -0.102425 -0.743930 -28.630209 0.060146 0.994686 -0.083560 65.229050 0.748535 0.010436 0.663013 6.674405 0.000000 0.000000 0.000000 1.000000
0.655962 -0.091133 -0.749272 -32.062916 0.059579 0.995839 -0.068964 64.634636 0.752439 0.000597 0.658662 7.429246 0.000000 0.000000 0.000000 1.000000
0.655612 -0.074907 -0.751373 -35.330887 0.065273 0.996965 -0.042437 63.739372 0.752271 -0.021222 0.658512 7.914992 0.000000 0.000000 0.000000 1.000000
0.655974 -0.060894 -0.752323 -38.749027 0.069236 0.997393 -0.020362 61.963264 0.751601 -0.038731 0.658480 8.598406 0.000000 0.000000 0.000000 1.000000
0.657562 -0.042813 -0.752183 -42.049477 0.065061 0.997881 0.000079 61.056881 0.750586 -0.048990 0.658955 9.116753 0.000000 0.000000 0.000000 1.000000
0.660032 -0.021804 -0.750921 -45.318321 0.056480 0.998190 0.020660 61.023273 0.749111 -0.056049 0.660069 9.460751 0.000000 0.000000 0.000000 1.000000
0.662757 0.000929 -0.748834 -48.828934 0.044412 0.998190 0.040546 61.450569 0.747516 -0.060129 0.661517 9.804486 0.000000 0.000000 0.000000 1.000000
0.664239 0.024516 -0.747119 -52.168674 0.029406 0.997831 0.058887 62.392159 0.746942 -0.061085 0.662077 10.197611 0.000000 0.000000 0.000000 1.000000
0.664272 0.046849 -0.746021 -55.325554 0.013846 0.997092 0.074945 63.210068 0.747362 -0.060113 0.661692 10.706020 0.000000 0.000000 0.000000 1.000000
0.663016 0.066617 -0.745635 -58.200020 -0.001119 0.996120 0.088001 63.776459 0.748604 -0.057512 0.660518 11.188264 0.000000 0.000000 0.000000 1.000000
0.661575 0.080166 -0.745581 -60.925430 -0.013143 0.995356 0.095360 63.976532 0.749763 -0.053288 0.659557 11.658368 0.000000 0.000000 0.000000 1.000000
0.661303 0.083421 -0.745466 -63.596630 -0.020674 0.995446 0.093055 63.883850 0.749834 -0.046126 0.660016 12.164517 0.000000 0.000000 0.000000 1.000000
0.664228 0.080003 -0.743237 -66.180168 -0.021520 0.995891 0.087967 63.517296 0.747221 -0.042435 0.663220 12.625923 0.000000 0.000000 0.000000 1.000000
0.670701 0.073792 -0.738048 -68.892067 -0.016312 0.996266 0.084785 62.765255 0.741549 -0.044826 0.669400 12.999712 0.000000 0.000000 0.000000 1.000000
0.680240 0.067441 -0.729880 -71.889496 -0.007635 0.996356 0.084948 61.654434 0.732949 -0.052212 0.678277 13.229452 0.000000 0.000000 0.000000 1.000000
0.692573 0.058025 -0.719010 -75.977219 0.006040 0.996258 0.086217 60.201954 0.721323 -0.064054 0.689631 13.020617 0.000000 0.000000 0.000000 1.000000
0.706145 0.046884 -0.706513 -80.467972 0.022002 0.995871 0.088076 58.599068 0.707725 -0.077739 0.702198 12.580996 0.000000 0.000000 0.000000 1.000000
0.723584 0.039137 -0.689125 -84.911827 0.032573 0.995343 0.090730 57.124756 0.689467 -0.088097 0.718940 12.331327 0.000000 0.000000 0.000000 1.000000
0.742917 0.038370 -0.668283 -89.154335 0.032612 0.995095 0.093389 56.028740 0.668589 -0.091174 0.738022 11.977108 0.000000 0.000000 0.000000 1.000000
0.759782 0.029736 -0.649498 -93.538689 0.038093 0.995202 0.090125 55.816067 0.649062 -0.093216 0.755003 11.164877 0.000000 0.000000 0.000000 1.000000
0.771451 0.016861 -0.636066 -98.039986 0.049012 0.995104 0.085822 56.208206 0.634399 -0.097383 0.766847 10.377967 0.000000 0.000000 0.000000 1.000000
0.776670 0.008307 -0.629853 -101.894440 0.054792 0.995232 0.080690 56.752789 0.627520 -0.097181 0.772512 10.666861 0.000000 0.000000 0.000000 1.000000
0.777700 -0.001465 -0.628633 -105.766182 0.059366 0.995699 0.071122 57.300091 0.625826 -0.092631 0.774443 10.691536 0.000000 0.000000 0.000000 1.000000
0.776767 -0.010831 -0.629695 -109.463455 0.063941 0.996042 0.061742 58.374557 0.626533 -0.088222 0.774385 10.101664 0.000000 0.000000 0.000000 1.000000
0.772747 -0.022282 -0.634323 -112.873680 0.067418 0.996611 0.047121 59.587265 0.631124 -0.079177 0.771630 9.512310 0.000000 0.000000 0.000000 1.000000
0.765021 -0.033371 -0.643140 -116.241890 0.069272 0.997127 0.030661 61.155544 0.640269 -0.068008 0.765134 8.763953 0.000000 0.000000 0.000000 1.000000
0.755514 -0.040598 -0.653873 -119.886864 0.068514 0.997501 0.017231 63.052200 0.651540 -0.057817 0.756408 7.673779 0.000000 0.000000 0.000000 1.000000
0.746111 -0.047821 -0.664103 -123.638809 0.066267 0.997799 0.002600 64.794273 0.662516 -0.045948 0.747637 6.835135 0.000000 0.000000 0.000000 1.000000
0.737307 -0.056335 -0.673205 -127.269974 0.064678 0.997826 -0.012664 66.392349 0.672454 -0.034204 0.739348 6.272726 0.000000 0.000000 0.000000 1.000000</float_array>
        <technique_common>
          <accessor source="#mixamorig_Hips-Matrix-animation-output-transform-array" count="37" stride="16">
            <param type="float4x4"/>
          </accessor>
        </technique_common>
      </source>
      <source id="mixamorig_Hips-Interpolations">
        <Name_array id="mixamorig_Hips-Interpolations-array" count="37">
 LINEAR LINEAR LINEAR LINEAR LINEAR LINEAR LINEAR LINEAR LINEAR LINEAR LINEAR
LINEAR LINEAR LINEAR LINEAR LINEAR LINEAR LINEAR LINEAR LINEAR LINEAR LINEAR LINEAR
LINEAR LINEAR LINEAR LINEAR LINEAR LINEAR LINEAR LINEAR LINEAR LINEAR LINEAR LINEAR
LINEAR LINEAR</Name_array>
        <technique_common>
          <accessor source="#mixamorig_Hips-Interpolations-array" count="37">
            <param type="name"/>
          </accessor>
        </technique_common>
      </source>
      <sampler id="mixamorig_Hips-Matrix-animation-transform">
        <input semantic="INPUT" source="#mixamorig_Hips-Matrix-animation-input"/>
        <input semantic="OUTPUT" source="#mixamorig_Hips-Matrix-animation-output-transform"/>
        <input semantic="INTERPOLATION" source="#mixamorig_Hips-Interpolations"/>
      </sampler>
      <channel source="#mixamorig_Hips-Matrix-animation-transform" target="mixamorig_Hips/matrix"/>
    </animation>
    <animation id="mixamorig_Spine-anim" name="mixamorig_Spine">
      <source id="mixamorig_Spine-Matrix-animation-input">
        <float_array id="mixamorig_Spine-Matrix-animation-input-array" count="37">

0.000000 0.033333 0.066667 0.100000 0.133333 0.166667 0.200000 0.233333 0.266667 0.300000 0.333333 0.366667 0.400000 0.433333 0.466667 0.500000
0.533333 0.566667 0.600000 0.633333 0.666667 0.700000 0.733333 0.766667 0.800000 0.833333 0.866667 0.900000 0.933333 0.966667 1.000000 1.033333
1.066667 1.100000 1.133333 1.166667 1.200000</float_array>
        <technique_common>
          <accessor source="#mixamorig_Spine-Matrix-animation-input-array" count="37">
            <param name="TIME" type="float"/>
          </accessor>
        </technique_common>
      </source>
      <source id="mixamorig_Spine-Matrix-animation-output-transform">
        <float_array id="mixamorig_Spine-Matrix-animation-output-transform-array" count="592">

0.998244 0.015012 0.057294 -0.000000 0.041544 0.512004 -0.857978 13.784800 -0.042215 0.858852 0.510482 0.064400 0.000000 0.000000 0.000000 1.000000
0.997698 0.027244 0.062103 -0.000000 0.039078 0.517475 -0.854806 13.784800 -0.055425 0.855265 0.515219 0.064400 0.000000 0.000000 0.000000 1.000000
0.997049 0.038664 0.066320 -0.000000 0.036324 0.523468 -0.851271 13.784800 -0.067630 0.851168 0.520519 0.064400 0.000000 0.000000 0.000000 1.000000
0.996291 0.047787 0.071561 0.000000 0.035528 0.528997 -0.847879 13.784800 -0.078373 0.847277 0.525338 0.064400 0.000000 0.000000 0.000000 1.000000
0.995531 0.056087 0.075973 0.000000 0.034154 0.536199 -0.843400 13.784800 -0.088041 0.842226 0.531888 0.064400 0.000000 0.000000 0.000000 1.000000
0.994938 0.064309 0.077221 0.000000 0.029782 0.545216 -0.837767 13.784800 -0.095978 0.835825 0.540540 0.064400 0.000000 0.000000 0.000000 1.000000
0.993571 0.076952 0.083035 -0.000000 0.026788 0.552836 -0.832860 13.784800 -0.109995 0.829730 0.547220 0.064400 0.000000 0.000000 0.000000 1.000000
0.991083 0.094502 0.093939 -0.000000 0.024220 0.565480 -0.824406 13.784800 -0.131029 0.819330 0.558148 0.064400 0.000000 0.000000 0.000000 1.000000
0.988770 0.109902 0.101266 0.000000 0.020094 0.573697 -0.818821 13.784800 -0.148086 0.811661 0.565046 0.064400 0.000000 0.000000 0.000000 1.000000
0.988499 0.115056 0.098147 -0.000000 0.017369 0.558319 -0.829444 13.784800 -0.150230 0.821609 0.549899 0.064400 0.000000 0.000000 0.000000 1.000000
0.989309 0.112674 0.092587 0.000000 0.018487 0.532855 -0.846005 13.784800 -0.144658 0.838672 0.525075 0.064400 0.000000 0.000000 0.000000 1.000000
0.989936 0.108155 0.091268 -0.000000 0.022461 0.516670 -0.855890 13.784800 -0.139724 0.849326 0.509041 0.064400 0.000000 0.000000 0.000000 1.000000
0.990272 0.101097 0.095612 0.000000 0.032101 0.502605 -0.863920 13.784800 -0.135395 0.858585 0.494470 0.064400 0.000000 0.000000 0.000000 1.000000
0.990516 0.090452 0.103425 0.000000 0.046695 0.486324 -0.872530 13.784800 -0.129220 0.869084 0.477488 0.064400 0.000000 0.000000 0.000000 1.000000
0.990381 0.077818 0.114413 0.000000 0.064697 0.470489 -0.880031 13.784800 -0.122312 0.878968 0.460928 0.064400 0.000000 0.000000 0.000000 1.000000
0.989478 0.065158 0.129182 -0.000000 0.085631 0.455955 -0.885874 13.784800 -0.116622 0.887615 0.445577 0.064400 0.000000 0.000000 0.000000 1.000000
0.987926 0.053966 0.145222 -0.000000 0.106580 0.443567 -0.889881 13.784800 -0.112439 0.894615 0.432460 0.064400 0.000000 0.000000 0.000000 1.000000
0.985965 0.045303 0.160688 0.000000 0.125007 0.437651 -0.890413 13.784800 -0.110664 0.898003 0.425845 0.064400 0.000000 0.000000 0.000000 1.000000
0.984450 0.040117 0.171021 0.000000 0.136338 0.439414 -0.887878 13.784800 -0.110769 0.897388 0.427112 0.064400 0.000000 0.000000 0.000000 1.000000
0.983968 0.036721 0.174523 -0.000000 0.140488 0.443218 -0.885337 13.784800 -0.109863 0.895661 0.430953 0.064400 0.000000 0.000000 0.000000 1.000000
0.984380 0.032544 0.173025 0.000000 0.140339 0.448382 -0.882756 13.784800 -0.106310 0.893250 0.436811 0.064400 0.000000 0.000000 0.000000 1.000000
0.985075 0.028791 0.169701 -0.000000 0.138135 0.455979 -0.879205 13.784800 -0.102693 0.889525 0.445197 0.064400 0.000000 0.000000 0.000000 1.000000
0.986443 0.022894 0.162500 -0.000000 0.133652 0.462508 -0.876484 13.784800 -0.095224 0.886320 0.453178 0.064400 0.000000 0.000000 0.000000 1.000000
0.989232 0.016532 0.145420 0.000000 0.121067 0.465867 -0.876533 13.784800 -0.082238 0.884700 0.458849 0.064400 0.000000 0.000000 0.000000 1.000000
0.992027 0.010663 0.125573 0.000000 0.106003 0.468305 -0.877185 13.784800 -0.068161 0.883503 0.463441 0.064400 0.000000 0.000000 0.000000 1.000000
0.993841 -0.007225 0.110576 -0.000000 0.100913 0.471257 -0.876204 13.784800 -0.045779 0.881966 0.469084 0.064400 0.000000 0.000000 0.000000 1.000000
0.994553 -0.030759 0.099594 0.000000 0.102166 0.477082 -0.872900 13.784800 -0.020665 0.878320 0.477626 0.064400 0.000000 0.000000 0.000000 1.000000
0.995865 -0.041115 0.081007 0.000000 0.090757 0.489233 -0.867418 13.784800 -0.003967 0.871184 0.490941 0.064400 0.000000 0.000000 0.000000 1.000000
0.997101 -0.045260 0.061168 0.000000 0.075579 0.495865 -0.865105 13.784800 0.008823 0.867219 0.497848 0.064400 0.000000 0.000000 0.000000 1.000000
0.997641 -0.048401 0.048679 0.000000 0.066327 0.496865 -0.865290 13.784800 0.017694 0.866477 0.498903 0.064400 0.000000 0.000000 0.000000 1.000000
0.998128 -0.045353 0.041030 0.000000 0.058215 0.498975 -0.864659 13.784800 0.018742 0.865429 0.500681 0.064400 0.000000 0.000000 0.000000 1.000000
0.998412 -0.041037 0.038599 0.000000 0.053924 0.497679 -0.865684 13.784800 0.016315 0.866390 0.499101 0.064400 0.000000 0.000000 0.000000 1.000000
0.998627 -0.034080 0.039776 -0.000000 0.051504 0.500634 -0.864126 13.784800 0.009536 0.864988 0.501702 0.064400 0.000000 0.000000 0.000000 1.000000
0.998853 -0.021947 0.042548 -0.000000 0.047809 0.503678 -0.862568 13.784800 -0.002499 0.863613 0.504150 0.064400 0.000000 0.000000 0.000000 1.000000
0.998914 -0.008747 0.045753 -0.000000 0.043928 0.503656 -0.862787 13.784800 -0.015497 0.863860 0.503493 0.064400 0.000000 0.000000 0.000000 1.000000
0.998703 0.003341 0.050797 0.000000 0.042095 0.506933 -0.860957 13.784800 -0.028627 0.861979 0.506135 0.064400 0.000000 0.000000 0.000000 1.000000
0.998244 0.015012 0.057295 0.000000 0.041545 0.512004 -0.857978 13.784800 -0.042215 0.858852 0.510482 0.064400 0.000000 0.000000 0.000000 1.000000</float_array>
        <technique_common>
          <accessor source="#mixamorig_Spine-Matrix-animation-output-transform-array" count="37" stride="16">
            <param type="float4x4"/>
          </accessor>
        </technique_common>
      </source>
      <source id="mixamorig_Spine-Interpolations">
        <Name_array id="mixamorig_Spine-Interpolations-array" count="37">
 LINEAR LINEAR LINEAR LINEAR LINEAR LINEAR LINEAR LINEAR LINEAR LINEAR LINEAR
LINEAR LINEAR LINEAR LINEAR LINEAR LINEAR LINEAR LINEAR LINEAR LINEAR LINEAR LINEAR
LINEAR LINEAR LINEAR LINEAR LINEAR LINEAR LINEAR LINEAR LINEAR LINEAR LINEAR LINEAR
LINEAR LINEAR</Name_array>
        <technique_common>
          <accessor source="#mixamorig_Spine-Interpolations-array" count="37">
            <param type="name"/>
          </accessor>
        </technique_common>
      </source>
      <sampler id="mixamorig_Spine-Matrix-animation-transform">
        <input semantic="INPUT" source="#mixamorig_Spine-Matrix-animation-input"/>
        <input semantic="OUTPUT" source="#mixamorig_Spine-Matrix-animation-output-transform"/>
        <input semantic="INTERPOLATION" source="#mixamorig_Spine-Interpolations"/>
      </sampler>
      <channel source="#mixamorig_Spine-Matrix-animation-transform" target="mixamorig_Spine/matrix"/>
    </animation>
    <animation id="mixamorig_Spine1-anim" name="mixamorig_Spine1">
      <source id="mixamorig_Spine1-Matrix-animation-input">
        <float_array id="mixamorig_Spine1-Matrix-animation-input-array" count="37">

0.000000 0.033333 0.066667 0.100000 0.133333 0.166667 0.200000 0.233333 0.266667 0.300000 0.333333 0.366667 0.400000 0.433333 0.466667 0.500000
0.533333 0.566667 0.600000 0.633333 0.666667 0.700000 0.733333 0.766667 0.800000 0.833333 0.866667 0.900000 0.933333 0.966667 1.000000 1.033333
1.066667 1.100000 1.133333 1.166667 1.200000</float_array>
        <technique_common>
          <accessor source="#mixamorig_Spine1-Matrix-animation-input-array" count="37">
            <param name="TIME" type="float"/>
          </accessor>
        </technique_common>
      </source>
      <source id="mixamorig_Spine1-Matrix-animation-output-transform">
        <float_array id="mixamorig_Spine1-Matrix-animation-output-transform-array" count="592">

0.998091 0.053546 0.030793 0.000000 -0.052282 0.997812 -0.040479 12.024300 -0.032893 0.038791 0.998706 -0.000000 0.000000 0.000000 0.000000 1.000000
0.998087 0.052519 0.032630 0.000000 -0.051215 0.997903 -0.039592 12.024300 -0.034641 0.037845 0.998683 0.000000 0.000000 0.000000 0.000000 1.000000
0.998071 0.051733 0.034332 -0.000000 -0.050374 0.997956 -0.039334 12.024300 -0.036296 0.037529 0.998636 0.000000 0.000000 0.000000 0.000000 1.000000
0.998002 0.051885 0.036047 0.000000 -0.050425 0.997915 -0.040298 12.024300 -0.038063 0.038400 0.998537 -0.000000 0.000000 0.000000 0.000000 1.000000
0.997901 0.052755 0.037549 0.000000 -0.051130 0.997766 -0.043008 12.024300 -0.039734 0.040998 0.998369 0.000000 0.000000 0.000000 0.000000 1.000000
0.997767 0.054490 0.038619 -0.000000 -0.052655 0.997504 -0.047044 12.024300 -0.041086 0.044905 0.998146 0.000000 0.000000 0.000000 0.000000 1.000000
0.997545 0.057320 0.040224 0.000000 -0.055243 0.997171 -0.050966 12.024300 -0.043032 0.048618 0.997890 0.000000 0.000000 0.000000 0.000000 1.000000
0.997322 0.059777 0.042136 -0.000000 -0.057451 0.996865 -0.054404 12.024300 -0.045256 0.051837 0.997630 -0.000000 0.000000 0.000000 0.000000 1.000000
0.997205 0.060840 0.043371 0.000000 -0.058401 0.996752 -0.055458 12.024300 -0.046604 0.052770 0.997519 -0.000000 0.000000 0.000000 0.000000 1.000000
0.997114 0.061918 0.043938 -0.000000 -0.059644 0.996900 -0.051316 12.024300 -0.046980 0.048547 0.997715 0.000000 0.000000 0.000000 0.000000 1.000000
0.996952 0.063815 0.044885 -0.000000 -0.061746 0.997028 -0.046068 12.024300 -0.047691 0.043156 0.997929 -0.000000 0.000000 0.000000 0.000000 1.000000
0.996825 0.064936 0.046081 -0.000000 -0.062905 0.997039 -0.044232 12.024300 -0.048817 0.041192 0.997958 -0.000000 0.000000 0.000000 0.000000 1.000000
0.996762 0.065262 0.046964 -0.000000 -0.063203 0.997028 -0.044063 12.024300 -0.049700 0.040952 0.997924 -0.000000 0.000000 0.000000 0.000000 1.000000
0.996699 0.065694 0.047695 0.000000 -0.063615 0.997010 -0.043866 12.024300 -0.050434 0.040687 0.997898 0.000000 0.000000 0.000000 0.000000 1.000000
0.996650 0.065978 0.048329 -0.000000 -0.063869 0.996990 -0.043956 12.024300 -0.051084 0.040722 0.997864 -0.000000 0.000000 0.000000 0.000000 1.000000
0.996631 0.065878 0.048851 -0.000000 -0.063728 0.996982 -0.044335 12.024300 -0.051625 0.041073 0.997822 -0.000000 0.000000 0.000000 0.000000 1.000000
0.996646 0.065327 0.049290 0.000000 -0.063129 0.996995 -0.044907 12.024300 -0.052075 0.041645 0.997774 0.000000 0.000000 0.000000 0.000000 1.000000
0.996721 0.064026 0.049483 0.000000 -0.061770 0.997036 -0.045861 12.024300 -0.052272 0.042655 0.997722 -0.000000 0.000000 0.000000 0.000000 1.000000
0.996854 0.062121 0.049233 -0.000000 -0.059817 0.997104 -0.046967 12.024300 -0.052008 0.043874 0.997682 0.000000 0.000000 0.000000 0.000000 1.000000
0.996989 0.060552 0.048441 0.000000 -0.058253 0.997169 -0.047555 12.024300 -0.051183 0.044590 0.997693 0.000000 0.000000 0.000000 0.000000 1.000000
0.997101 0.059658 0.047219 0.000000 -0.057410 0.997215 -0.047617 12.024300 -0.049928 0.044768 0.997749 0.000000 0.000000 0.000000 0.000000 1.000000
0.997245 0.058283 0.045882 0.000000 -0.056008 0.997207 -0.049406 12.024300 -0.048634 0.046700 0.997724 -0.000000 0.000000 0.000000 0.000000 1.000000
0.997394 0.057016 0.044211 -0.000000 -0.054666 0.997115 -0.052654 12.024300 -0.047086 0.050100 0.997634 0.000000 0.000000 0.000000 0.000000 1.000000
0.997431 0.057832 0.042275 -0.000000 -0.055591 0.997078 -0.052395 12.024300 -0.045182 0.049910 0.997731 -0.000000 0.000000 0.000000 0.000000 1.000000
0.997381 0.060014 0.040369 0.000000 -0.057959 0.997052 -0.050282 12.024300 -0.043268 0.047811 0.997919 0.000000 0.000000 0.000000 0.000000 1.000000
0.997309 0.062385 0.038508 0.000000 -0.060390 0.996873 -0.050960 12.024300 -0.041567 0.048497 0.997958 -0.000000 0.000000 0.000000 0.000000 1.000000
0.997345 0.063119 0.036318 -0.000000 -0.061171 0.996748 -0.052447 12.024300 -0.039510 0.050086 0.997963 -0.000000 0.000000 0.000000 0.000000 1.000000
0.997605 0.060840 0.032908 0.000000 -0.059071 0.996884 -0.052283 12.024300 -0.035986 0.050214 0.998090 0.000000 0.000000 0.000000 0.000000 1.000000
0.997756 0.060010 0.029687 0.000000 -0.058483 0.997042 -0.049864 12.024300 -0.032591 0.048016 0.998315 -0.000000 0.000000 0.000000 0.000000 1.000000
0.997711 0.061689 0.027713 -0.000000 -0.060325 0.997042 -0.047631 12.024300 -0.030569 0.045850 0.998481 0.000000 0.000000 0.000000 0.000000 1.000000
0.997787 0.061125 0.026167 0.000000 -0.059872 0.997134 -0.046248 12.024300 -0.028919 0.044579 0.998587 0.000000 0.000000 0.000000 0.000000 1.000000
0.997939 0.058979 0.025274 0.000000 -0.057832 0.997358 -0.043949 12.024300 -0.027800 0.042397 0.998714 0.000000 0.000000 0.000000 0.000000 1.000000
0.998068 0.056834 0.025115 0.000000 -0.055685 0.997465 -0.044298 12.024300 -0.027569 0.042814 0.998703 -0.000000 0.000000 0.000000 0.000000 1.000000
0.998135 0.055285 0.025879 0.000000 -0.054117 0.997572 -0.043840 12.024300 -0.028240 0.042358 0.998703 0.000000 0.000000 0.000000 0.000000 1.000000
0.998109 0.055051 0.027343 -0.000000 -0.053889 0.997681 -0.041572 12.024300 -0.029568 0.040020 0.998761 -0.000000 0.000000 0.000000 0.000000 1.000000
0.998091 0.054538 0.028988 0.000000 -0.053323 0.997729 -0.041149 12.024300 -0.031167 0.039525 0.998732 0.000000 0.000000 0.000000 0.000000 1.000000
0.998091 0.053545 0.030793 0.000000 -0.052282 0.997812 -0.040479 12.024300 -0.032893 0.038792 0.998706 0.000000 0.000000 0.000000 0.000000 1.000000</float_array>
        <technique_common>
          <accessor source="#mixamorig_Spine1-Matrix-animation-output-transform-array" count="37" stride="16">
            <param type="float4x4"/>
          </accessor>
        </technique_common>
      </source>
      <source id="mixamorig_Spine1-Interpolations">
        <Name_array id="mixamorig_Spine1-Interpolations-array" count="37">
 LINEAR LINEAR LINEAR LINEAR LINEAR LINEAR LINEAR LINEAR LINEAR LINEAR LINEAR
LINEAR LINEAR LINEAR LINEAR LINEAR LINEAR LINEAR LINEAR LINEAR LINEAR LINEAR LINEAR
LINEAR LINEAR LINEAR LINEAR LINEAR LINEAR LINEAR LINEAR LINEAR LINEAR LINEAR LINEAR
LINEAR LINEAR</Name_array>
        <technique_common>
          <accessor source="#mixamorig_Spine1-Interpolations-array" count="37">
            <param type="name"/>
          </accessor>
        </technique_common>
      </source>
      <sampler id="mixamorig_Spine1-Matrix-animation-transform">
        <input semantic="INPUT" source="#mixamorig_Spine1-Matrix-animation-input"/>
        <input semantic="OUTPUT" source="#mixamorig_Spine1-Matrix-animation-output-transform"/>
        <input semantic="INTERPOLATION" source="#mixamorig_Spine1-Interpolations"/>
      </sampler>
      <channel source="#mixamorig_Spine1-Matrix-animation-transform" target="mixamorig_Spine1/matrix"/>
    </animation>
    <animation id="mixamorig_Spine2-anim" name="mixamorig_Spine2">
      <source id="mixamorig_Spine2-Matrix-animation-input">
        <float_array id="mixamorig_Spine2-Matrix-animation-input-array" count="37">

0.000000 0.033333 0.066667 0.100000 0.133333 0.166667 0.200000 0.233333 0.266667 0.300000 0.333333 0.366667 0.400000 0.433333 0.466667 0.500000
0.533333 0.566667 0.600000 0.633333 0.666667 0.700000 0.733333 0.766667 0.800000 0.833333 0.866667 0.900000 0.933333 0.966667 1.000000 1.033333
1.066667 1.100000 1.133333 1.166667 1.200000</float_array>
        <technique_common>
          <accessor source="#mixamorig_Spine2-Matrix-animation-input-array" count="37">
            <param name="TIME" type="float"/>
          </accessor>
        </technique_common>
      </source>
      <source id="mixamorig_Spine2-Matrix-animation-output-transform">
        <float_array id="mixamorig_Spine2-Matrix-animation-output-transform-array" count="592">

0.998119 0.054363 0.028335 0.000000 -0.053629 0.998221 -0.026042 17.815800 -0.029701 0.024473 0.999259 -0.000000 0.000000 0.000000 0.000000 1.000000
0.998100 0.053676 0.030257 0.000000 -0.052922 0.998281 -0.025195 17.815800 -0.031558 0.023546 0.999225 0.000000 0.000000 0.000000 0.000000 1.000000
0.998073 0.053150 0.032035 -0.000000 -0.052363 0.998317 -0.024924 17.815800 -0.033306 0.023198 0.999176 0.000000 0.000000 0.000000 0.000000 1.000000
0.998017 0.053248 0.033557 -0.000000 -0.052382 0.998284 -0.026177 17.815800 -0.034894 0.024367 0.999094 -0.000000 0.000000 0.000000 0.000000 1.000000
0.997911 0.054326 0.034975 0.000000 -0.053314 0.998149 -0.029254 17.815800 -0.036500 0.027329 0.998960 0.000000 0.000000 0.000000 0.000000 1.000000
0.997756 0.056184 0.036430 0.000000 -0.054971 0.997926 -0.033484 17.815800 -0.038236 0.031406 0.998775 -0.000000 0.000000 0.000000 0.000000 1.000000
0.997573 0.058386 0.037933 -0.000000 -0.056960 0.997666 -0.037649 17.815800 -0.040043 0.035396 0.998571 0.000000 0.000000 0.000000 0.000000 1.000000
0.997394 0.060468 0.039362 -0.000000 -0.058885 0.997455 -0.040192 17.815800 -0.041692 0.037769 0.998416 -0.000000 0.000000 0.000000 0.000000 1.000000
0.997241 0.062188 0.040540 -0.000000 -0.060564 0.997358 -0.040117 17.815800 -0.042928 0.037551 0.998372 -0.000000 0.000000 0.000000 0.000000 1.000000
0.997111 0.063688 0.041399 -0.000000 -0.062143 0.997359 -0.037600 17.815800 -0.043685 0.034919 0.998435 0.000000 0.000000 0.000000 0.000000 1.000000
0.996985 0.065225 0.042038 -0.000000 -0.063815 0.997381 -0.034043 17.815800 -0.044148 0.031258 0.998536 0.000000 0.000000 0.000000 0.000000 1.000000
0.996878 0.066480 0.042598 0.000000 -0.065170 0.997378 -0.031449 17.815800 -0.044578 0.028575 0.998597 0.000000 0.000000 0.000000 0.000000 1.000000
0.996805 0.067205 0.043160 -0.000000 -0.065926 0.997361 -0.030413 17.815800 -0.045090 0.027471 0.998605 -0.000000 0.000000 0.000000 0.000000 1.000000
0.996746 0.067723 0.043726 0.000000 -0.066441 0.997335 -0.030138 17.815800 -0.045650 0.027135 0.998589 0.000000 0.000000 0.000000 0.000000 1.000000
0.996703 0.067993 0.044269 -0.000000 -0.066686 0.997312 -0.030357 17.815800 -0.046214 0.027305 0.998558 0.000000 0.000000 0.000000 0.000000 1.000000
0.996690 0.067856 0.044775 0.000000 -0.066508 0.997306 -0.030947 17.815800 -0.046754 0.027866 0.998518 0.000000 0.000000 0.000000 0.000000 1.000000
0.996706 0.067329 0.045221 0.000000 -0.065936 0.997323 -0.031612 17.815800 -0.047228 0.028526 0.998477 0.000000 0.000000 0.000000 0.000000 1.000000
0.996775 0.066132 0.045455 0.000000 -0.064697 0.997380 -0.032352 17.815800 -0.047475 0.029307 0.998442 0.000000 0.000000 0.000000 0.000000 1.000000
0.996903 0.064290 0.045284 -0.000000 -0.062820 0.997474 -0.033166 17.815800 -0.047302 0.030219 0.998423 0.000000 0.000000 0.000000 0.000000 1.000000
0.997045 0.062494 0.044684 0.000000 -0.061001 0.997557 -0.034045 17.815800 -0.046703 0.031219 0.998421 0.000000 0.000000 0.000000 0.000000 1.000000
0.997187 0.060891 0.043712 -0.000000 -0.059376 0.997617 -0.035142 17.815800 -0.045748 0.032447 0.998426 -0.000000 0.000000 0.000000 0.000000 1.000000
0.997314 0.059711 0.042421 0.000000 -0.058183 0.997643 -0.036386 17.815800 -0.044494 0.033821 0.998437 -0.000000 0.000000 0.000000 0.000000 1.000000
0.997397 0.059396 0.040887 -0.000000 -0.057876 0.997623 -0.037408 17.815800 -0.043012 0.034944 0.998463 0.000000 0.000000 0.000000 0.000000 1.000000
0.997421 0.060157 0.039151 -0.000000 -0.058678 0.997558 -0.037890 17.815800 -0.041334 0.035495 0.998515 -0.000000 0.000000 0.000000 0.000000 1.000000
0.997408 0.061597 0.037196 -0.000000 -0.060183 0.997463 -0.038011 17.815800 -0.039443 0.035674 0.998585 0.000000 0.000000 0.000000 0.000000 1.000000
0.997409 0.062889 0.034942 0.000000 -0.061553 0.997378 -0.038070 17.815800 -0.037244 0.035821 0.998664 0.000000 0.000000 0.000000 0.000000 1.000000
0.997466 0.063371 0.032332 0.000000 -0.062133 0.997345 -0.037985 17.815800 -0.034654 0.035879 0.998755 0.000000 0.000000 0.000000 0.000000 1.000000
0.997572 0.063109 0.029463 0.000000 -0.061993 0.997377 -0.037365 17.815800 -0.031744 0.035447 0.998867 0.000000 0.000000 0.000000 0.000000 1.000000
0.997683 0.062610 0.026635 0.000000 -0.061637 0.997452 -0.035918 17.815800 -0.028816 0.034193 0.999000 0.000000 0.000000 0.000000 0.000000 1.000000
0.997777 0.062070 0.024249 0.000000 -0.061231 0.997548 -0.033901 17.815800 -0.026294 0.032341 0.999131 -0.000000 0.000000 0.000000 0.000000 1.000000
0.997866 0.061251 0.022613 0.000000 -0.060515 0.997656 -0.031930 17.815800 -0.024516 0.030493 0.999234 0.000000 0.000000 0.000000 0.000000 1.000000
0.997963 0.059921 0.021874 0.000000 -0.059243 0.997780 -0.030426 17.815800 -0.023649 0.029068 0.999298 0.000000 0.000000 0.000000 0.000000 1.000000
0.998058 0.058267 0.022034 0.000000 -0.057609 0.997906 -0.029394 17.815800 -0.023701 0.028068 0.999325 0.000000 0.000000 0.000000 0.000000 1.000000
0.998122 0.056785 0.022999 0.000000 -0.056120 0.998014 -0.028609 17.815800 -0.024578 0.027265 0.999326 0.000000 0.000000 0.000000 0.000000 1.000000
0.998140 0.055805 0.024561 0.000000 -0.055116 0.998090 -0.027890 17.815800 -0.026070 0.026485 0.999309 -0.000000 0.000000 0.000000 0.000000 1.000000
0.998132 0.055088 0.026409 -0.000000 -0.054375 0.998155 -0.027027 17.815800 -0.027850 0.025541 0.999286 0.000000 0.000000 0.000000 0.000000 1.000000
0.998119 0.054363 0.028335 0.000000 -0.053629 0.998221 -0.026041 17.815800 -0.029701 0.024473 0.999259 0.000000 0.000000 0.000000 0.000000 1.000000</float_array>
        <technique_common>
          <accessor source="#mixamorig_Spine2-Matrix-animation-output-transform-array" count="37" stride="16">
            <param type="float4x4"/>
          </accessor>
        </technique_common>
      </source>
      <source id="mixamorig_Spine2-Interpolations">
        <Name_array id="mixamorig_Spine2-Interpolations-array" count="37">
 LINEAR LINEAR LINEAR LINEAR LINEAR LINEAR LINEAR LINEAR LINEAR LINEAR LINEAR
LINEAR LINEAR LINEAR LINEAR LINEAR LINEAR LINEAR LINEAR LINEAR LINEAR LINEAR LINEAR
LINEAR LINEAR LINEAR LINEAR LINEAR LINEAR LINEAR LINEAR LINEAR LINEAR LINEAR LINEAR
LINEAR LINEAR</Name_array>
        <technique_common>
          <accessor source="#mixamorig_Spine2-Interpolations-array" count="37">
            <param type="name"/>
          </accessor>
        </technique_common>
      </source>
      <sampler id="mixamorig_Spine2-Matrix-animation-transform">
        <input semantic="INPUT" source="#mixamorig_Spine2-Matrix-animation-input"/>
        <input semantic="OUTPUT" source="#mixamorig_Spine2-Matrix-animation-output-transform"/>
        <input semantic="INTERPOLATION" source="#mixamorig_Spine2-Interpolations"/>
      </sampler>
      <channel source="#mixamorig_Spine2-Matrix-animation-transform" target="mixamorig_Spine2/matrix"/>
    </animation>
    <animation id="mixamorig_Neck-anim" name="mixamorig_Neck">
      <source id="mixamorig_Neck-Matrix-animation-input">
        <float_array id="mixamorig_Neck-Matrix-animation-input-array" count="37">

0.000000 0.033333 0.066667 0.100000 0.133333 0.166667 0.200000 0.233333 0.266667 0.300000 0.333333 0.366667 0.400000 0.433333 0.466667 0.500000
0.533333 0.566667 0.600000 0.633333 0.666667 0.700000 0.733333 0.766667 0.800000 0.833333 0.866667 0.900000 0.933333 0.966667 1.000000 1.033333
1.066667 1.100000 1.133333 1.166667 1.200000</float_array>
        <technique_common>
          <accessor source="#mixamorig_Neck-Matrix-animation-input-array" count="37">
            <param name="TIME" type="float"/>
          </accessor>
        </technique_common>
      </source>
      <source id="mixamorig_Neck-Matrix-animation-output-transform">
        <float_array id="mixamorig_Neck-Matrix-animation-output-transform-array" count="592">

0.994485 0.077783 0.070355 0.000000 -0.092237 0.967931 0.233669 39.117599 -0.049923 -0.238869 0.969768 11.977000 0.000000 0.000000 0.000000 1.000000
0.993656 0.085806 0.072700 0.000000 -0.100615 0.967065 0.233797 39.117599 -0.050244 -0.239629 0.969564 11.977000 0.000000 0.000000 0.000000 1.000000
0.992597 0.095684 0.074805 -0.000000 -0.110843 0.965436 0.235897 39.117599 -0.049648 -0.242442 0.968895 11.977000 0.000000 0.000000 0.000000 1.000000
0.991128 0.108514 0.076744 0.000000 -0.124039 0.962612 0.240818 39.117599 -0.047743 -0.248201 0.967531 11.977000 0.000000 0.000000 0.000000 1.000000
0.989701 0.119124 0.079379 0.000000 -0.135297 0.959552 0.246889 39.117599 -0.046758 -0.255086 0.965787 11.977000 0.000000 0.000000 0.000000 1.000000
0.988878 0.124029 0.082081 0.000000 -0.140922 0.957818 0.250452 39.117599 -0.047555 -0.259234 0.964643 11.977000 0.000000 0.000000 0.000000 1.000000
0.989854 0.116975 0.080657 0.000000 -0.133617 0.959397 0.248403 39.117599 -0.048325 -0.256659 0.965293 11.977000 0.000000 0.000000 0.000000 1.000000
0.990859 0.109457 0.078847 -0.000000 -0.125642 0.961601 0.244003 39.117599 -0.049112 -0.251679 0.966564 11.977000 0.000000 0.000000 0.000000 1.000000
0.990743 0.109968 0.079598 0.000000 -0.126314 0.961579 0.243742 39.117599 -0.049736 -0.251540 0.966568 11.977000 0.000000 0.000000 0.000000 1.000000
0.990846 0.109159 0.079426 0.000000 -0.125507 0.961575 0.244177 39.117599 -0.049720 -0.251910 0.966473 11.977000 0.000000 0.000000 0.000000 1.000000
0.991041 0.107755 0.078912 -0.000000 -0.123575 0.963942 0.235681 39.117599 -0.050671 -0.243321 0.968621 11.977000 0.000000 0.000000 0.000000 1.000000
0.991225 0.106534 0.078257 -0.000000 -0.121885 0.965732 0.229140 39.117599 -0.051164 -0.236668 0.970243 11.977000 0.000000 0.000000 0.000000 1.000000
0.991769 0.102719 0.076444 0.000000 -0.117766 0.966110 0.229700 39.117599 -0.050259 -0.236812 0.970255 11.977000 0.000000 0.000000 0.000000 1.000000
0.992466 0.097569 0.074106 0.000000 -0.112270 0.966408 0.231196 39.117599 -0.049059 -0.237774 0.970081 11.977000 0.000000 0.000000 0.000000 1.000000
0.993166 0.092120 0.071665 0.000000 -0.106478 0.966599 0.233127 39.117599 -0.047796 -0.239164 0.969802 11.977000 0.000000 0.000000 0.000000 1.000000
0.993824 0.086688 0.069271 0.000000 -0.100724 0.966678 0.235348 39.117599 -0.046561 -0.240871 0.969440 11.977000 0.000000 0.000000 0.000000 1.000000
0.994320 0.082374 0.067389 0.000000 -0.096144 0.966779 0.236842 39.117599 -0.045641 -0.241976 0.969208 11.977000 0.000000 0.000000 0.000000 1.000000
0.994608 0.079705 0.066350 0.000000 -0.093308 0.966997 0.237088 39.117599 -0.045263 -0.242001 0.969220 11.977000 0.000000 0.000000 0.000000 1.000000
0.994933 0.076551 0.065185 0.000000 -0.089979 0.967208 0.237512 39.117599 -0.044866 -0.242173 0.969195 11.977000 0.000000 0.000000 0.000000 1.000000
0.995117 0.074795 0.064396 0.000000 -0.088167 0.966912 0.239391 39.117599 -0.044360 -0.243900 0.968785 11.977000 0.000000 0.000000 0.000000 1.000000
0.995232 0.073541 0.064077 0.000000 -0.086950 0.966585 0.241150 39.117599 -0.044201 -0.245572 0.968370 11.977000 0.000000 0.000000 0.000000 1.000000
0.995560 0.069963 0.062965 0.000000 -0.083241 0.966697 0.242008 39.117599 -0.043936 -0.246175 0.968229 11.977000 0.000000 0.000000 0.000000 1.000000
0.995639 0.069167 0.062595 -0.000000 -0.082525 0.965929 0.245299 39.117599 -0.043496 -0.249395 0.967425 11.977000 0.000000 0.000000 0.000000 1.000000
0.995505 0.070368 0.063385 -0.000000 -0.083963 0.965379 0.246970 39.117599 -0.043812 -0.251182 0.966948 11.977000 0.000000 0.000000 0.000000 1.000000
0.995411 0.071198 0.063938 0.000000 -0.084772 0.966061 0.244009 39.117599 -0.044395 -0.248309 0.967663 11.977000 0.000000 0.000000 0.000000 1.000000
0.995264 0.073268 0.063888 -0.000000 -0.086602 0.966819 0.240337 39.117599 -0.044159 -0.244732 0.968585 11.977000 0.000000 0.000000 0.000000 1.000000
0.995442 0.071181 0.063464 -0.000000 -0.084210 0.968421 0.234668 39.117599 -0.044756 -0.238942 0.970002 11.977000 0.000000 0.000000 0.000000 1.000000
0.995974 0.064475 0.062278 0.000000 -0.077063 0.970737 0.227443 39.117599 -0.045791 -0.231327 0.971798 11.977000 0.000000 0.000000 0.000000 1.000000
0.996250 0.061014 0.061341 -0.000000 -0.073177 0.972482 0.221188 39.117599 -0.046157 -0.224847 0.973300 11.977000 0.000000 0.000000 0.000000 1.000000
0.996399 0.058276 0.061589 0.000000 -0.070554 0.972705 0.221061 39.117599 -0.047026 -0.224611 0.973313 11.977000 0.000000 0.000000 0.000000 1.000000
0.996727 0.052867 0.061161 -0.000000 -0.065460 0.971731 0.226835 39.117599 -0.047440 -0.230096 0.972011 11.977000 0.000000 0.000000 0.000000 1.000000
0.996946 0.049712 0.060233 -0.000000 -0.062301 0.971305 0.229531 39.117599 -0.047095 -0.232582 0.971436 11.977000 0.000000 0.000000 0.000000 1.000000
0.996678 0.053181 0.061683 0.000000 -0.066248 0.969927 0.234207 39.117599 -0.047372 -0.237515 0.970228 11.977000 0.000000 0.000000 0.000000 1.000000
0.996243 0.058489 0.063859 -0.000000 -0.071973 0.969324 0.235012 39.117599 -0.048155 -0.238725 0.969893 11.977000 0.000000 0.000000 0.000000 1.000000
0.995881 0.062790 0.065413 -0.000000 -0.076323 0.969979 0.230901 39.117599 -0.048951 -0.234942 0.970776 11.977000 0.000000 0.000000 0.000000 1.000000
0.995254 0.069802 0.067804 0.000000 -0.083823 0.968865 0.232968 39.117599 -0.049431 -0.237546 0.970118 11.977000 0.000000 0.000000 0.000000 1.000000
0.994485 0.077783 0.070355 0.000000 -0.092245 0.967894 0.233819 39.117599 -0.049909 -0.239019 0.969731 11.977000 0.000000 0.000000 0.000000 1.000000</float_array>
        <technique_common>
          <accessor source="#mixamorig_Neck-Matrix-animation-output-transform-array" count="37" stride="16">
            <param type="float4x4"/>
          </accessor>
        </technique_common>
      </source>
      <source id="mixamorig_Neck-Interpolations">
        <Name_array id="mixamorig_Neck-Interpolations-array" count="37">
 LINEAR LINEAR LINEAR LINEAR LINEAR LINEAR LINEAR LINEAR LINEAR LINEAR LINEAR
LINEAR LINEAR LINEAR LINEAR LINEAR LINEAR LINEAR LINEAR LINEAR LINEAR LINEAR LINEAR
LINEAR LINEAR LINEAR LINEAR LINEAR LINEAR LINEAR LINEAR LINEAR LINEAR LINEAR LINEAR
LINEAR LINEAR</Name_array>
        <technique_common>
          <accessor source="#mixamorig_Neck-Interpolations-array" count="37">
            <param type="name"/>
          </accessor>
        </technique_common>
      </source>
      <sampler id="mixamorig_Neck-Matrix-animation-transform">
        <input semantic="INPUT" source="#mixamorig_Neck-Matrix-animation-input"/>
        <input semantic="OUTPUT" source="#mixamorig_Neck-Matrix-animation-output-transform"/>
        <input semantic="INTERPOLATION" source="#mixamorig_Neck-Interpolations"/>
      </sampler>
      <channel source="#mixamorig_Neck-Matrix-animation-transform" target="mixamorig_Neck/matrix"/>
    </animation>
    <animation id="mixamorig_Head-anim" name="mixamorig_Head">
      <source id="mixamorig_Head-Matrix-animation-input">
        <float_array id="mixamorig_Head-Matrix-animation-input-array" count="37">

0.000000 0.033333 0.066667 0.100000 0.133333 0.166667 0.200000 0.233333 0.266667 0.300000 0.333333 0.366667 0.400000 0.433333 0.466667 0.500000
0.533333 0.566667 0.600000 0.633333 0.666667 0.700000 0.733333 0.766667 0.800000 0.833333 0.866667 0.900000 0.933333 0.966667 1.000000 1.033333
1.066667 1.100000 1.133333 1.166667 1.200000</float_array>
        <technique_common>
