<?xml version="1.0" encoding="utf-8"?>
<COLLADA xmlns="http://www.collada.org/2005/11/COLLADASchema" version="1.4.1">
  <asset>
    <contributor>
      <author>Mixamo</author>
      <authoring_tool>COLLADA Mixamo exporter</authoring_tool>
      <comments/>
    </contributor>
    <created>2024-12-02T01:42:12Z</created>
    <modified>2024-12-02T01:42:12Z</modified>
    <revision/>
    <title/>
    <unit meter="0.010000"/>
    <up_axis>Y_UP</up_axis>
  </asset>
  <library_animations>
    <animation id="mixamorig_Hips-anim" name="mixamorig_Hips">
      <source id="mixamorig_Hips-Matrix-animation-input">
        <float_array id="mixamorig_Hips-Matrix-animation-input-array" count="19">

0.000000 0.033333 0.066667 0.100000 0.133333 0.166667 0.200000 0.233333 0.266667 0.300000 0.333333 0.366667 0.400000 0.433333 0.466667 0.500000
0.533333 0.566667 0.600000</float_array>
        <technique_common>
          <accessor source="#mixamorig_Hips-Matrix-animation-input-array" count="19">
            <param name="TIME" type="float"/>
          </accessor>
        </technique_common>
      </source>
      <source id="mixamorig_Hips-Matrix-animation-output-transform">
        <float_array id="mixamorig_Hips-Matrix-animation-output-transform-array" count="304">

0.988784 0.006815 -0.149196 0.485590 -0.016339 0.997898 -0.062703 83.621315 0.148455 0.064438 0.986818 3.437766 0.000000 0.000000 0.000000 1.000000
0.987949 0.055331 -0.144555 0.247025 -0.059518 0.997919 -0.024799 92.352318 0.142882 0.033104 0.989186 3.328839 0.000000 0.000000 0.000000 1.000000
0.988000 0.072970 -0.136133 0.057479 -0.068234 0.996901 0.039142 102.097336 0.138567 -0.029384 0.989917 3.189264 0.000000 0.000000 0.000000 1.000000
0.986736 0.072995 -0.144993 -0.017459 -0.055304 0.990926 0.122504 109.678436 0.152620 -0.112861 0.981820 2.927868 0.000000 0.000000 0.000000 1.000000
0.984696 0.053713 -0.165798 -1.032925 -0.026620 0.986514 0.161498 113.496536 0.172236 -0.154613 0.972846 2.355178 0.000000 0.000000 0.000000 1.000000
0.981699 0.031147 -0.187875 -1.742238 -0.010043 0.993629 0.112254 115.881073 0.190175 -0.108313 0.975757 1.426496 0.000000 0.000000 0.000000 1.000000
0.979312 0.011718 -0.202016 -2.116022 0.000001 0.998322 0.057913 117.705238 0.202356 -0.056715 0.977668 1.339781 0.000000 0.000000 0.000000 1.000000
0.980599 0.018744 -0.195127 -3.055905 -0.017736 0.999819 0.006911 120.010529 0.195221 -0.003316 0.980754 2.564529 0.000000 0.000000 0.000000 1.000000
0.982041 0.028634 -0.186484 -3.819426 -0.037180 0.998405 -0.042492 122.501221 0.184970 0.048662 0.981539 4.356504 0.000000 0.000000 0.000000 1.000000
0.982868 0.036567 -0.180646 -2.914881 -0.053038 0.994777 -0.087205 124.118675 0.176514 0.095292 0.979674 5.663405 0.000000 0.000000 0.000000 1.000000
0.983407 0.042150 -0.176450 -1.821059 -0.064541 0.990288 -0.123146 124.644241 0.169545 0.132491 0.976576 6.173348 0.000000 0.000000 0.000000 1.000000
0.983953 0.045290 -0.172586 -1.152936 -0.071110 0.986651 -0.146502 124.125450 0.163647 0.156423 0.974039 6.185152 0.000000 0.000000 0.000000 1.000000
0.984208 0.048609 -0.170214 -1.098624 -0.072337 0.988050 -0.136105 122.488052 0.161564 0.146268 0.975962 5.680602 0.000000 0.000000 0.000000 1.000000
0.983695 0.053117 -0.171824 -1.214540 -0.074749 0.989713 -0.121984 119.645630 0.163577 0.132839 0.977546 4.625215 0.000000 0.000000 0.000000 1.000000
0.982423 0.058964 -0.177109 -1.089100 -0.077763 0.991828 -0.101146 116.445404 0.169698 0.113141 0.978980 3.627664 0.000000 0.000000 0.000000 1.000000
0.981203 0.066763 -0.181063 -0.939355 -0.082191 0.993474 -0.079084 112.569077 0.174601 0.092480 0.980287 3.188687 0.000000 0.000000 0.000000 1.000000
0.982795 0.072334 -0.169949 -0.635046 -0.081536 0.995524 -0.047798 106.919754 0.165731 0.060833 0.984293 3.163365 0.000000 0.000000 0.000000 1.000000
0.990390 0.068472 -0.120161 0.098520 -0.067989 0.997653 0.008122 99.566238 0.120435 0.000126 0.992721 3.482481 0.000000 0.000000 0.000000 1.000000
0.998353 0.053106 -0.021709 -0.343150 -0.050799 0.994112 0.095716 91.662506 0.026664 -0.094455 0.995172 3.434558 0.000000 0.000000 0.000000 1.000000</float_array>
        <technique_common>
          <accessor source="#mixamorig_Hips-Matrix-animation-output-transform-array" count="19" stride="16">
            <param type="float4x4"/>
          </accessor>
        </technique_common>
      </source>
      <source id="mixamorig_Hips-Interpolations">
        <Name_array id="mixamorig_Hips-Interpolations-array" count="19">
 LINEAR LINEAR LINEAR LINEAR LINEAR LINEAR LINEAR LINEAR LINEAR LINEAR LINEAR
LINEAR LINEAR LINEAR LINEAR LINEAR LINEAR LINEAR LINEAR</Name_array>
        <technique_common>
          <accessor source="#mixamorig_Hips-Interpolations-array" count="19">
            <param type="name"/>
          </accessor>
        </technique_common>
      </source>
      <sampler id="mixamorig_Hips-Matrix-animation-transform">
        <input semantic="INPUT" source="#mixamorig_Hips-Matrix-animation-input"/>
        <input semantic="OUTPUT" source="#mixamorig_Hips-Matrix-animation-output-transform"/>
        <input semantic="INTERPOLATION" source="#mixamorig_Hips-Interpolations"/>
      </sampler>
      <channel source="#mixamorig_Hips-Matrix-animation-transform" target="mixamorig_Hips/matrix"/>
    </animation>
    <animation id="mixamorig_Spine-anim" name="mixamorig_Spine">
      <source id="mixamorig_Spine-Matrix-animation-input">
        <float_array id="mixamorig_Spine-Matrix-animation-input-array" count="19">

0.000000 0.033333 0.066667 0.100000 0.133333 0.166667 0.200000 0.233333 0.266667 0.300000 0.333333 0.366667 0.400000 0.433333 0.466667 0.500000
0.533333 0.566667 0.600000</float_array>
        <technique_common>
          <accessor source="#mixamorig_Spine-Matrix-animation-input-array" count="19">
            <param name="TIME" type="float"/>
          </accessor>
        </technique_common>
      </source>
      <source id="mixamorig_Spine-Matrix-animation-output-transform">
        <float_array id="mixamorig_Spine-Matrix-animation-output-transform-array" count="304">

0.998896 -0.026668 0.038683 -0.000000 0.032916 0.984700 -0.171122 13.784800 -0.033528 0.172206 0.984490 0.064400 0.000000 0.000000 0.000000 1.000000
0.995350 -0.089542 0.035509 0.000000 0.094356 0.980500 -0.172387 13.784800 -0.019381 0.174936 0.984389 0.064400 0.000000 0.000000 0.000000 1.000000
0.995260 -0.093207 0.027736 0.000000 0.097111 0.967599 -0.233069 13.784800 -0.005114 0.234658 0.972065 0.064400 0.000000 0.000000 0.000000 1.000000
0.998190 -0.049313 0.034429 -0.000000 0.058286 0.934328 -0.351617 13.784800 -0.014829 0.352987 0.935511 0.064400 0.000000 0.000000 0.000000 1.000000
0.999168 0.001517 0.040752 0.000000 0.016931 0.893676 -0.448394 13.784800 -0.037099 0.448711 0.892907 0.064400 0.000000 0.000000 0.000000 1.000000
0.998814 0.017812 0.045312 -0.000000 0.005871 0.879822 -0.475267 13.784800 -0.048332 0.474970 0.878674 0.064400 0.000000 0.000000 0.000000 1.000000
0.998728 0.020919 0.045881 0.000000 0.005159 0.862720 -0.505655 13.784800 -0.050160 0.505248 0.861515 0.064400 0.000000 0.000000 0.000000 1.000000
0.998908 0.000697 0.046706 0.000000 0.024611 0.841996 -0.538923 13.784800 -0.039702 0.539484 0.841059 0.064400 0.000000 0.000000 0.000000 1.000000
0.998604 -0.015483 0.050505 0.000000 0.041098 0.828396 -0.558633 13.784800 -0.033189 0.559929 0.827876 0.064400 0.000000 0.000000 0.000000 1.000000
0.998066 -0.022677 0.057872 0.000000 0.051744 0.819002 -0.571453 13.784800 -0.034439 0.573343 0.818591 0.064400 0.000000 0.000000 0.000000 1.000000
0.997470 -0.023187 0.067206 0.000000 0.057845 0.814272 -0.577595 13.784800 -0.041332 0.580021 0.813553 0.064400 0.000000 0.000000 0.000000 1.000000
0.996732 -0.019657 0.078357 0.000000 0.061333 0.815415 -0.575618 13.784800 -0.052579 0.578543 0.813955 0.064400 0.000000 0.000000 0.000000 1.000000
0.996159 -0.010865 0.086889 0.000000 0.060053 0.806930 -0.587586 13.784800 -0.063729 0.590547 0.804483 0.064400 0.000000 0.000000 0.000000 1.000000
0.995111 -0.002743 0.098729 0.000000 0.059354 0.815589 -0.575580 13.784800 -0.078944 0.578626 0.811764 0.064400 0.000000 0.000000 0.000000 1.000000
0.992986 0.006828 0.118032 0.000000 0.058704 0.838100 -0.542349 13.784800 -0.102626 0.545474 0.831821 0.064400 0.000000 0.000000 0.000000 1.000000
0.990322 0.014176 0.138065 0.000000 0.056456 0.867606 -0.494037 13.784800 -0.126789 0.497050 0.858409 0.064400 0.000000 0.000000 0.000000 1.000000
0.990136 0.017132 0.139056 0.000000 0.048062 0.890741 -0.451963 13.784800 -0.131606 0.454188 0.881131 0.064400 0.000000 0.000000 0.000000 1.000000
0.994987 0.014492 0.098950 0.000000 0.030725 0.897290 -0.440371 13.784800 -0.095168 0.441204 0.892346 0.064400 0.000000 0.000000 0.000000 1.000000
0.998261 0.058559 0.006759 0.000000 -0.048200 0.876874 -0.478297 13.784800 -0.033935 0.477140 0.878172 0.064400 0.000000 0.000000 0.000000 1.000000</float_array>
        <technique_common>
          <accessor source="#mixamorig_Spine-Matrix-animation-output-transform-array" count="19" stride="16">
            <param type="float4x4"/>
          </accessor>
        </technique_common>
      </source>
      <source id="mixamorig_Spine-Interpolations">
        <Name_array id="mixamorig_Spine-Interpolations-array" count="19">
 LINEAR LINEAR LINEAR LINEAR LINEAR LINEAR LINEAR LINEAR LINEAR LINEAR LINEAR
LINEAR LINEAR LINEAR LINEAR LINEAR LINEAR LINEAR LINEAR</Name_array>
        <technique_common>
          <accessor source="#mixamorig_Spine-Interpolations-array" count="19">
            <param type="name"/>
          </accessor>
        </technique_common>
      </source>
      <sampler id="mixamorig_Spine-Matrix-animation-transform">
        <input semantic="INPUT" source="#mixamorig_Spine-Matrix-animation-input"/>
        <input semantic="OUTPUT" source="#mixamorig_Spine-Matrix-animation-output-transform"/>
        <input semantic="INTERPOLATION" source="#mixamorig_Spine-Interpolations"/>
      </sampler>
      <channel source="#mixamorig_Spine-Matrix-animation-transform" target="mixamorig_Spine/matrix"/>
    </animation>
    <animation id="mixamorig_Spine1-anim" name="mixamorig_Spine1">
      <source id="mixamorig_Spine1-Matrix-animation-input">
        <float_array id="mixamorig_Spine1-Matrix-animation-input-array" count="19">

0.000000 0.033333 0.066667 0.100000 0.133333 0.166667 0.200000 0.233333 0.266667 0.300000 0.333333 0.366667 0.400000 0.433333 0.466667 0.500000
0.533333 0.566667 0.600000</float_array>
        <technique_common>
          <accessor source="#mixamorig_Spine1-Matrix-animation-input-array" count="19">
            <param name="TIME" type="float"/>
          </accessor>
        </technique_common>
      </source>
      <source id="mixamorig_Spine1-Matrix-animation-output-transform">
        <float_array id="mixamorig_Spine1-Matrix-animation-output-transform-array" count="304">

0.998696 -0.025268 0.044371 0.000000 0.029314 0.995230 -0.093047 12.024300 -0.041808 0.094227 0.994673 0.000000 0.000000 0.000000 0.000000 1.000000
0.999493 -0.025673 0.018855 0.000000 0.027180 0.996044 -0.084604 12.024300 -0.016608 0.085074 0.996236 0.000000 0.000000 0.000000 0.000000 1.000000
0.999592 -0.028523 0.001670 -0.000000 0.028552 0.994993 -0.095778 12.024300 0.001070 0.095787 0.995401 0.000000 0.000000 0.000000 0.000000 1.000000
0.999393 -0.034807 -0.001142 0.000000 0.034412 0.992024 -0.121259 12.024300 0.005354 0.121147 0.992620 0.000000 0.000000 0.000000 0.000000 1.000000
0.999256 -0.038482 0.002596 0.000000 0.038449 0.988591 -0.145633 12.024300 0.003038 0.145625 0.989335 -0.000000 0.000000 0.000000 0.000000 1.000000
0.999436 -0.033486 0.002556 0.000000 0.033445 0.985552 -0.166038 12.024300 0.003041 0.166030 0.986116 0.000000 0.000000 0.000000 0.000000 1.000000
0.999800 -0.019957 -0.001500 -0.000000 0.019359 0.983405 -0.180387 12.024300 0.005075 0.180322 0.983595 0.000000 0.000000 0.000000 0.000000 1.000000
0.999911 -0.012137 0.005588 0.000000 0.012999 0.980435 -0.196415 12.024300 -0.003095 0.196470 0.980505 0.000000 0.000000 0.000000 0.000000 1.000000
0.999801 -0.013254 0.014922 0.000000 0.016105 0.977379 -0.210882 12.024300 -0.011790 0.211081 0.977398 0.000000 0.000000 0.000000 0.000000 1.000000
0.999589 -0.015583 0.024042 -0.000000 0.020586 0.974269 -0.224447 12.024300 -0.019926 0.224849 0.974190 -0.000000 0.000000 0.000000 0.000000 1.000000
0.999357 -0.018063 0.030972 -0.000000 0.024862 0.971529 -0.235613 12.024300 -0.025835 0.236231 0.971353 -0.000000 0.000000 0.000000 0.000000 1.000000
0.999229 -0.019771 0.033929 0.000000 0.027583 0.968352 -0.248058 12.024300 -0.027951 0.248803 0.968151 0.000000 0.000000 0.000000 0.000000 1.000000
0.999170 -0.019834 0.035572 0.000000 0.028390 0.965420 -0.259148 12.024300 -0.029203 0.259943 0.965182 0.000000 0.000000 0.000000 0.000000 1.000000
0.999153 -0.020378 0.035742 0.000000 0.028808 0.966744 -0.254118 12.024300 -0.029375 0.254933 0.966513 0.000000 0.000000 0.000000 0.000000 1.000000
0.999221 -0.022228 0.032612 0.000000 0.029312 0.971289 -0.236088 12.024300 -0.026428 0.236860 0.971184 0.000000 0.000000 0.000000 0.000000 1.000000
0.999416 -0.022039 0.026130 -0.000000 0.027066 0.977086 -0.211117 12.024300 -0.020878 0.211700 0.977112 0.000000 0.000000 0.000000 0.000000 1.000000
0.999644 -0.018962 0.018791 0.000000 0.022235 0.980950 -0.192983 12.024300 -0.014774 0.193332 0.981022 0.000000 0.000000 0.000000 0.000000 1.000000
0.999809 -0.009160 0.017253 0.000000 0.012174 0.982917 -0.183646 12.024300 -0.015276 0.183821 0.982841 0.000000 0.000000 0.000000 0.000000 1.000000
0.999585 -0.006360 0.028103 0.000000 0.011689 0.980978 -0.193767 12.024300 -0.026336 0.194015 0.980645 0.000000 0.000000 0.000000 0.000000 1.000000</float_array>
        <technique_common>
          <accessor source="#mixamorig_Spine1-Matrix-animation-output-transform-array" count="19" stride="16">
            <param type="float4x4"/>
          </accessor>
        </technique_common>
      </source>
      <source id="mixamorig_Spine1-Interpolations">
        <Name_array id="mixamorig_Spine1-Interpolations-array" count="19">
 LINEAR LINEAR LINEAR LINEAR LINEAR LINEAR LINEAR LINEAR LINEAR LINEAR LINEAR
LINEAR LINEAR LINEAR LINEAR LINEAR LINEAR LINEAR LINEAR</Name_array>
        <technique_common>
          <accessor source="#mixamorig_Spine1-Interpolations-array" count="19">
            <param type="name"/>
          </accessor>
        </technique_common>
      </source>
      <sampler id="mixamorig_Spine1-Matrix-animation-transform">
        <input semantic="INPUT" source="#mixamorig_Spine1-Matrix-animation-input"/>
        <input semantic="OUTPUT" source="#mixamorig_Spine1-Matrix-animation-output-transform"/>
        <input semantic="INTERPOLATION" source="#mixamorig_Spine1-Interpolations"/>
      </sampler>
      <channel source="#mixamorig_Spine1-Matrix-animation-transform" target="mixamorig_Spine1/matrix"/>
    </animation>
    <animation id="mixamorig_Spine2-anim" name="mixamorig_Spine2">
      <source id="mixamorig_Spine2-Matrix-animation-input">
        <float_array id="mixamorig_Spine2-Matrix-animation-input-array" count="19">

0.000000 0.033333 0.066667 0.100000 0.133333 0.166667 0.200000 0.233333 0.266667 0.300000 0.333333 0.366667 0.400000 0.433333 0.466667 0.500000
0.533333 0.566667 0.600000</float_array>
        <technique_common>
          <accessor source="#mixamorig_Spine2-Matrix-animation-input-array" count="19">
            <param name="TIME" type="float"/>
          </accessor>
        </technique_common>
      </source>
      <source id="mixamorig_Spine2-Matrix-animation-output-transform">
        <float_array id="mixamorig_Spine2-Matrix-animation-output-transform-array" count="304">

0.998837 -0.024459 0.041555 -0.000000 0.028882 0.993578 -0.109403 17.815800 -0.038612 0.110476 0.993128 0.000000 0.000000 0.000000 0.000000 1.000000
0.999541 -0.025556 0.016278 0.000000 0.027069 0.994543 -0.100756 17.815800 -0.013615 0.101151 0.994778 0.000000 0.000000 0.000000 0.000000 1.000000
0.999584 -0.028846 -0.000716 -0.000000 0.028585 0.993327 -0.111732 17.815800 0.003935 0.111665 0.993738 0.000000 0.000000 0.000000 0.000000 1.000000
0.999373 -0.035276 -0.002872 0.000000 0.034549 0.989938 -0.137218 17.815800 0.007684 0.137033 0.990537 -0.000000 0.000000 0.000000 0.000000 1.000000
0.999246 -0.038778 0.001644 0.000000 0.038534 0.986111 -0.161556 17.815800 0.004643 0.161498 0.986862 0.000000 0.000000 0.000000 0.000000 1.000000
0.999422 -0.033982 0.000875 0.000000 0.033574 0.982746 -0.181889 17.815800 0.005321 0.181813 0.983319 0.000000 0.000000 0.000000 0.000000 1.000000
0.999769 -0.020982 -0.004680 -0.000000 0.019657 0.980367 -0.196198 17.815800 0.008704 0.196061 0.980553 0.000000 0.000000 0.000000 0.000000 1.000000
0.999912 -0.013092 0.002233 -0.000000 0.013267 0.977116 -0.212295 17.815800 0.000598 0.212306 0.977203 0.000000 0.000000 0.000000 0.000000 1.000000
0.999823 -0.014276 0.012290 -0.000000 0.016692 0.973799 -0.226796 17.815800 -0.008730 0.226961 0.973865 0.000000 0.000000 0.000000 0.000000 1.000000
0.999620 -0.016847 0.021820 0.000000 0.021601 0.970453 -0.240320 17.815800 -0.017126 0.240700 0.970448 -0.000000 0.000000 0.000000 0.000000 1.000000
0.999388 -0.019608 0.028956 -0.000000 0.026267 0.967523 -0.251414 17.815800 -0.023086 0.252020 0.967447 0.000000 0.000000 0.000000 0.000000 1.000000
0.999249 -0.021751 0.032073 0.000000 0.029452 0.964138 -0.263764 17.815800 -0.025185 0.264510 0.964054 0.000000 0.000000 0.000000 0.000000 1.000000
0.999177 -0.022415 0.033794 0.000000 0.030852 0.961012 -0.274780 17.815800 -0.026317 0.275596 0.960913 0.000000 0.000000 0.000000 0.000000 1.000000
0.999158 -0.023320 0.033750 -0.000000 0.031574 0.962409 -0.269761 17.815800 -0.026190 0.270600 0.962336 0.000000 0.000000 0.000000 0.000000 1.000000
0.999230 -0.025208 0.030064 0.000000 0.031976 0.967268 -0.251734 17.815800 -0.022734 0.252501 0.967329 0.000000 0.000000 0.000000 0.000000 1.000000
0.999434 -0.024701 0.022823 0.000000 0.029237 0.973525 -0.226703 17.815800 -0.016619 0.227242 0.973696 -0.000000 0.000000 0.000000 0.000000 1.000000
0.999666 -0.021098 0.014918 0.000000 0.023742 0.977834 -0.208033 17.815800 -0.010198 0.208318 0.978008 0.000000 0.000000 0.000000 0.000000 1.000000
0.999845 -0.010316 0.014294 0.000000 0.012938 0.980208 -0.197546 17.815800 -0.011973 0.197700 0.980189 0.000000 0.000000 0.000000 0.000000 1.000000
0.999668 -0.006607 0.024888 0.000000 0.011558 0.978821 -0.204392 17.815800 -0.023010 0.204612 0.978573 0.000000 0.000000 0.000000 0.000000 1.000000</float_array>
        <technique_common>
          <accessor source="#mixamorig_Spine2-Matrix-animation-output-transform-array" count="19" stride="16">
            <param type="float4x4"/>
          </accessor>
        </technique_common>
      </source>
      <source id="mixamorig_Spine2-Interpolations">
        <Name_array id="mixamorig_Spine2-Interpolations-array" count="19">
 LINEAR LINEAR LINEAR LINEAR LINEAR LINEAR LINEAR LINEAR LINEAR LINEAR LINEAR
LINEAR LINEAR LINEAR LINEAR LINEAR LINEAR LINEAR LINEAR</Name_array>
        <technique_common>
          <accessor source="#mixamorig_Spine2-Interpolations-array" count="19">
            <param type="name"/>
          </accessor>
        </technique_common>
      </source>
      <sampler id="mixamorig_Spine2-Matrix-animation-transform">
        <input semantic="INPUT" source="#mixamorig_Spine2-Matrix-animation-input"/>
        <input semantic="OUTPUT" source="#mixamorig_Spine2-Matrix-animation-output-transform"/>
        <input semantic="INTERPOLATION" source="#mixamorig_Spine2-Interpolations"/>
      </sampler>
      <channel source="#mixamorig_Spine2-Matrix-animation-transform" target="mixamorig_Spine2/matrix"/>
    </animation>
    <animation id="mixamorig_Neck-anim" name="mixamorig_Neck">
      <source id="mixamorig_Neck-Matrix-animation-input">
        <float_array id="mixamorig_Neck-Matrix-animation-input-array" count="19">

0.000000 0.033333 0.066667 0.100000 0.133333 0.166667 0.200000 0.233333 0.266667 0.300000 0.333333 0.366667 0.400000 0.433333 0.466667 0.500000
0.533333 0.566667 0.600000</float_array>
        <technique_common>
          <accessor source="#mixamorig_Neck-Matrix-animation-input-array" count="19">
            <param name="TIME" type="float"/>
          </accessor>
        </technique_common>
      </source>
      <source id="mixamorig_Neck-Matrix-animation-output-transform">
        <float_array id="mixamorig_Neck-Matrix-animation-output-transform-array" count="304">

0.999827 -0.000548 -0.018581 0.000000 -0.005690 0.942560 -0.333987 39.117599 0.017697 0.334035 0.942394 11.977000 0.000000 0.000000 0.000000 1.000000
0.999646 -0.021932 -0.015088 0.000000 0.015031 0.932810 -0.360054 39.117599 0.021971 0.359700 0.932809 11.977000 0.000000 0.000000 0.000000 1.000000
0.999642 -0.024278 -0.011201 0.000000 0.018393 0.928469 -0.370954 39.117599 0.019406 0.370615 0.928584 11.977000 0.000000 0.000000 0.000000 1.000000
0.999703 -0.024292 -0.001740 0.000000 0.022160 0.936971 -0.348704 39.117599 0.010101 0.348562 0.937231 11.977000 0.000000 0.000000 0.000000 1.000000
0.999815 -0.014150 0.013054 0.000000 0.017555 0.948432 -0.316494 39.117599 -0.007902 0.316665 0.948505 11.977000 0.000000 0.000000 0.000000 1.000000
0.999581 0.006220 0.028283 0.000000 0.002799 0.951335 -0.308144 39.117599 -0.028823 0.308094 0.950919 11.977000 0.000000 0.000000 0.000000 1.000000
0.999099 0.018246 0.038305 -0.000000 -0.004959 0.946837 -0.321675 39.117599 -0.042138 0.321195 0.946075 11.977000 0.000000 0.000000 0.000000 1.000000
0.999004 0.017508 0.041040 0.000000 -0.002814 0.942688 -0.333662 39.117599 -0.044530 0.333215 0.941799 11.977000 0.000000 0.000000 0.000000 1.000000
0.999096 0.016739 0.039064 0.000000 -0.002253 0.938734 -0.344636 39.117599 -0.042439 0.344236 0.937923 11.977000 0.000000 0.000000 0.000000 1.000000
0.999147 0.020120 0.036067 0.000000 -0.005482 0.930189 -0.367040 39.117599 -0.040935 0.366529 0.929506 11.977000 0.000000 0.000000 0.000000 1.000000
0.999203 0.021904 0.033362 0.000000 -0.007109 0.920253 -0.391259 39.117599 -0.039272 0.390710 0.919676 11.977000 0.000000 0.000000 0.000000 1.000000
0.999234 0.023835 0.031029 0.000000 -0.009436 0.916432 -0.400078 39.117599 -0.037972 0.399479 0.915956 11.977000 0.000000 0.000000 0.000000 1.000000
0.999056 0.031310 0.030115 0.000000 -0.016876 0.918494 -0.395074 39.117599 -0.040030 0.394192 0.918156 11.977000 0.000000 0.000000 0.000000 1.000000
0.998884 0.035408 0.031256 0.000000 -0.020416 0.920472 -0.390275 39.117599 -0.042589 0.389202 0.920168 11.977000 0.000000 0.000000 0.000000 1.000000
0.998979 0.030651 0.033201 -0.000000 -0.015256 0.920397 -0.390687 39.117599 -0.042533 0.389781 0.919925 11.977000 0.000000 0.000000 0.000000 1.000000
0.998883 0.032417 0.034381 -0.000000 -0.016605 0.921981 -0.386878 39.117599 -0.044240 0.385875 0.921490 11.977000 0.000000 0.000000 0.000000 1.000000
0.998126 0.050348 0.034781 0.000000 -0.033799 0.927401 -0.372539 39.117599 -0.051012 0.370666 0.927364 11.977000 0.000000 0.000000 0.000000 1.000000
0.997375 0.062760 0.036121 0.000000 -0.045877 0.933599 -0.355370 39.117599 -0.056025 0.352780 0.934028 11.977000 0.000000 0.000000 0.000000 1.000000
0.998762 0.024766 0.043146 0.000000 -0.009323 0.945089 -0.326680 39.117599 -0.048867 0.325874 0.944150 11.977000 0.000000 0.000000 0.000000 1.000000</float_array>
        <technique_common>
          <accessor source="#mixamorig_Neck-Matrix-animation-output-transform-array" count="19" stride="16">
            <param type="float4x4"/>
          </accessor>
        </technique_common>
      </source>
      <source id="mixamorig_Neck-Interpolations">
        <Name_array id="mixamorig_Neck-Interpolations-array" count="19">
 LINEAR LINEAR LINEAR LINEAR LINEAR LINEAR LINEAR LINEAR LINEAR LINEAR LINEAR
LINEAR LINEAR LINEAR LINEAR LINEAR LINEAR LINEAR LINEAR</Name_array>
        <technique_common>
          <accessor source="#mixamorig_Neck-Interpolations-array" count="19">
            <param type="name"/>
          </accessor>
        </technique_common>
      </source>
      <sampler id="mixamorig_Neck-Matrix-animation-transform">
        <input semantic="INPUT" source="#mixamorig_Neck-Matrix-animation-input"/>
        <input semantic="OUTPUT" source="#mixamorig_Neck-Matrix-animation-output-transform"/>
        <input semantic="INTERPOLATION" source="#mixamorig_Neck-Interpolations"/>
      </sampler>
      <channel source="#mixamorig_Neck-Matrix-animation-transform" target="mixamorig_Neck/matrix"/>
    </animation>
    <animation id="mixamorig_Head-anim" name="mixamorig_Head">
      <source id="mixamorig_Head-Matrix-animation-input">
        <float_array id="mixamorig_Head-Matrix-animation-input-array" count="19">

0.000000 0.033333 0.066667 0.100000 0.133333 0.166667 0.200000 0.233333 0.266667 0.300000 0.333333 0.366667 0.400000 0.433333 0.466667 0.500000
0.533333 0.566667 0.600000</float_array>
        <technique_common>
          <accessor source="#mixamorig_Head-Matrix-animation-input-array" count="19">
            <param name="TIME" type="float"/>
          </accessor>
        </technique_common>
      </source>
      <source id="mixamorig_Head-Matrix-animation-output-transform">
        <float_array id="mixamorig_Head-Matrix-animation-output-transform-array" count="304">

0.989428 0.100864 0.104207 0.000000 -0.097597 0.994575 -0.036005 14.552500 -0.107273 0.025454 0.993904 15.664100 0.000000 0.000000 0.000000 1.000000
0.982271 0.149096 0.113644 0.000000 -0.126386 0.974396 -0.185953 14.552500 -0.138459 0.168293 0.975964 15.664100 0.000000 0.000000 0.000000 1.000000
0.979903 0.163764 0.113895 -0.000000 -0.132744 0.961536 -0.240473 14.552500 -0.148895 0.220522 0.963950 15.664100 0.000000 0.000000 0.000000 1.000000
0.981325 0.155450 0.113297 0.000000 -0.128141 0.967574 -0.217670 14.552500 -0.143460 0.199088 0.969424 15.664100 0.000000 0.000000 0.000000 1.000000
0.984037 0.153892 0.089375 -0.000000 -0.137319 0.976052 -0.168719 14.552500 -0.113199 0.153753 0.981604 15.664100 0.000000 0.000000 0.000000 1.000000
0.984925 0.166819 0.045772 0.000000 -0.158908 0.977079 -0.141649 14.552500 -0.068352 0.132240 0.988858 15.664100 0.000000 0.000000 0.000000 1.000000
0.986340 0.164530 0.007918 0.000000 -0.162028 0.977751 -0.133231 14.552500 -0.029662 0.130129 0.991053 15.664100 0.000000 0.000000 0.000000 1.000000
0.991484 0.121247 -0.047530 0.000000 -0.125460 0.987155 -0.098919 14.552500 0.034926 0.104039 0.993960 15.664100 0.000000 0.000000 0.000000 1.000000
0.992565 0.076694 -0.094509 0.000000 -0.081012 0.995797 -0.042724 14.552500 0.090835 0.050063 0.994607 15.664100 0.000000 0.000000 0.000000 1.000000
0.992572 0.056069 -0.107971 0.000000 -0.056045 0.998423 0.003266 14.552500 0.107984 0.002809 0.994149 15.664100 0.000000 0.000000 0.000000 1.000000
0.993184 0.048147 -0.106146 -0.000000 -0.046632 0.998772 0.016704 14.552500 0.106820 -0.011640 0.994210 15.664100 0.000000 0.000000 0.000000 1.000000
0.993461 0.051144 -0.102074 0.000000 -0.050681 0.998689 0.007123 14.552500 0.102305 -0.001903 0.994751 15.664100 0.000000 0.000000 0.000000 1.000000
0.994050 0.059506 -0.091230 0.000000 -0.060128 0.998182 -0.004088 14.552500 0.090821 0.009550 0.995821 15.664100 0.000000 0.000000 0.000000 1.000000
0.995434 0.057840 -0.075938 0.000000 -0.059057 0.998158 -0.013877 14.552500 0.074995 0.018299 0.997016 15.664100 0.000000 0.000000 0.000000 1.000000
0.997347 0.045243 -0.057030 0.000000 -0.047286 0.998268 -0.034998 14.552500 0.055348 0.037601 0.997759 15.664100 0.000000 0.000000 0.000000 1.000000
0.998778 0.026862 -0.041485 -0.000000 -0.030068 0.996447 -0.078676 14.552500 0.039224 0.079827 0.996037 15.664100 0.000000 0.000000 0.000000 1.000000
0.999495 0.008532 -0.030596 0.000000 -0.012974 0.988891 -0.148075 14.552500 0.028992 0.148397 0.988503 15.664100 0.000000 0.000000 0.000000 1.000000
0.999659 -0.005431 -0.025526 0.000000 -0.000416 0.974663 -0.223679 14.552500 0.026094 0.223614 0.974329 15.664100 0.000000 0.000000 0.000000 1.000000
0.999598 -0.024389 -0.014449 0.000000 0.019271 0.958445 -0.284625 14.552500 0.020790 0.284232 0.958530 15.664100 0.000000 0.000000 0.000000 1.000000</float_array>
        <technique_common>
          <accessor source="#mixamorig_Head-Matrix-animation-output-transform-array" count="19" stride="16">
            <param type="float4x4"/>
          </accessor>
        </technique_common>
      </source>
      <source id="mixamorig_Head-Interpolations">
        <Name_array id="mixamorig_Head-Interpolations-array" count="19">
 LINEAR LINEAR LINEAR LINEAR LINEAR LINEAR LINEAR LINEAR LINEAR LINEAR LINEAR
LINEAR LINEAR LINEAR LINEAR LINEAR LINEAR LINEAR LINEAR</Name_array>
        <technique_common>
          <accessor source="#mixamorig_Head-Interpolations-array" count="19">
            <param type="name"/>
          </accessor>
        </technique_common>
      </source>
      <sampler id="mixamorig_Head-Matrix-animation-transform">
        <input semantic="INPUT" source="#mixamorig_Head-Matrix-animation-input"/>
        <input semantic="OUTPUT" source="#mixamorig_Head-Matrix-animation-output-transform"/>
        <input semantic="INTERPOLATION" source="#mixamorig_Head-Interpolations"/>
      </sampler>
      <channel source="#mixamorig_Head-Matrix-animation-transform" target="mixamorig_Head/matrix"/>
    </animation>
    <animation id="mixamorig_LeftShoulder-anim" name="mixamorig_LeftShoulder">
      <source id="mixamorig_LeftShoulder-Matrix-animation-input">
        <float_array id="mixamorig_LeftShoulder-Matrix-animation-input-array" count="19">

0.000000 0.033333 0.066667 0.100000 0.133333 0.166667 0.200000 0.233333 0.266667 0.300000 0.333333 0.366667 0.400000 0.433333 0.466667 0.500000
0.533333 0.566667 0.600000</float_array>
        <technique_common>
          <accessor source="#mixamorig_LeftShoulder-Matrix-animation-input-array" count="19">
            <param name="TIME" type="float"/>
          </accessor>
        </technique_common>
      </source>
      <source id="mixamorig_LeftShoulder-Matrix-animation-output-transform">
        <float_array id="mixamorig_LeftShoulder-Matrix-animation-output-transform-array" count="304">

0.003867 0.909877 0.414861 17.399500 0.012424 0.414788 -0.909833 24.614201 -0.999915 0.008672 -0.009700 1.157900 0.000000 0.000000 0.000000 1.000000
-0.020102 0.935950 0.351558 17.399500 0.009228 0.351787 -0.936034 24.614201 -0.999755 -0.015572 -0.015708 1.157900 0.000000 0.000000 0.000000 1.000000
-0.019177 0.952121 0.305119 17.399500 0.009699 0.305338 -0.952195 24.614201 -0.999769 -0.015301 -0.015090 1.157900 0.000000 0.000000 0.000000 1.000000
-0.001621 0.954291 0.298874 17.399500 0.011143 0.298873 -0.954228 24.614201 -0.999937 0.001784 -0.011118 1.157900 0.000000 0.000000 0.000000 1.000000
0.022047 0.952959 0.302297 17.399500 0.013470 0.302060 -0.953194 24.614201 -0.999666 0.025087 -0.006177 1.157900 0.000000 0.000000 0.000000 1.000000
0.056175 0.947545 0.314646 17.399500 0.014460 0.314338 -0.949201 24.614201 -0.998316 0.057871 0.003956 1.157900 0.000000 0.000000 0.000000 1.000000
0.097489 0.929566 0.355533 17.399500 0.017765 0.355552 -0.934488 24.614201 -0.995078 0.097419 0.018149 1.157900 0.000000 0.000000 0.000000 1.000000
0.131840 0.908956 0.395497 17.399500 0.023792 0.395963 -0.917958 24.614201 -0.990985 0.130433 0.030578 1.157900 0.000000 0.000000 0.000000 1.000000
0.155189 0.900531 0.406153 17.399500 0.025888 0.407286 -0.912934 24.614201 -0.987546 0.152191 0.039893 1.157900 0.000000 0.000000 0.000000 1.000000
0.170344 0.900358 0.400423 17.399500 0.024500 0.402366 -0.915151 24.614201 -0.985080 0.165701 0.046482 1.157900 0.000000 0.000000 0.000000 1.000000
0.177142 0.898286 0.402123 17.399500 0.023954 0.404528 -0.914212 24.614201 -0.983894 0.171577 0.050141 1.157900 0.000000 0.000000 0.000000 1.000000
0.178201 0.892121 0.415168 17.399500 0.025210 0.417643 -0.908261 24.614201 -0.983671 0.172320 0.051934 1.157900 0.000000 0.000000 0.000000 1.000000
0.179644 0.887233 0.424906 17.399500 0.026243 0.427457 -0.903655 24.614201 -0.983382 0.173487 0.053506 1.157900 0.000000 0.000000 0.000000 1.000000
0.176566 0.888044 0.424502 17.399500 0.025437 0.427017 -0.903886 24.614201 -0.983960 0.170393 0.052808 1.157900 0.000000 0.000000 0.000000 1.000000
0.157528 0.891161 0.425461 17.399500 0.024093 0.427244 -0.903815 24.614201 -0.987221 0.152626 0.045832 1.157900 0.000000 0.000000 0.000000 1.000000
0.127702 0.894140 0.429193 17.399500 0.023896 0.429836 -0.902591 24.614201 -0.991525 0.125518 0.033525 1.157900 0.000000 0.000000 0.000000 1.000000
0.101160 0.901706 0.420349 17.399500 0.023733 0.420209 -0.907117 24.614201 -0.994587 0.101740 0.021108 1.157900 0.000000 0.000000 0.000000 1.000000
0.075656 0.914966 0.396374 17.399500 0.023493 0.395768 -0.918050 24.614201 -0.996857 0.078768 0.008447 1.157900 0.000000 0.000000 0.000000 1.000000
0.033610 0.934416 0.354595 17.399500 0.026266 0.353847 -0.934934 24.614201 -0.999090 0.040736 -0.012650 1.157900 0.000000 0.000000 0.000000 1.000000</float_array>
        <technique_common>
          <accessor source="#mixamorig_LeftShoulder-Matrix-animation-output-transform-array" count="19" stride="16">
            <param type="float4x4"/>
          </accessor>
        </technique_common>
      </source>
      <source id="mixamorig_LeftShoulder-Interpolations">
        <Name_array id="mixamorig_LeftShoulder-Interpolations-array" count="19">
 LINEAR LINEAR LINEAR LINEAR LINEAR LINEAR LINEAR LINEAR LINEAR LINEAR LINEAR
LINEAR LINEAR LINEAR LINEAR LINEAR LINEAR LINEAR LINEAR</Name_array>
        <technique_common>
          <accessor source="#mixamorig_LeftShoulder-Interpolations-array" count="19">
            <param type="name"/>
          </accessor>
        </technique_common>
      </source>
      <sampler id="mixamorig_LeftShoulder-Matrix-animation-transform">
        <input semantic="INPUT" source="#mixamorig_LeftShoulder-Matrix-animation-input"/>
        <input semantic="OUTPUT" source="#mixamorig_LeftShoulder-Matrix-animation-output-transform"/>
        <input semantic="INTERPOLATION" source="#mixamorig_LeftShoulder-Interpolations"/>
      </sampler>
      <channel source="#mixamorig_LeftShoulder-Matrix-animation-transform" target="mixamorig_LeftShoulder/matrix"/>
    </animation>
    <animation id="mixamorig_LeftArm-anim" name="mixamorig_LeftArm">
      <source id="mixamorig_LeftArm-Matrix-animation-input">
        <float_array id="mixamorig_LeftArm-Matrix-animation-input-array" count="19">

0.000000 0.033333 0.066667 0.100000 0.133333 0.166667 0.200000 0.233333 0.266667 0.300000 0.333333 0.366667 0.400000 0.433333 0.466667 0.500000
0.533333 0.566667 0.600000</float_array>
        <technique_common>
          <accessor source="#mixamorig_LeftArm-Matrix-animation-input-array" count="19">
            <param name="TIME" type="float"/>
          </accessor>
        </technique_common>
      </source>
      <source id="mixamorig_LeftArm-Matrix-animation-output-transform">
        <float_array id="mixamorig_LeftArm-Matrix-animation-output-transform-array" count="304">

0.667360 -0.201375 -0.716993 0.000000 -0.459432 0.646396 -0.609175 19.910400 0.586134 0.735949 0.338861 0.000000 0.000000 0.000000 0.000000 1.000000
0.731125 -0.065951 -0.679048 0.000000 -0.492789 0.637284 -0.592476 19.910400 0.471821 0.767802 0.433435 -0.000000 0.000000 0.000000 0.000000 1.000000
0.765971 0.065105 -0.639570 0.000000 -0.538768 0.607783 -0.583378 19.910400 0.350738 0.791430 0.500621 0.000000 0.000000 0.000000 0.000000 1.000000
0.781156 0.179211 -0.598063 0.000000 -0.576396 0.575123 -0.580518 19.910400 0.239924 0.798196 0.552557 -0.000000 0.000000 0.000000 0.000000 1.000000
0.787733 0.193138 -0.584956 0.000000 -0.566634 0.599699 -0.565055 19.910400 0.241664 0.776569 0.581841 0.000000 0.000000 0.000000 0.000000 1.000000
0.760323 0.230149 -0.607405 0.000000 -0.586598 0.644881 -0.489930 19.910400 0.278947 0.728808 0.625322 0.000000 0.000000 0.000000 0.000000 1.000000
0.714144 0.303069 -0.630990 0.000000 -0.626363 0.679110 -0.382726 19.910400 0.312519 0.668550 0.674813 -0.000000 0.000000 0.000000 0.000000 1.000000
0.669938 0.404662 -0.622440 -0.000000 -0.653622 0.719081 -0.236009 19.910400 0.352081 0.564952 0.746236 0.000000 0.000000 0.000000 0.000000 1.000000
0.618665 0.549532 -0.561487 0.000000 -0.687540 0.724528 -0.048453 19.910400 0.380187 0.416021 0.826065 -0.000000 0.000000 0.000000 0.000000 1.000000
0.558246 0.674351 -0.483334 -0.000000 -0.719630 0.683479 0.122430 19.910400 0.412909 0.279476 0.866833 0.000000 0.000000 0.000000 0.000000 1.000000
0.520402 0.744014 -0.419077 0.000000 -0.720746 0.645894 0.251688 19.910400 0.457939 0.171070 0.872369 0.000000 0.000000 0.000000 0.000000 1.000000
0.511555 0.777911 -0.364919 0.000000 -0.694246 0.624435 0.357916 19.910400 0.506295 0.070250 0.859494 0.000000 0.000000 0.000000 0.000000 1.000000
0.485124 0.814398 -0.318451 0.000000 -0.696031 0.580076 0.423146 19.910400 0.529335 0.016373 0.848255 0.000000 0.000000 0.000000 0.000000 1.000000
0.391674 0.882014 -0.261998 -0.000000 -0.765041 0.470381 0.439835 19.910400 0.511180 0.028168 0.859012 0.000000 0.000000 0.000000 0.000000 1.000000
0.340639 0.914640 -0.217712 0.000000 -0.816573 0.402585 0.413682 19.910400 0.466018 0.036861 0.884007 0.000000 0.000000 0.000000 0.000000 1.000000
0.331065 0.921853 -0.201450 0.000000 -0.866257 0.381572 0.322492 19.910400 0.374158 0.067742 0.924887 0.000000 0.000000 0.000000 0.000000 1.000000
0.294724 0.931083 -0.214993 0.000000 -0.922467 0.335932 0.190274 19.910400 0.249384 0.142246 0.957901 0.000000 0.000000 0.000000 0.000000 1.000000
0.294784 0.920555 -0.256283 -0.000000 -0.947778 0.315837 0.044309 19.910400 0.121733 0.229838 0.965586 0.000000 0.000000 0.000000 0.000000 1.000000
0.482038 0.779346 -0.400324 0.000000 -0.875381 0.409259 -0.257323 19.910400 -0.036707 0.474475 0.879503 -0.000000 0.000000 0.000000 0.000000 1.000000</float_array>
        <technique_common>
          <accessor source="#mixamorig_LeftArm-Matrix-animation-output-transform-array" count="19" stride="16">
            <param type="float4x4"/>
          </accessor>
        </technique_common>
      </source>
      <source id="mixamorig_LeftArm-Interpolations">
        <Name_array id="mixamorig_LeftArm-Interpolations-array" count="19">
 LINEAR LINEAR LINEAR LINEAR LINEAR LINEAR LINEAR LINEAR LINEAR LINEAR LINEAR
LINEAR LINEAR LINEAR LINEAR LINEAR LINEAR LINEAR LINEAR</Name_array>
        <technique_common>
          <accessor source="#mixamorig_LeftArm-Interpolations-array" count="19">
            <param type="name"/>
          </accessor>
        </technique_common>
      </source>
      <sampler id="mixamorig_LeftArm-Matrix-animation-transform">
        <input semantic="INPUT" source="#mixamorig_LeftArm-Matrix-animation-input"/>
        <input semantic="OUTPUT" source="#mixamorig_LeftArm-Matrix-animation-output-transform"/>
        <input semantic="INTERPOLATION" source="#mixamorig_LeftArm-Interpolations"/>
      </sampler>
      <channel source="#mixamorig_LeftArm-Matrix-animation-transform" target="mixamorig_LeftArm/matrix"/>
    </animation>
    <animation id="mixamorig_LeftForeArm-anim" name="mixamorig_LeftForeArm">
      <source id="mixamorig_LeftForeArm-Matrix-animation-input">
        <float_array id="mixamorig_LeftForeArm-Matrix-animation-input-array" count="19">

0.000000 0.033333 0.066667 0.100000 0.133333 0.166667 0.200000 0.233333 0.266667 0.300000 0.333333 0.366667 0.400000 0.433333 0.466667 0.500000
0.533333 0.566667 0.600000</float_array>
        <technique_common>
          <accessor source="#mixamorig_LeftForeArm-Matrix-animation-input-array" count="19">
            <param name="TIME" type="float"/>
          </accessor>
        </technique_common>
      </source>
      <source id="mixamorig_LeftForeArm-Matrix-animation-output-transform">
        <float_array id="mixamorig_LeftForeArm-Matrix-animation-output-transform-array" count="304">

