<?xml version="1.0" encoding="utf-8"?>
<COLLADA xmlns="http://www.collada.org/2005/11/COLLADASchema" version="1.4.1">
  <asset>
    <contributor>
      <author>Mixamo</author>
      <authoring_tool>COLLADA Mixamo exporter</authoring_tool>
      <comments/>
    </contributor>
    <created>2024-12-02T01:19:24Z</created>
    <modified>2024-12-02T01:19:24Z</modified>
    <revision/>
    <title/>
    <unit meter="0.010000"/>
    <up_axis>Y_UP</up_axis>
  </asset>
  <library_animations>
    <animation id="mixamorig_Hips-anim" name="mixamorig_Hips">
      <source id="mixamorig_Hips-Matrix-animation-input">
        <float_array id="mixamorig_Hips-Matrix-animation-input-array" count="112">

0.000000 0.033333 0.066667 0.100000 0.133333 0.166667 0.200000 0.233333 0.266667 0.300000 0.333333 0.366667 0.400000 0.433333 0.466667 0.500000
0.533333 0.566667 0.600000 0.633333 0.666667 0.700000 0.733333 0.766667 0.800000 0.833333 0.866667 0.900000 0.933333 0.966667 1.000000 1.033333
1.066667 1.100000 1.133333 1.166667 1.200000 1.233333 1.266667 1.300000 1.333333 1.366667 1.400000 1.433333 1.466667 1.500000 1.533333 1.566667
1.600000 1.633333 1.666667 1.700000 1.733333 1.766667 1.800000 1.833333 1.866667 1.900000 1.933333 1.966667 2.000000 2.033333 2.066667 2.100000
2.133333 2.166667 2.200000 2.233333 2.266667 2.300000 2.333333 2.366667 2.400000 2.433333 2.466667 2.500000 2.533333 2.566667 2.600000 2.633333
2.666667 2.700000 2.733333 2.766667 2.800000 2.833333 2.866667 2.900000 2.933333 2.966667 3.000000 3.033333 3.066667 3.100000 3.133333 3.166667
3.200000 3.233333 3.266667 3.300000 3.333333 3.366667 3.400000 3.433333 3.466667 3.500000 3.533333 3.566667 3.600000 3.633333 3.666667 3.700000</float_array>
        <technique_common>
          <accessor source="#mixamorig_Hips-Matrix-animation-input-array" count="112">
            <param name="TIME" type="float"/>
          </accessor>
        </technique_common>
      </source>
      <source id="mixamorig_Hips-Matrix-animation-output-transform">
        <float_array id="mixamorig_Hips-Matrix-animation-output-transform-array" count="1792">

0.999741 0.018729 -0.012915 0.208656 -0.018674 0.999816 0.004404 76.439400 0.012995 -0.004162 0.999907 5.025410 0.000000 0.000000 0.000000 1.000000
0.999740 0.018679 -0.013083 0.211350 -0.018735 0.999816 -0.004167 76.643623 0.013003 0.004411 0.999906 5.081727 0.000000 0.000000 0.000000 1.000000
0.999742 0.018501 -0.013206 0.192043 -0.018700 0.999711 -0.015123 77.026627 0.012922 0.015366 0.999798 5.145515 0.000000 0.000000 0.000000 1.000000
0.999741 0.018506 -0.013238 0.166114 -0.018866 0.999440 -0.027626 77.093391 0.012719 0.027868 0.999531 5.237434 0.000000 0.000000 0.000000 1.000000
0.999745 0.018326 -0.013216 0.128890 -0.018852 0.998988 -0.040836 76.384155 0.012454 0.041074 0.999078 5.373378 0.000000 0.000000 0.000000 1.000000
0.999733 0.018901 -0.013320 0.170277 -0.019593 0.998354 -0.053910 74.362457 0.012279 0.054157 0.998457 5.563610 0.000000 0.000000 0.000000 1.000000
0.999731 0.018987 -0.013356 0.187381 -0.019829 0.997622 -0.066014 70.507584 0.012071 0.066261 0.997729 5.802751 0.000000 0.000000 0.000000 1.000000
0.999730 0.018979 -0.013401 0.221866 -0.019948 0.996884 -0.076312 65.326744 0.011911 0.076558 0.996994 6.320471 0.000000 0.000000 0.000000 1.000000
0.999732 0.018848 -0.013445 0.268152 -0.019919 0.996222 -0.084532 59.990746 0.011801 0.084777 0.996330 7.260133 0.000000 0.000000 0.000000 1.000000
0.999738 0.018529 -0.013467 0.313779 -0.019704 0.995461 -0.093112 54.706604 0.011681 0.093353 0.995565 8.509914 0.000000 0.000000 0.000000 1.000000
0.999748 0.017951 -0.013466 0.343616 -0.019227 0.994645 -0.101551 49.778988 0.011571 0.101784 0.994739 9.839779 0.000000 0.000000 0.000000 1.000000
0.999761 0.017223 -0.013479 0.358369 -0.018589 0.993892 -0.108778 45.596870 0.011523 0.109003 0.993975 11.053473 0.000000 0.000000 0.000000 1.000000
0.999771 0.016583 -0.013509 0.354021 -0.018000 0.993473 -0.112635 42.667271 0.011553 0.112852 0.993545 12.068594 0.000000 0.000000 0.000000 1.000000
0.999778 0.016343 -0.013332 0.348448 -0.017698 0.993900 -0.108860 41.565186 0.011472 0.109071 0.993968 13.010450 0.000000 0.000000 0.000000 1.000000
0.999779 0.016408 -0.013134 0.335856 -0.017644 0.994801 -0.100296 41.912201 0.011420 0.100506 0.994871 13.775415 0.000000 0.000000 0.000000 1.000000
0.999801 0.015367 -0.012725 0.348819 -0.016378 0.996364 -0.083614 44.580921 0.011394 0.083806 0.996417 15.847534 0.000000 0.000000 0.000000 1.000000
0.999464 0.023911 -0.022351 0.258961 -0.026176 0.993886 -0.107263 63.680542 0.019650 0.107791 0.993979 23.411871 0.000000 0.000000 0.000000 1.000000
0.999512 0.024988 -0.018749 -0.448956 -0.027298 0.990433 -0.135269 89.046600 0.015190 0.135715 0.990631 31.837534 0.000000 0.000000 0.000000 1.000000
0.999717 0.021268 0.010629 1.230087 -0.019046 0.983952 -0.177415 111.276840 -0.014232 0.177162 0.984079 39.146202 0.000000 0.000000 0.000000 1.000000
0.999478 -0.015465 0.028353 0.503873 0.020411 0.982817 -0.183452 133.351654 -0.025029 0.183935 0.982620 45.863441 0.000000 0.000000 0.000000 1.000000
0.999496 -0.012098 0.029355 0.926374 0.016260 0.989157 -0.145959 149.931870 -0.027271 0.146363 0.988855 49.682953 0.000000 0.000000 0.000000 1.000000
0.999486 -0.006518 0.031376 0.698297 0.010136 0.993131 -0.116571 166.006622 -0.030400 0.116830 0.992687 52.677727 0.000000 0.000000 0.000000 1.000000
0.999399 -0.011979 0.032538 -0.397976 0.015515 0.993735 -0.110677 182.576187 -0.031008 0.111115 0.993324 56.195312 0.000000 0.000000 0.000000 1.000000
0.998969 -0.007805 0.044728 -0.343151 0.012285 0.994834 -0.100771 198.369324 -0.043711 0.101217 0.993904 58.876984 0.000000 0.000000 0.000000 1.000000
0.996977 0.002318 0.077660 0.361963 0.004621 0.996016 -0.089056 213.424973 -0.077557 0.089145 0.992994 61.621494 0.000000 0.000000 0.000000 1.000000
0.993984 0.008433 0.109198 0.633558 0.003130 0.994437 -0.105286 226.887238 -0.109478 0.104995 0.988428 65.486252 0.000000 0.000000 0.000000 1.000000
0.993253 0.005735 0.115829 0.178083 0.011729 0.988687 -0.149532 237.718536 -0.115376 0.149882 0.981949 69.806870 0.000000 0.000000 0.000000 1.000000
0.993914 -0.001705 0.110146 -0.497389 0.022831 0.981358 -0.190828 245.925262 -0.107767 0.192181 0.975424 75.171852 0.000000 0.000000 0.000000 1.000000
0.993550 -0.005889 0.113238 -0.935784 0.030114 0.976493 -0.213436 251.464279 -0.109319 0.215470 0.970372 81.593857 0.000000 0.000000 0.000000 1.000000
0.993473 -0.013642 0.113247 -0.864968 0.039063 0.973478 -0.225421 253.840942 -0.107169 0.228373 0.967657 87.655846 0.000000 0.000000 0.000000 1.000000
0.992958 -0.021153 0.116566 -0.471910 0.046893 0.973747 -0.222750 253.800232 -0.108793 0.226647 0.967882 94.272842 0.000000 0.000000 0.000000 1.000000
0.992091 -0.025351 0.122937 0.214301 0.051454 0.975460 -0.214082 251.968399 -0.114493 0.218715 0.969049 100.885681 0.000000 0.000000 0.000000 1.000000
0.991522 -0.028557 0.126761 0.643339 0.053894 0.978062 -0.201221 248.729370 -0.118234 0.206347 0.971309 106.318611 0.000000 0.000000 0.000000 1.000000
0.991316 -0.030245 0.127973 0.923302 0.053941 0.981071 -0.185982 244.339874 -0.119925 0.191270 0.974184 111.345421 0.000000 0.000000 0.000000 1.000000
0.991092 -0.029125 0.129954 1.432007 0.051420 0.983812 -0.171670 238.716064 -0.122851 0.176823 0.976546 116.421532 0.000000 0.000000 0.000000 1.000000
0.990825 -0.029330 0.131928 1.742973 0.050849 0.985343 -0.162827 231.760223 -0.125219 0.168042 0.977795 121.573792 0.000000 0.000000 0.000000 1.000000
0.990089 -0.031977 0.136751 1.877337 0.054411 0.985024 -0.163608 223.654419 -0.129472 0.169427 0.977001 127.140396 0.000000 0.000000 0.000000 1.000000
0.988443 -0.033815 0.147773 2.257450 0.059877 0.982629 -0.175657 214.460022 -0.139266 0.182475 0.973297 133.212997 0.000000 0.000000 0.000000 1.000000
0.986424 -0.036122 0.160197 2.839596 0.067688 0.978221 -0.196220 203.704193 -0.149620 0.204400 0.967386 139.649094 0.000000 0.000000 0.000000 1.000000
0.985400 -0.045170 0.164156 3.123113 0.081075 0.972322 -0.219126 190.748932 -0.149715 0.229235 0.961788 145.802505 0.000000 0.000000 0.000000 1.000000
0.985692 -0.060020 0.157507 3.218846 0.097088 0.966039 -0.239462 175.642197 -0.137786 0.251327 0.958045 151.075195 0.000000 0.000000 0.000000 1.000000
0.986451 -0.075771 0.145511 3.206337 0.111722 0.959766 -0.257618 159.192444 -0.120136 0.270384 0.955228 155.542130 0.000000 0.000000 0.000000 1.000000
0.986537 -0.086765 0.138624 3.250491 0.122543 0.953520 -0.275287 141.903915 -0.108296 0.288568 0.951315 159.446793 0.000000 0.000000 0.000000 1.000000
0.984469 -0.102270 0.142692 2.775378 0.140087 0.947513 -0.287395 126.062714 -0.105811 0.302921 0.947124 164.087433 0.000000 0.000000 0.000000 1.000000
0.984341 -0.088956 0.152182 3.550047 0.129529 0.950580 -0.282168 109.358246 -0.119560 0.297462 0.947218 167.029648 0.000000 0.000000 0.000000 1.000000
0.985869 -0.071374 0.151555 4.302884 0.108498 0.961353 -0.253040 94.813507 -0.127637 0.265908 0.955511 168.863556 0.000000 0.000000 0.000000 1.000000
0.990486 -0.037284 0.132470 5.472406 0.064751 0.975652 -0.209548 74.489235 -0.121432 0.216132 0.968783 168.719955 0.000000 0.000000 0.000000 1.000000
0.993687 -0.021588 0.110092 5.840712 0.040912 0.983463 -0.176427 55.734825 -0.104462 0.179817 0.978138 168.131882 0.000000 0.000000 0.000000 1.000000
0.994963 -0.002006 0.100226 5.900300 0.020286 0.983144 -0.181703 41.234001 -0.098172 0.182821 0.978232 168.113358 0.000000 0.000000 0.000000 1.000000
0.993779 0.022792 0.109015 6.131951 0.003929 0.971051 -0.238839 33.236565 -0.111302 0.237781 0.964921 168.459442 0.000000 0.000000 0.000000 1.000000
0.995595 0.034102 0.087338 7.348809 -0.001632 0.937669 -0.347527 33.073322 -0.093746 0.345853 0.933594 170.271179 0.000000 0.000000 0.000000 1.000000
0.997076 0.023478 0.072718 8.099786 0.009376 0.906851 -0.421347 33.523178 -0.075836 0.420797 0.903979 172.274628 0.000000 0.000000 0.000000 1.000000
0.997878 0.013557 0.063688 8.331917 0.014859 0.904868 -0.425434 34.699883 -0.063396 0.425477 0.902746 173.575958 0.000000 0.000000 0.000000 1.000000
0.998239 0.009630 0.058529 8.317811 0.015793 0.907969 -0.418739 36.205048 -0.057175 0.418926 0.906218 174.611160 0.000000 0.000000 0.000000 1.000000
0.997769 0.011520 0.065757 8.159698 0.016037 0.914800 -0.403590 37.898853 -0.064804 0.403744 0.912574 175.579208 0.000000 0.000000 0.000000 1.000000
0.997851 0.023795 0.061058 7.993861 0.003900 0.908531 -0.417799 39.654709 -0.065415 0.417139 0.906485 176.816238 0.000000 0.000000 0.000000 1.000000
0.997053 0.039904 0.065519 7.826394 -0.007119 0.898513 -0.438890 41.555199 -0.076383 0.437130 0.896149 178.158356 0.000000 0.000000 0.000000 1.000000
0.995584 0.057842 0.073943 7.713624 -0.017887 0.890087 -0.455440 43.487171 -0.092160 0.452106 0.887190 179.475189 0.000000 0.000000 0.000000 1.000000
0.994232 0.070767 0.080590 7.508776 -0.023915 0.878781 -0.476625 45.154892 -0.104551 0.471948 0.875405 180.737335 0.000000 0.000000 0.000000 1.000000
0.992897 0.076165 0.091405 7.224721 -0.021458 0.870280 -0.492090 46.452911 -0.117029 0.486633 0.865732 181.849899 0.000000 0.000000 0.000000 1.000000
0.991875 0.081489 0.097691 6.943031 -0.020521 0.860340 -0.509307 46.619869 -0.125550 0.503164 0.855022 182.679199 0.000000 0.000000 0.000000 1.000000
0.991281 0.086943 0.099011 6.695788 -0.021672 0.848763 -0.528330 46.656059 -0.129972 0.521578 0.843246 183.323563 0.000000 0.000000 0.000000 1.000000
0.990654 0.088687 0.103628 6.493254 -0.018636 0.840635 -0.541281 46.651432 -0.135118 0.534291 0.834431 183.805130 0.000000 0.000000 0.000000 1.000000
0.990235 0.087041 0.108895 6.325222 -0.013791 0.838460 -0.544788 46.617844 -0.138723 0.537967 0.831473 184.060791 0.000000 0.000000 0.000000 1.000000
0.990253 0.083994 0.111106 6.207237 -0.010627 0.840942 -0.541021 46.248989 -0.138877 0.534567 0.833638 184.006271 0.000000 0.000000 0.000000 1.000000
0.990777 0.078705 0.110301 6.110925 -0.007795 0.845776 -0.533482 45.547722 -0.135277 0.527702 0.838589 183.659149 0.000000 0.000000 0.000000 1.000000
0.991714 0.071848 0.106497 6.002362 -0.005107 0.850379 -0.526146 44.759586 -0.128365 0.521242 0.843700 183.096649 0.000000 0.000000 0.000000 1.000000
0.992888 0.062556 0.101288 5.887213 -0.001589 0.857701 -0.514146 43.829750 -0.119038 0.510328 0.851701 181.895020 0.000000 0.000000 0.000000 1.000000
0.994430 0.048434 0.093613 5.725191 0.004120 0.869624 -0.493698 43.095406 -0.105320 0.491334 0.864580 180.414383 0.000000 0.000000 0.000000 1.000000
0.996324 0.029225 0.080521 5.569000 0.012154 0.882260 -0.470606 42.568272 -0.084794 0.469855 0.878662 178.908966 0.000000 0.000000 0.000000 1.000000
0.997694 0.001892 0.067850 5.365336 0.028204 0.897679 -0.439747 42.304619 -0.061739 0.440646 0.895555 177.477341 0.000000 0.000000 0.000000 1.000000
0.998354 -0.024649 0.051778 5.216939 0.043617 0.912583 -0.406558 42.411263 -0.037230 0.408148 0.912156 176.485916 0.000000 0.000000 0.000000 1.000000
0.998424 -0.048053 0.028976 5.013923 0.055397 0.926357 -0.372550 43.163757 -0.008940 0.373569 0.927559 175.970062 0.000000 0.000000 0.000000 1.000000
0.997738 -0.067226 -0.000738 4.750838 0.063040 0.939324 -0.337190 44.463711 0.023361 0.336380 0.941436 175.686630 0.000000 0.000000 0.000000 1.000000
0.996002 -0.083051 -0.032893 4.515074 0.069477 0.951683 -0.299120 46.538826 0.056146 0.295639 0.953648 175.509735 0.000000 0.000000 0.000000 1.000000
0.993851 -0.094519 -0.057673 4.489298 0.076624 0.963104 -0.257990 48.973328 0.079930 0.251985 0.964425 175.440643 0.000000 0.000000 0.000000 1.000000
0.992824 -0.097062 -0.069856 4.666990 0.079949 0.973145 -0.215862 52.188622 0.088932 0.208728 0.973922 175.387985 0.000000 0.000000 0.000000 1.000000
0.993691 -0.086254 -0.071688 5.097581 0.072526 0.981732 -0.175902 55.411812 0.085550 0.169593 0.981794 175.293869 0.000000 0.000000 0.000000 1.000000
0.995409 -0.065068 -0.070188 5.671107 0.054794 0.988706 -0.139493 58.687012 0.078472 0.135007 0.987732 175.072952 0.000000 0.000000 0.000000 1.000000
0.996676 -0.044601 -0.068167 6.410434 0.037267 0.993741 -0.105311 62.031384 0.072437 0.102421 0.992100 174.798813 0.000000 0.000000 0.000000 1.000000
0.997374 -0.036728 -0.062413 6.990468 0.032187 0.996866 -0.072271 65.576714 0.064872 0.070072 0.995430 174.728592 0.000000 0.000000 0.000000 1.000000
0.997813 -0.043904 -0.049415 7.251208 0.041860 0.998254 -0.041662 69.440170 0.051158 0.039503 0.997909 174.811264 0.000000 0.000000 0.000000 1.000000
0.997908 -0.057424 -0.029711 7.327368 0.056951 0.998240 -0.016541 73.518097 0.030608 0.014815 0.999422 175.057083 0.000000 0.000000 0.000000 1.000000
0.997700 -0.067366 -0.007565 7.526980 0.067369 0.997728 0.000215 77.680618 0.007534 -0.000724 0.999971 175.461121 0.000000 0.000000 0.000000 1.000000
0.997401 -0.071250 0.010665 7.896539 0.071168 0.997433 0.007924 81.077087 -0.011202 -0.007144 0.999912 175.819946 0.000000 0.000000 0.000000 1.000000
0.997385 -0.069882 0.018413 8.427088 0.069733 0.997528 0.008623 83.602417 -0.018970 -0.007317 0.999793 176.251312 0.000000 0.000000 0.000000 1.000000
0.997936 -0.063080 0.011996 9.085273 0.063010 0.997994 0.006137 85.008286 -0.012359 -0.005368 0.999909 176.755493 0.000000 0.000000 0.000000 1.000000
0.998791 -0.048825 -0.005765 9.853108 0.048853 0.998794 0.004889 84.932793 0.005520 -0.005164 0.999971 177.342056 0.000000 0.000000 0.000000 1.000000
0.999285 -0.030027 -0.022975 10.734417 0.030200 0.999518 0.007228 83.943985 0.022747 -0.007916 0.999710 177.953491 0.000000 0.000000 0.000000 1.000000
0.999461 -0.008616 -0.031667 11.796932 0.008991 0.999891 0.011737 82.012680 0.031563 -0.012016 0.999430 178.575806 0.000000 0.000000 0.000000 1.000000
0.999608 0.009990 -0.026156 12.961178 -0.009617 0.999851 0.014365 79.456390 0.026296 -0.014108 0.999555 179.168152 0.000000 0.000000 0.000000 1.000000
0.999806 0.019176 -0.004556 14.030002 -0.019127 0.999760 0.010657 77.254631 0.004760 -0.010568 0.999933 179.709946 0.000000 0.000000 0.000000 1.000000
0.999761 0.021787 -0.001883 14.764677 -0.021780 0.999757 0.003517 75.408028 0.001960 -0.003476 0.999992 180.234146 0.000000 0.000000 0.000000 1.000000
0.999636 0.026455 -0.005325 15.417245 -0.026435 0.999644 0.003691 73.924507 0.005421 -0.003549 0.999979 180.504639 0.000000 0.000000 0.000000 1.000000
0.999748 0.022429 -0.000348 15.921404 -0.022430 0.999748 -0.000946 73.133492 0.000326 0.000953 0.999999 180.606995 0.000000 0.000000 0.000000 1.000000
0.999830 0.016970 0.007240 16.302359 -0.016909 0.999822 -0.008380 72.863098 -0.007380 0.008256 0.999939 180.583679 0.000000 0.000000 0.000000 1.000000
0.999859 0.009394 0.013916 16.502230 -0.009187 0.999847 -0.014866 73.002487 -0.014053 0.014736 0.999793 180.428696 0.000000 0.000000 0.000000 1.000000
0.999768 -0.002122 0.021436 16.486807 0.002565 0.999783 -0.020681 73.567101 -0.021388 0.020731 0.999556 180.179245 0.000000 0.000000 0.000000 1.000000
0.999587 -0.007716 0.027682 16.368879 0.008392 0.999667 -0.024417 74.298370 -0.027484 0.024639 0.999319 179.844345 0.000000 0.000000 0.000000 1.000000
0.999493 -0.007534 0.030950 16.179436 0.008358 0.999612 -0.026582 75.042999 -0.030738 0.026827 0.999167 179.454727 0.000000 0.000000 0.000000 1.000000
0.999405 -0.006646 0.033850 15.893878 0.007589 0.999585 -0.027806 75.755852 -0.033651 0.028046 0.999040 179.051727 0.000000 0.000000 0.000000 1.000000
0.999307 -0.003429 0.037071 15.583904 0.004444 0.999617 -0.027325 76.343025 -0.036963 0.027471 0.998939 178.650253 0.000000 0.000000 0.000000 1.000000
0.999275 0.001266 0.038055 15.282138 -0.000283 0.999666 -0.025845 76.803040 -0.038075 0.025816 0.998941 178.277359 0.000000 0.000000 0.000000 1.000000
0.999351 0.004089 0.035789 14.991430 -0.003221 0.999700 -0.024271 77.135849 -0.035877 0.024140 0.999065 178.089935 0.000000 0.000000 0.000000 1.000000
0.999498 0.006675 0.030976 14.747869 -0.005968 0.999721 -0.022854 77.339943 -0.031120 0.022658 0.999259 177.967850 0.000000 0.000000 0.000000 1.000000
0.999619 0.009898 0.025782 14.575606 -0.009356 0.999734 -0.021058 77.432510 -0.025983 0.020809 0.999446 177.898544 0.000000 0.000000 0.000000 1.000000
0.999707 0.011603 0.021222 14.468845 -0.011213 0.999767 -0.018433 77.418648 -0.021431 0.018189 0.999605 177.871490 0.000000 0.000000 0.000000 1.000000
0.999797 0.012658 0.015691 14.427335 -0.012429 0.999816 -0.014588 77.287437 -0.015873 0.014390 0.999770 177.876923 0.000000 0.000000 0.000000 1.000000
0.999846 0.014212 0.010336 14.460576 -0.014118 0.999859 -0.009127 77.080276 -0.010465 0.008980 0.999905 177.946457 0.000000 0.000000 0.000000 1.000000
0.999862 0.015642 0.005596 14.550142 -0.015622 0.999872 -0.003494 76.851685 -0.005650 0.003407 0.999978 178.152756 0.000000 0.000000 0.000000 1.000000
0.999856 0.016897 0.001466 14.676037 -0.016899 0.999856 0.001222 76.645378 -0.001445 -0.001247 0.999998 178.450562 0.000000 0.000000 0.000000 1.000000
0.999826 0.018674 0.000016 14.760982 -0.018674 0.999816 0.004404 76.439400 0.000066 -0.004403 0.999990 178.615067 0.000000 0.000000 0.000000 1.000000</float_array>
        <technique_common>
          <accessor source="#mixamorig_Hips-Matrix-animation-output-transform-array" count="112" stride="16">
            <param type="float4x4"/>
          </accessor>
        </technique_common>
      </source>
      <source id="mixamorig_Hips-Interpolations">
        <Name_array id="mixamorig_Hips-Interpolations-array" count="112">
 LINEAR LINEAR LINEAR LINEAR LINEAR LINEAR LINEAR LINEAR LINEAR LINEAR LINEAR
LINEAR LINEAR LINEAR LINEAR LINEAR LINEAR LINEAR LINEAR LINEAR LINEAR LINEAR LINEAR
LINEAR LINEAR LINEAR LINEAR LINEAR LINEAR LINEAR LINEAR LINEAR LINEAR LINEAR LINEAR
LINEAR LINEAR LINEAR LINEAR LINEAR LINEAR LINEAR LINEAR LINEAR LINEAR LINEAR LINEAR
LINEAR LINEAR LINEAR LINEAR LINEAR LINEAR LINEAR LINEAR LINEAR LINEAR LINEAR LINEAR
LINEAR LINEAR LINEAR LINEAR LINEAR LINEAR LINEAR LINEAR LINEAR LINEAR LINEAR LINEAR
LINEAR LINEAR LINEAR LINEAR LINEAR LINEAR LINEAR LINEAR LINEAR LINEAR LINEAR LINEAR
LINEAR LINEAR LINEAR LINEAR LINEAR LINEAR LINEAR LINEAR LINEAR LINEAR LINEAR LINEAR
LINEAR LINEAR LINEAR LINEAR LINEAR LINEAR LINEAR LINEAR LINEAR LINEAR LINEAR LINEAR
LINEAR LINEAR LINEAR LINEAR LINEAR</Name_array>
        <technique_common>
          <accessor source="#mixamorig_Hips-Interpolations-array" count="112">
            <param type="name"/>
          </accessor>
        </technique_common>
      </source>
      <sampler id="mixamorig_Hips-Matrix-animation-transform">
        <input semantic="INPUT" source="#mixamorig_Hips-Matrix-animation-input"/>
        <input semantic="OUTPUT" source="#mixamorig_Hips-Matrix-animation-output-transform"/>
        <input semantic="INTERPOLATION" source="#mixamorig_Hips-Interpolations"/>
      </sampler>
      <channel source="#mixamorig_Hips-Matrix-animation-transform" target="mixamorig_Hips/matrix"/>
    </animation>
    <animation id="mixamorig_Spine-anim" name="mixamorig_Spine">
      <source id="mixamorig_Spine-Matrix-animation-input">
        <float_array id="mixamorig_Spine-Matrix-animation-input-array" count="112">

0.000000 0.033333 0.066667 0.100000 0.133333 0.166667 0.200000 0.233333 0.266667 0.300000 0.333333 0.366667 0.400000 0.433333 0.466667 0.500000
0.533333 0.566667 0.600000 0.633333 0.666667 0.700000 0.733333 0.766667 0.800000 0.833333 0.866667 0.900000 0.933333 0.966667 1.000000 1.033333
1.066667 1.100000 1.133333 1.166667 1.200000 1.233333 1.266667 1.300000 1.333333 1.366667 1.400000 1.433333 1.466667 1.500000 1.533333 1.566667
1.600000 1.633333 1.666667 1.700000 1.733333 1.766667 1.800000 1.833333 1.866667 1.900000 1.933333 1.966667 2.000000 2.033333 2.066667 2.100000
2.133333 2.166667 2.200000 2.233333 2.266667 2.300000 2.333333 2.366667 2.400000 2.433333 2.466667 2.500000 2.533333 2.566667 2.600000 2.633333
2.666667 2.700000 2.733333 2.766667 2.800000 2.833333 2.866667 2.900000 2.933333 2.966667 3.000000 3.033333 3.066667 3.100000 3.133333 3.166667
3.200000 3.233333 3.266667 3.300000 3.333333 3.366667 3.400000 3.433333 3.466667 3.500000 3.533333 3.566667 3.600000 3.633333 3.666667 3.700000</float_array>
        <technique_common>
          <accessor source="#mixamorig_Spine-Matrix-animation-input-array" count="112">
            <param name="TIME" type="float"/>
          </accessor>
        </technique_common>
      </source>
      <source id="mixamorig_Spine-Matrix-animation-output-transform">
        <float_array id="mixamorig_Spine-Matrix-animation-output-transform-array" count="1792">

0.999971 -0.006163 0.004584 0.000000 0.007300 0.948180 -0.317650 13.784800 -0.002389 0.317674 0.948197 0.064400 0.000000 0.000000 0.000000 1.000000
0.999865 -0.012809 0.010291 0.000000 0.015360 0.951061 -0.308620 13.784800 -0.005835 0.308736 0.951130 0.064400 0.000000 0.000000 0.000000 1.000000
0.999663 -0.020141 0.016404 0.000000 0.024095 0.954935 -0.295835 13.784800 -0.009706 0.296131 0.955098 0.064400 0.000000 0.000000 0.000000 1.000000
0.999442 -0.025246 0.021852 0.000000 0.030509 0.956409 -0.290434 13.784800 -0.013567 0.290938 0.956646 0.064400 0.000000 0.000000 0.000000 1.000000
0.999361 -0.024899 0.025648 0.000000 0.031518 0.952278 -0.303599 13.784800 -0.016864 0.304214 0.952455 0.064400 0.000000 0.000000 0.000000 1.000000
0.999406 -0.019560 0.028359 0.000000 0.027990 0.940935 -0.337427 13.784800 -0.020084 0.338021 0.940924 0.064400 0.000000 0.000000 0.000000 1.000000
0.999515 -0.010197 0.029440 0.000000 0.020723 0.923184 -0.383798 13.784800 -0.023265 0.384222 0.922948 0.064400 0.000000 0.000000 0.000000 1.000000
0.999579 0.000792 0.029007 0.000000 0.011973 0.899310 -0.437147 13.784800 -0.026432 0.437310 0.898922 0.064400 0.000000 0.000000 0.000000 1.000000
0.999563 0.011390 0.027281 -0.000000 0.003511 0.870529 -0.492105 13.784800 -0.029354 0.491986 0.870108 0.064400 0.000000 0.000000 0.000000 1.000000
0.999495 0.019690 0.024924 0.000000 -0.002973 0.839231 -0.543767 13.784800 -0.031624 0.543418 0.838866 0.064400 0.000000 0.000000 0.000000 1.000000
0.999474 0.022616 0.023244 -0.000000 -0.004712 0.810399 -0.585859 13.784800 -0.032087 0.585441 0.810080 0.064400 0.000000 0.000000 0.000000 1.000000
0.999413 0.025796 0.022560 0.000000 -0.006458 0.788280 -0.615283 13.784800 -0.033656 0.614776 0.787983 0.064400 0.000000 0.000000 0.000000 1.000000
0.999269 0.029244 0.024620 0.000000 -0.006981 0.772811 -0.634598 13.784800 -0.037585 0.633962 0.772450 0.064400 0.000000 0.000000 0.000000 1.000000
0.999192 0.027597 0.029225 0.000000 -0.002536 0.768902 -0.639362 13.784800 -0.040115 0.638771 0.768350 0.064400 0.000000 0.000000 0.000000 1.000000
0.999173 0.024631 0.032355 0.000000 0.002065 0.763912 -0.645317 13.784800 -0.040611 0.644851 0.763229 0.064400 0.000000 0.000000 0.000000 1.000000
0.999193 0.021952 0.033626 0.000000 0.004788 0.766253 -0.642522 13.784800 -0.039870 0.642164 0.765529 0.064400 0.000000 0.000000 0.000000 1.000000
0.999254 0.016128 0.035094 -0.000000 0.008818 0.789380 -0.613842 13.784800 -0.037603 0.613693 0.788649 0.064400 0.000000 0.000000 0.000000 1.000000
0.999409 0.017340 0.029679 0.000000 0.001789 0.836023 -0.548692 13.784800 -0.034327 0.548421 0.835498 0.064400 0.000000 0.000000 0.000000 1.000000
0.999553 0.012567 0.027130 0.000000 0.001331 0.887781 -0.460263 13.784800 -0.029869 0.460094 0.887368 0.064400 0.000000 0.000000 0.000000 1.000000
0.999168 0.037330 0.016424 -0.000000 -0.028885 0.932037 -0.361211 13.784800 -0.028792 0.360436 0.932340 0.064400 0.000000 0.000000 0.000000 1.000000
0.998490 0.051146 0.020029 0.000000 -0.044245 0.964995 -0.258510 13.784800 -0.032550 0.257234 0.965801 0.064400 0.000000 0.000000 0.000000 1.000000
0.998054 0.054840 0.029680 -0.000000 -0.049461 0.986077 -0.158764 13.784800 -0.037973 0.156987 0.986870 0.064400 0.000000 0.000000 0.000000 1.000000
0.997597 0.056392 0.040253 0.000000 -0.053398 0.995980 -0.071921 13.784800 -0.044147 0.069599 0.996598 0.064400 0.000000 0.000000 0.000000 1.000000
0.997945 0.048427 0.041969 0.000000 -0.048034 0.998792 -0.010316 13.784800 -0.042418 0.008279 0.999066 0.064400 0.000000 0.000000 0.000000 1.000000
0.998751 0.036142 0.034487 0.000000 -0.036871 0.999105 0.020737 13.784800 -0.033707 -0.021982 0.999190 0.064400 0.000000 0.000000 0.000000 1.000000
0.999233 0.027254 0.028125 0.000000 -0.028586 0.998433 0.048107 13.784800 -0.026770 -0.048874 0.998446 0.064400 0.000000 0.000000 0.000000 1.000000
0.999483 0.020826 0.024478 -0.000000 -0.022634 0.996847 0.076054 13.784800 -0.022817 -0.076569 0.996803 0.064400 0.000000 0.000000 0.000000 1.000000
0.999578 0.015847 0.024357 0.000000 -0.018207 0.994828 0.099925 13.784800 -0.022647 -0.100326 0.994697 0.064400 0.000000 0.000000 0.000000 1.000000
0.999646 0.011870 0.023791 0.000000 -0.014539 0.993215 0.115380 13.784800 -0.022260 -0.115685 0.993036 0.064400 0.000000 0.000000 0.000000 1.000000
0.999704 0.011359 0.021536 0.000000 -0.013891 0.992515 0.121332 13.784800 -0.019997 -0.121595 0.992378 0.064400 0.000000 0.000000 0.000000 1.000000
0.999634 0.016392 0.021535 0.000000 -0.018821 0.992846 0.117908 13.784800 -0.019448 -0.118270 0.992791 0.064400 0.000000 0.000000 0.000000 1.000000
0.999537 0.022563 0.020421 0.000000 -0.024684 0.993582 0.110388 13.784800 -0.017800 -0.110841 0.993679 0.064400 0.000000 0.000000 0.000000 1.000000
0.999314 0.030067 0.021628 0.000000 -0.032084 0.994478 0.099917 13.784800 -0.018504 -0.100542 0.994761 0.064400 0.000000 0.000000 0.000000 1.000000
0.999063 0.036698 0.022935 0.000000 -0.038581 0.995382 0.087896 13.784800 -0.019603 -0.088698 0.995866 0.064400 0.000000 0.000000 0.000000 1.000000
0.998989 0.039848 0.020808 0.000000 -0.041328 0.996222 0.076381 13.784800 -0.017685 -0.077164 0.996862 0.064400 0.000000 0.000000 0.000000 1.000000
0.998917 0.042670 0.018554 0.000000 -0.043823 0.996792 0.066973 13.784800 -0.015637 -0.067714 0.997582 0.064400 0.000000 0.000000 0.000000 1.000000
0.998806 0.046118 0.016142 -0.000000 -0.047009 0.997089 0.060026 13.784800 -0.013326 -0.060714 0.998066 0.064400 0.000000 0.000000 0.000000 1.000000
0.998854 0.046650 0.010660 0.000000 -0.047161 0.997420 0.054114 13.784800 -0.008109 -0.054554 0.998478 0.064400 0.000000 0.000000 0.000000 1.000000
0.999015 0.044243 0.003488 0.000000 -0.044358 0.997927 0.046635 13.784800 -0.001417 -0.046744 0.998906 0.064400 0.000000 0.000000 0.000000 1.000000
0.999048 0.043608 -0.001252 0.000000 -0.043534 0.998392 0.036301 13.784800 0.002833 -0.036212 0.999340 0.064400 0.000000 0.000000 0.000000 1.000000
0.999024 0.043911 -0.004730 0.000000 -0.043777 0.998719 0.025373 13.784800 0.005838 -0.025141 0.999667 0.064400 0.000000 0.000000 0.000000 1.000000
0.999031 0.043251 -0.008195 0.000000 -0.043097 0.998906 0.018168 13.784800 0.008972 -0.017797 0.999801 0.064400 0.000000 0.000000 0.000000 1.000000
0.999072 0.041148 -0.012753 0.000000 -0.040950 0.999042 0.015432 13.784800 0.013376 -0.014896 0.999800 0.064400 0.000000 0.000000 0.000000 1.000000
0.998538 0.050929 -0.018100 -0.000000 -0.050761 0.998664 0.009623 13.784800 0.018566 -0.008690 0.999790 0.064400 0.000000 0.000000 0.000000 1.000000
0.998997 0.038164 -0.023414 0.000000 -0.038499 0.999160 -0.014023 13.784800 0.022859 0.014910 0.999628 0.064400 0.000000 0.000000 0.000000 1.000000
0.999424 0.023968 -0.024040 0.000000 -0.025518 0.997467 -0.066397 13.784800 0.022388 0.066972 0.997504 0.064400 0.000000 0.000000 0.000000 1.000000
0.999826 -0.005260 -0.017922 0.000000 0.002594 0.989329 -0.145673 13.784800 0.018497 0.145601 0.989170 0.064400 0.000000 0.000000 0.000000 1.000000
0.999609 -0.015090 -0.023522 0.000000 0.009164 0.972137 -0.234234 13.784800 0.026401 0.233927 0.971896 0.064400 0.000000 0.000000 0.000000 1.000000
0.998495 -0.031500 -0.044901 0.000000 0.016003 0.950330 -0.310834 13.784800 0.052462 0.309647 0.949403 0.064400 0.000000 0.000000 0.000000 1.000000
0.995424 -0.058798 -0.075331 0.000000 0.027583 0.931534 -0.362607 13.784800 0.091494 0.358870 0.928893 0.064400 0.000000 0.000000 0.000000 1.000000
0.995743 -0.060978 -0.069123 -0.000000 0.029696 0.922147 -0.385699 13.784800 0.087261 0.382005 0.920032 0.064400 0.000000 0.000000 0.000000 1.000000
0.996635 -0.058483 -0.057424 0.000000 0.031401 0.919608 -0.391580 13.784800 0.075709 0.388459 0.918351 0.064400 0.000000 0.000000 0.000000 1.000000
0.997482 -0.052053 -0.048171 0.000000 0.029337 0.921210 -0.387957 13.784800 0.064570 0.385567 0.920418 0.064400 0.000000 0.000000 0.000000 1.000000
0.998213 -0.044526 -0.039860 0.000000 0.026206 0.925578 -0.377648 13.784800 0.053709 0.375928 0.925091 0.064400 0.000000 0.000000 0.000000 1.000000
0.998815 -0.036259 -0.032470 0.000000 0.021984 0.931262 -0.363687 13.784800 0.043425 0.362542 0.930955 0.064400 0.000000 0.000000 0.000000 1.000000
0.999209 -0.029337 -0.026838 0.000000 0.018167 0.937253 -0.348177 13.784800 0.035369 0.347414 0.937045 0.064400 0.000000 0.000000 0.000000 1.000000
0.999525 -0.022685 -0.020868 0.000000 0.014443 0.942793 -0.333067 13.784800 0.027230 0.332607 0.942672 0.064400 0.000000 0.000000 0.000000 1.000000
0.999721 -0.017110 -0.016278 0.000000 0.010989 0.947128 -0.320667 13.784800 0.020904 0.320398 0.947052 0.064400 0.000000 0.000000 0.000000 1.000000
0.999807 -0.013651 -0.014146 0.000000 0.008529 0.949547 -0.313507 13.784800 0.017712 0.313326 0.949480 0.064400 0.000000 0.000000 0.000000 1.000000
0.999846 -0.011639 -0.013140 0.000000 0.007049 0.951766 -0.306744 13.784800 0.016076 0.306604 0.951701 0.064400 0.000000 0.000000 0.000000 1.000000
0.999855 -0.010792 -0.013176 0.000000 0.006367 0.954362 -0.298584 13.784800 0.015797 0.298456 0.954293 0.064400 0.000000 0.000000 0.000000 1.000000
0.999862 -0.010698 -0.012740 0.000000 0.006554 0.957189 -0.289388 13.784800 0.015290 0.289265 0.957127 0.064400 0.000000 0.000000 0.000000 1.000000
0.999866 -0.010992 -0.012090 -0.000000 0.007143 0.959502 -0.281612 13.784800 0.014696 0.281488 0.959452 0.064400 0.000000 0.000000 0.000000 1.000000
0.999861 -0.011329 -0.012256 0.000000 0.007483 0.960692 -0.277516 13.784800 0.014919 0.277385 0.960643 0.064400 0.000000 0.000000 0.000000 1.000000
0.999841 -0.011581 -0.013536 -0.000000 0.007380 0.960844 -0.276992 13.784800 0.016214 0.276848 0.960777 0.064400 0.000000 0.000000 0.000000 1.000000
0.999814 -0.012146 -0.014966 0.000000 0.007509 0.960572 -0.277929 13.784800 0.017752 0.277765 0.960485 0.064400 0.000000 0.000000 0.000000 1.000000
0.999788 -0.013514 -0.015567 0.000000 0.008648 0.960443 -0.278342 13.784800 0.018713 0.278149 0.960356 0.064400 0.000000 0.000000 0.000000 1.000000
0.999749 -0.015839 -0.015874 0.000000 0.010811 0.960626 -0.277635 13.784800 0.019646 0.277394 0.960555 0.064400 0.000000 0.000000 0.000000 1.000000
0.999694 -0.017877 -0.017108 0.000000 0.012464 0.961088 -0.275960 13.784800 0.021375 0.275662 0.961017 0.064400 0.000000 0.000000 0.000000 1.000000
0.999626 -0.018159 -0.020465 0.000000 0.011881 0.961894 -0.273165 13.784800 0.024645 0.272819 0.961750 0.064400 0.000000 0.000000 0.000000 1.000000
0.999516 -0.017005 -0.026046 0.000000 0.009385 0.963180 -0.268693 13.784800 0.029657 0.268319 0.962874 0.064400 0.000000 0.000000 0.000000 1.000000
0.999368 -0.014738 -0.032350 -0.000000 0.005746 0.965016 -0.262129 13.784800 0.035081 0.261777 0.964491 0.064400 0.000000 0.000000 0.000000 1.000000
0.999211 -0.011943 -0.037869 0.000000 0.001945 0.967273 -0.253731 13.784800 0.039660 0.253457 0.966533 0.064400 0.000000 0.000000 0.000000 1.000000
0.999090 -0.008608 -0.041771 0.000000 -0.001881 0.969575 -0.244788 13.784800 0.042607 0.244644 0.968676 0.064400 0.000000 0.000000 0.000000 1.000000
0.999095 -0.004526 -0.042287 0.000000 -0.005650 0.971381 -0.237458 13.784800 0.042151 0.237482 0.970477 0.064400 0.000000 0.000000 0.000000 1.000000
0.999242 -0.002321 -0.038856 0.000000 -0.006829 0.972286 -0.233695 13.784800 0.038321 0.233784 0.971533 0.064400 0.000000 0.000000 0.000000 1.000000
0.999504 -0.006300 -0.030846 0.000000 -0.001087 0.972284 -0.233799 13.784800 0.031464 0.233717 0.971795 0.064400 0.000000 0.000000 0.000000 1.000000
0.999606 -0.019222 -0.020429 0.000000 0.013856 0.971601 -0.236218 13.784800 0.024390 0.235842 0.971485 0.064400 0.000000 0.000000 0.000000 1.000000
0.999263 -0.037052 -0.010016 -0.000000 0.033585 0.970415 -0.239097 13.784800 0.018579 0.238585 0.970944 0.064400 0.000000 0.000000 0.000000 1.000000
0.998728 -0.050387 -0.001995 0.000000 0.048406 0.969041 -0.242108 13.784800 0.014132 0.241703 0.970247 0.064400 0.000000 0.000000 0.000000 1.000000
0.998736 -0.050253 0.001270 0.000000 0.049017 0.967956 -0.246291 13.784800 0.011147 0.246041 0.969195 0.064400 0.000000 0.000000 0.000000 1.000000
0.999386 -0.035018 -0.000586 0.000000 0.033738 0.967076 -0.252240 13.784800 0.009400 0.252066 0.967664 0.064400 0.000000 0.000000 0.000000 1.000000
0.999909 -0.012555 -0.004990 0.000000 0.010833 0.965755 -0.259231 13.784800 0.008074 0.259153 0.965802 0.064400 0.000000 0.000000 0.000000 1.000000
0.999945 0.006274 -0.008455 0.000000 -0.008297 0.963915 -0.266080 13.784800 0.006480 0.266136 0.963914 0.064400 0.000000 0.000000 0.000000 1.000000
0.999826 0.016375 -0.008891 0.000000 -0.018176 0.962119 -0.272022 13.784800 0.004100 0.272136 0.962250 0.064400 0.000000 0.000000 0.000000 1.000000
0.999819 0.018097 -0.005863 0.000000 -0.019013 0.960709 -0.276905 13.784800 0.000621 0.276966 0.960879 0.064400 0.000000 0.000000 0.000000 1.000000
0.999886 0.015102 -0.000691 0.000000 -0.014687 0.959546 -0.281169 13.784800 -0.003583 0.281147 0.959658 0.064400 0.000000 0.000000 0.000000 1.000000
0.999931 0.010896 0.004309 -0.000000 -0.009211 0.958289 -0.285654 13.784800 -0.007242 0.285594 0.958323 0.064400 0.000000 0.000000 0.000000 1.000000
0.999949 0.007187 0.007078 0.000000 -0.004815 0.956660 -0.291167 13.784800 -0.008863 0.291118 0.956646 0.064400 0.000000 0.000000 0.000000 1.000000
0.999969 0.003514 0.007037 0.000000 -0.001257 0.954558 -0.298021 13.784800 -0.007765 0.298003 0.954533 0.064400 0.000000 0.000000 0.000000 1.000000
0.999985 -0.000863 0.005496 0.000000 0.002502 0.952083 -0.305831 13.784800 -0.004969 0.305840 0.952070 0.064400 0.000000 0.000000 0.000000 1.000000
0.999980 -0.004404 0.004514 0.000000 0.005599 0.949470 -0.313807 13.784800 -0.002904 0.313826 0.949476 0.064400 0.000000 0.000000 0.000000 1.000000
0.999969 -0.005668 0.005411 0.000000 0.007106 0.946945 -0.321317 13.784800 -0.003303 0.321346 0.946956 0.064400 0.000000 0.000000 0.000000 1.000000
0.999961 -0.004641 0.007568 0.000000 0.006867 0.944623 -0.328087 13.784800 -0.005626 0.328126 0.944617 0.064400 0.000000 0.000000 0.000000 1.000000
0.999952 -0.002814 0.009342 0.000000 0.005771 0.942641 -0.333757 13.784800 -0.007867 0.333795 0.942613 0.064400 0.000000 0.000000 0.000000 1.000000
0.999950 -0.001420 0.009927 0.000000 0.004690 0.941213 -0.337781 13.784800 -0.008863 0.337810 0.941172 0.064400 0.000000 0.000000 0.000000 1.000000
0.999953 -0.000441 0.009711 0.000000 0.003716 0.940444 -0.339927 13.784800 -0.008983 0.339947 0.940402 0.064400 0.000000 0.000000 0.000000 1.000000
0.999957 0.000579 0.009234 0.000000 0.002601 0.940217 -0.340567 13.784800 -0.008879 0.340576 0.940175 0.064400 0.000000 0.000000 0.000000 1.000000
0.999961 0.001736 0.008615 0.000000 0.001300 0.940302 -0.340339 13.784800 -0.008691 0.340337 0.940263 0.064400 0.000000 0.000000 0.000000 1.000000
0.999966 0.002633 0.007807 0.000000 0.000176 0.940541 -0.339680 13.784800 -0.008238 0.339669 0.940509 0.064400 0.000000 0.000000 0.000000 1.000000
0.999972 0.003034 0.006850 -0.000000 -0.000535 0.940903 -0.338677 13.784800 -0.007473 0.338664 0.940878 0.064400 0.000000 0.000000 0.000000 1.000000
0.999978 0.003001 0.005868 0.000000 -0.000846 0.941415 -0.337249 13.784800 -0.006536 0.337237 0.941397 0.064400 0.000000 0.000000 0.000000 1.000000
0.999984 0.002630 0.005042 0.000000 -0.000787 0.942102 -0.335325 13.784800 -0.005632 0.335316 0.942089 0.064400 0.000000 0.000000 0.000000 1.000000
0.999988 0.001920 0.004514 0.000000 -0.000308 0.942955 -0.332921 13.784800 -0.004896 0.332916 0.942944 0.064400 0.000000 0.000000 0.000000 1.000000
0.999990 0.000813 0.004327 0.000000 0.000661 0.943922 -0.330167 13.784800 -0.004352 0.330167 0.943913 0.064400 0.000000 0.000000 0.000000 1.000000
0.999991 -0.000648 0.004284 0.000000 0.002014 0.944920 -0.327296 13.784800 -0.003836 0.327301 0.944912 0.064400 0.000000 0.000000 0.000000 1.000000
0.999988 -0.002246 0.004295 0.000000 0.003518 0.945855 -0.324572 13.784800 -0.003333 0.324583 0.945851 0.064400 0.000000 0.000000 0.000000 1.000000
0.999984 -0.003716 0.004340 0.000000 0.004916 0.946653 -0.322217 13.784800 -0.002911 0.322233 0.946656 0.064400 0.000000 0.000000 0.000000 1.000000
0.999978 -0.004876 0.004411 -0.000000 0.006032 0.947280 -0.320351 13.784800 -0.002616 0.320370 0.947289 0.064400 0.000000 0.000000 0.000000 1.000000
0.999974 -0.005657 0.004483 0.000000 0.006791 0.947733 -0.318993 13.784800 -0.002444 0.319015 0.947747 0.064400 0.000000 0.000000 0.000000 1.000000
0.999971 -0.006073 0.004549 0.000000 0.007205 0.948028 -0.318104 13.784800 -0.002381 0.318128 0.948045 0.064400 0.000000 0.000000 0.000000 1.000000
0.999971 -0.006163 0.004584 -0.000000 0.007300 0.948180 -0.317650 13.784800 -0.002389 0.317675 0.948197 0.064400 0.000000 0.000000 0.000000 1.000000</float_array>
        <technique_common>
          <accessor source="#mixamorig_Spine-Matrix-animation-output-transform-array" count="112" stride="16">
            <param type="float4x4"/>
          </accessor>
        </technique_common>
      </source>
      <source id="mixamorig_Spine-Interpolations">
        <Name_array id="mixamorig_Spine-Interpolations-array" count="112">
 LINEAR LINEAR LINEAR LINEAR LINEAR LINEAR LINEAR LINEAR LINEAR LINEAR LINEAR
LINEAR LINEAR LINEAR LINEAR LINEAR LINEAR LINEAR LINEAR LINEAR LINEAR LINEAR LINEAR
LINEAR LINEAR LINEAR LINEAR LINEAR LINEAR LINEAR LINEAR LINEAR LINEAR LINEAR LINEAR
LINEAR LINEAR LINEAR LINEAR LINEAR LINEAR LINEAR LINEAR LINEAR LINEAR LINEAR LINEAR
LINEAR LINEAR LINEAR LINEAR LINEAR LINEAR LINEAR LINEAR LINEAR LINEAR LINEAR LINEAR
LINEAR LINEAR LINEAR LINEAR LINEAR LINEAR LINEAR LINEAR LINEAR LINEAR LINEAR LINEAR
LINEAR LINEAR LINEAR LINEAR LINEAR LINEAR LINEAR LINEAR LINEAR LINEAR LINEAR LINEAR
