<?xml version="1.0" encoding="utf-8"?>
<COLLADA xmlns="http://www.collada.org/2005/11/COLLADASchema" version="1.4.1">
  <asset>
    <contributor>
      <author>Mixamo</author>
      <authoring_tool>COLLADA Mixamo exporter</authoring_tool>
      <comments/>
    </contributor>
    <created>2024-12-02T01:23:25Z</created>
    <modified>2024-12-02T01:23:25Z</modified>
    <revision/>
    <title/>
    <unit meter="0.010000"/>
    <up_axis>Y_UP</up_axis>
  </asset>
  <library_animations>
    <animation id="mixamorig_Hips-anim" name="mixamorig_Hips">
      <source id="mixamorig_Hips-Matrix-animation-input">
        <float_array id="mixamorig_Hips-Matrix-animation-input-array" count="48">

0.000000 0.033333 0.066667 0.100000 0.133333 0.166667 0.200000 0.233333 0.266667 0.300000 0.333333 0.366667 0.400000 0.433333 0.466667 0.500000
0.533333 0.566667 0.600000 0.633333 0.666667 0.700000 0.733333 0.766667 0.800000 0.833333 0.866667 0.900000 0.933333 0.966667 1.000000 1.033333
1.066667 1.100000 1.133333 1.166667 1.200000 1.233333 1.266667 1.300000 1.333333 1.366667 1.400000 1.433333 1.466667 1.500000 1.533333 1.566667</float_array>
        <technique_common>
          <accessor source="#mixamorig_Hips-Matrix-animation-input-array" count="48">
            <param name="TIME" type="float"/>
          </accessor>
        </technique_common>
      </source>
      <source id="mixamorig_Hips-Matrix-animation-output-transform">
        <float_array id="mixamorig_Hips-Matrix-animation-output-transform-array" count="768">

0.690199 0.003333 -0.723612 -0.462869 0.063280 0.995880 0.064945 71.259537 0.720847 -0.090615 0.687145 0.524740 0.000000 0.000000 0.000000 1.000000
0.719829 -0.017415 -0.693933 -0.326675 0.093933 0.992934 0.072520 71.377769 0.687767 -0.117385 0.716378 -0.111466 0.000000 0.000000 0.000000 1.000000
0.767104 -0.071558 -0.637519 0.414829 0.160918 0.983451 0.083240 70.381981 0.621013 -0.166442 0.765924 -1.673677 0.000000 0.000000 0.000000 1.000000
0.785084 -0.136163 -0.604237 1.625626 0.232372 0.969032 0.083552 68.452316 0.574148 -0.206003 0.792412 -3.851461 0.000000 0.000000 0.000000 1.000000
0.747217 -0.181310 -0.639370 2.814302 0.271549 0.961385 0.044727 66.902458 0.606571 -0.207041 0.767598 -5.730137 0.000000 0.000000 0.000000 1.000000
0.658960 -0.201000 -0.724825 3.657638 0.262601 0.964477 -0.028718 66.292366 0.704849 -0.171416 0.688335 -7.014317 0.000000 0.000000 0.000000 1.000000
0.547782 -0.213001 -0.809053 4.233196 0.222458 0.969318 -0.104575 66.196861 0.806503 -0.122696 0.578358 -7.940877 0.000000 0.000000 0.000000 1.000000
0.438009 -0.234879 -0.867744 4.710550 0.180061 0.968626 -0.171297 66.111099 0.880753 -0.081217 0.466559 -8.725515 0.000000 0.000000 0.000000 1.000000
0.337005 -0.272015 -0.901352 5.087072 0.150093 0.960633 -0.233787 65.702789 0.929462 -0.056499 0.364565 -9.418770 0.000000 0.000000 0.000000 1.000000
0.251013 -0.317919 -0.914287 5.342188 0.134754 0.946807 -0.292230 65.006325 0.958558 -0.049851 0.280501 -9.921907 0.000000 0.000000 0.000000 1.000000
0.190444 -0.360645 -0.913053 5.504695 0.133895 0.930926 -0.339776 64.177734 0.972524 -0.057545 0.225578 -10.202456 0.000000 0.000000 0.000000 1.000000
0.158271 -0.391195 -0.906596 5.658509 0.142918 0.917576 -0.370982 63.462479 0.976998 -0.070853 0.201134 -10.300526 0.000000 0.000000 0.000000 1.000000
0.145587 -0.409703 -0.900526 5.861248 0.152904 0.908606 -0.388659 63.069107 0.977458 -0.081110 0.194926 -10.298328 0.000000 0.000000 0.000000 1.000000
0.140367 -0.422378 -0.895485 6.126220 0.158020 0.902403 -0.400872 62.988121 0.977408 -0.085235 0.193412 -10.249804 0.000000 0.000000 0.000000 1.000000
0.136647 -0.433506 -0.890730 6.426207 0.158955 0.897109 -0.412225 63.086845 0.977784 -0.085256 0.191495 -10.182243 0.000000 0.000000 0.000000 1.000000
0.134578 -0.442629 -0.886549 6.746285 0.158298 0.892801 -0.421721 63.298046 0.978177 -0.083585 0.190218 -10.083798 0.000000 0.000000 0.000000 1.000000
0.135487 -0.448007 -0.883704 7.074015 0.157310 0.890342 -0.427253 63.606037 0.978211 -0.081128 0.191106 -9.939259 0.000000 0.000000 0.000000 1.000000
0.138973 -0.449543 -0.882382 7.400243 0.156082 0.889834 -0.428758 63.990520 0.977919 -0.078138 0.193828 -9.747348 0.000000 0.000000 0.000000 1.000000
0.143500 -0.447275 -0.882810 7.708566 0.154525 0.891228 -0.426422 64.409225 0.977512 -0.075225 0.197007 -9.509863 0.000000 0.000000 0.000000 1.000000
0.148993 -0.437587 -0.886746 7.976713 0.153021 0.896156 -0.416520 64.853561 0.976927 -0.073632 0.200481 -9.185717 0.000000 0.000000 0.000000 1.000000
0.158997 -0.414443 -0.896079 8.187517 0.153266 0.906983 -0.392291 65.381256 0.975310 -0.074965 0.207727 -8.694221 0.000000 0.000000 0.000000 1.000000
0.178525 -0.378176 -0.908357 8.352219 0.157487 0.922268 -0.353016 66.033859 0.971250 -0.080032 0.224206 -8.011506 0.000000 0.000000 0.000000 1.000000
0.208439 -0.338905 -0.917440 8.507287 0.165267 0.936760 -0.308494 66.720184 0.963971 -0.087320 0.251267 -7.216150 0.000000 0.000000 0.000000 1.000000
0.243785 -0.305034 -0.920610 8.662951 0.172367 0.947765 -0.268387 67.325706 0.954389 -0.093254 0.283629 -6.421489 0.000000 0.000000 0.000000 1.000000
0.279081 -0.273502 -0.920495 8.795240 0.172856 0.957232 -0.232009 67.852631 0.944581 -0.094364 0.314422 -5.684717 0.000000 0.000000 0.000000 1.000000
0.313224 -0.236513 -0.919757 8.860343 0.163057 0.967503 -0.193261 68.371017 0.935576 -0.089438 0.341610 -5.022119 0.000000 0.000000 0.000000 1.000000
0.348440 -0.192075 -0.917440 8.813540 0.143964 0.978132 -0.150105 68.913254 0.926209 -0.079776 0.368473 -4.451279 0.000000 0.000000 0.000000 1.000000
0.386560 -0.145281 -0.910750 8.620658 0.120042 0.987040 -0.106500 69.434776 0.914419 -0.068160 0.398990 -3.988287 0.000000 0.000000 0.000000 1.000000
0.426756 -0.103491 -0.898426 8.262215 0.096815 0.992950 -0.068392 69.889099 0.899170 -0.057794 0.433767 -3.647604 0.000000 0.000000 0.000000 1.000000
0.465805 -0.071739 -0.881975 7.765745 0.078506 0.996128 -0.039562 70.278221 0.881398 -0.050812 0.469633 -3.403296 0.000000 0.000000 0.000000 1.000000
0.500271 -0.050968 -0.864367 7.191534 0.066915 0.997556 -0.020093 70.690811 0.863279 -0.047787 0.502459 -3.212897 0.000000 0.000000 0.000000 1.000000
0.528832 -0.038577 -0.847850 6.604344 0.061044 0.998108 -0.007339 71.194443 0.846529 -0.047875 0.530186 -3.019882 0.000000 0.000000 0.000000 1.000000
0.552914 -0.030648 -0.832675 6.036646 0.058479 0.998286 0.002087 71.811783 0.831184 -0.049848 0.553758 -2.793573 0.000000 0.000000 0.000000 1.000000
0.575171 -0.024117 -0.817678 5.486797 0.057017 0.998316 0.010663 72.499191 0.816044 -0.052755 0.575577 -2.531430 0.000000 0.000000 0.000000 1.000000
0.597199 -0.017738 -0.801897 4.938847 0.055604 0.998266 0.019329 73.157013 0.800164 -0.056133 0.597149 -2.246010 0.000000 0.000000 0.000000 1.000000
0.618455 -0.011675 -0.785734 4.382080 0.054255 0.998138 0.027873 73.673302 0.783945 -0.059868 0.617937 -1.952958 0.000000 0.000000 0.000000 1.000000
0.637039 -0.006514 -0.770804 3.817487 0.053436 0.997932 0.035730 73.975273 0.768977 -0.063950 0.636070 -1.664751 0.000000 0.000000 0.000000 1.000000
0.651247 -0.002552 -0.758862 3.254654 0.053480 0.997662 0.042540 74.051834 0.756979 -0.068288 0.649861 -1.386857 0.000000 0.000000 0.000000 1.000000
0.660587 0.000308 -0.750749 2.705123 0.054375 0.997354 0.048254 73.942635 0.748778 -0.072698 0.658822 -1.119805 0.000000 0.000000 0.000000 1.000000
0.665866 0.002320 -0.746068 2.177637 0.055906 0.997029 0.052996 73.712746 0.743974 -0.076997 0.663757 -0.864614 0.000000 0.000000 0.000000 1.000000
0.668611 0.003692 -0.743603 1.678476 0.057805 0.996704 0.056924 73.425110 0.741362 -0.081044 0.666194 -0.623094 0.000000 0.000000 0.000000 1.000000
0.670287 0.004552 -0.742088 1.214048 0.059828 0.996395 0.060151 73.122849 0.739686 -0.084716 0.667598 -0.395507 0.000000 0.000000 0.000000 1.000000
0.671790 0.004973 -0.740725 0.791624 0.061759 0.996120 0.062700 72.826141 0.738163 -0.087868 0.668876 -0.181514 0.000000 0.000000 0.000000 1.000000
0.673514 0.004985 -0.739158 0.417019 0.063449 0.995897 0.064530 72.531204 0.736447 -0.090361 0.670434 0.010795 0.000000 0.000000 0.000000 1.000000
0.675812 0.004689 -0.737059 0.099534 0.064643 0.995750 0.065605 72.230515 0.734234 -0.091983 0.672636 0.178187 0.000000 0.000000 0.000000 1.000000
0.679191 0.004249 -0.733949 -0.151204 0.065041 0.995701 0.065953 71.919518 0.731074 -0.092532 0.675995 0.321542 0.000000 0.000000 0.000000 1.000000
0.683984 0.003773 -0.729487 -0.336238 0.064564 0.995749 0.065688 71.593956 0.726634 -0.092028 0.680833 0.436920 0.000000 0.000000 0.000000 1.000000
0.690199 0.003333 -0.723612 -0.462875 0.063280 0.995880 0.064945 71.259544 0.720848 -0.090615 0.687145 0.524736 0.000000 0.000000 0.000000 1.000000</float_array>
        <technique_common>
          <accessor source="#mixamorig_Hips-Matrix-animation-output-transform-array" count="48" stride="16">
            <param type="float4x4"/>
          </accessor>
        </technique_common>
      </source>
      <source id="mixamorig_Hips-Interpolations">
        <Name_array id="mixamorig_Hips-Interpolations-array" count="48">
 LINEAR LINEAR LINEAR LINEAR LINEAR LINEAR LINEAR LINEAR LINEAR LINEAR LINEAR
LINEAR LINEAR LINEAR LINEAR LINEAR LINEAR LINEAR LINEAR LINEAR LINEAR LINEAR LINEAR
LINEAR LINEAR LINEAR LINEAR LINEAR LINEAR LINEAR LINEAR LINEAR LINEAR LINEAR LINEAR
LINEAR LINEAR LINEAR LINEAR LINEAR LINEAR LINEAR LINEAR LINEAR LINEAR LINEAR LINEAR
LINEAR</Name_array>
        <technique_common>
          <accessor source="#mixamorig_Hips-Interpolations-array" count="48">
            <param type="name"/>
          </accessor>
        </technique_common>
      </source>
      <sampler id="mixamorig_Hips-Matrix-animation-transform">
        <input semantic="INPUT" source="#mixamorig_Hips-Matrix-animation-input"/>
        <input semantic="OUTPUT" source="#mixamorig_Hips-Matrix-animation-output-transform"/>
        <input semantic="INTERPOLATION" source="#mixamorig_Hips-Interpolations"/>
      </sampler>
      <channel source="#mixamorig_Hips-Matrix-animation-transform" target="mixamorig_Hips/matrix"/>
    </animation>
    <animation id="mixamorig_Spine-anim" name="mixamorig_Spine">
      <source id="mixamorig_Spine-Matrix-animation-input">
        <float_array id="mixamorig_Spine-Matrix-animation-input-array" count="48">

0.000000 0.033333 0.066667 0.100000 0.133333 0.166667 0.200000 0.233333 0.266667 0.300000 0.333333 0.366667 0.400000 0.433333 0.466667 0.500000
0.533333 0.566667 0.600000 0.633333 0.666667 0.700000 0.733333 0.766667 0.800000 0.833333 0.866667 0.900000 0.933333 0.966667 1.000000 1.033333
1.066667 1.100000 1.133333 1.166667 1.200000 1.233333 1.266667 1.300000 1.333333 1.366667 1.400000 1.433333 1.466667 1.500000 1.533333 1.566667</float_array>
        <technique_common>
          <accessor source="#mixamorig_Spine-Matrix-animation-input-array" count="48">
            <param name="TIME" type="float"/>
          </accessor>
        </technique_common>
      </source>
      <source id="mixamorig_Spine-Matrix-animation-output-transform">
        <float_array id="mixamorig_Spine-Matrix-animation-output-transform-array" count="768">

0.991469 0.032007 0.126352 -0.000000 -0.006669 0.980569 -0.196062 13.784800 -0.130172 0.193546 0.972417 0.064400 0.000000 0.000000 0.000000 1.000000
0.989088 0.046490 0.139798 0.000000 -0.019013 0.981251 -0.191795 13.784800 -0.146094 0.187044 0.971427 0.064400 0.000000 0.000000 0.000000 1.000000
0.989154 0.022664 0.145123 -0.000000 0.007428 0.979041 -0.203526 13.784800 -0.146695 0.202397 0.968254 0.064400 0.000000 0.000000 0.000000 1.000000
0.989662 -0.045493 0.136010 0.000000 0.076688 0.969253 -0.233810 13.784800 -0.121191 0.241823 0.962722 0.064400 0.000000 0.000000 0.000000 1.000000
0.984938 -0.132661 0.110895 0.000000 0.159013 0.946855 -0.279606 13.784800 -0.067909 0.293028 0.953689 0.064400 0.000000 0.000000 0.000000 1.000000
0.976924 -0.199338 0.076711 0.000000 0.213565 0.917051 -0.336761 13.784800 -0.003219 0.345373 0.938460 0.064400 0.000000 0.000000 0.000000 1.000000
0.971859 -0.232103 0.040224 0.000000 0.228208 0.885352 -0.405059 13.784800 0.058403 0.402839 0.913406 0.064400 0.000000 0.000000 0.000000 1.000000
0.970340 -0.241687 0.005303 0.000000 0.214591 0.851036 -0.479259 13.784800 0.111318 0.466182 0.877657 0.064400 0.000000 0.000000 0.000000 1.000000
0.970765 -0.238873 -0.023543 0.000000 0.188024 0.817735 -0.544020 13.784800 0.149204 0.523689 0.838742 0.064400 0.000000 0.000000 0.000000 1.000000
0.972313 -0.230193 -0.040231 0.000000 0.163520 0.793210 -0.586583 13.784800 0.166939 0.563764 0.808889 0.064400 0.000000 0.000000 0.000000 1.000000
0.974229 -0.221527 -0.042470 0.000000 0.150851 0.779871 -0.607490 13.784800 0.167697 0.585428 0.793191 0.064400 0.000000 0.000000 0.000000 1.000000
0.975474 -0.217377 -0.034597 0.000000 0.150630 0.773859 -0.615185 13.784800 0.160501 0.594885 0.787624 0.064400 0.000000 0.000000 0.000000 1.000000
0.975660 -0.217935 -0.024342 0.000000 0.157013 0.771750 -0.616238 13.784800 0.153086 0.597416 0.787184 0.064400 0.000000 0.000000 0.000000 1.000000
0.975196 -0.220753 -0.016144 0.000000 0.164774 0.772734 -0.612970 13.784800 0.147790 0.595106 0.789941 0.064400 0.000000 0.000000 0.000000 1.000000
0.974569 -0.223865 -0.009954 0.000000 0.172156 0.776418 -0.606249 13.784800 0.143447 0.589118 0.795212 0.064400 0.000000 0.000000 0.000000 1.000000
0.973973 -0.226620 -0.004487 0.000000 0.179179 0.781905 -0.597093 13.784800 0.138822 0.580748 0.802159 0.064400 0.000000 0.000000 0.000000 1.000000
0.973467 -0.228827 0.000489 0.000000 0.185635 0.788470 -0.586391 13.784800 0.133797 0.570923 0.810028 0.064400 0.000000 0.000000 0.000000 1.000000
0.973124 -0.230234 0.004785 -0.000000 0.191071 0.795647 -0.574837 13.784800 0.128539 0.560301 0.818254 0.064400 0.000000 0.000000 0.000000 1.000000
0.973112 -0.230186 0.008256 0.000000 0.194705 0.802907 -0.563410 13.784800 0.123061 0.549868 0.826136 0.064400 0.000000 0.000000 0.000000 1.000000
0.973822 -0.227071 0.010419 0.000000 0.194760 0.809863 -0.553344 13.784800 0.117210 0.540888 0.832887 0.064400 0.000000 0.000000 0.000000 1.000000
0.975665 -0.219005 0.010718 0.000000 0.189328 0.816781 -0.544999 13.784800 0.110603 0.533766 0.838368 0.064400 0.000000 0.000000 0.000000 1.000000
0.978494 -0.206050 0.009688 -0.000000 0.178914 0.824380 -0.537017 13.784800 0.102666 0.527201 0.843516 0.064400 0.000000 0.000000 0.000000 1.000000
0.981580 -0.190838 0.009016 0.000000 0.166797 0.833005 -0.527524 13.784800 0.093161 0.519311 0.849492 0.064400 0.000000 0.000000 0.000000 1.000000
0.984356 -0.175920 0.009818 0.000000 0.155682 0.842317 -0.516009 13.784800 0.082506 0.509465 0.856527 0.064400 0.000000 0.000000 0.000000 1.000000
0.986768 -0.161705 0.011816 0.000000 0.145615 0.851811 -0.503204 13.784800 0.071306 0.498266 0.864087 0.064400 0.000000 0.000000 0.000000 1.000000
0.988987 -0.147313 0.014257 0.000000 0.135362 0.861367 -0.489616 13.784800 0.059847 0.486154 0.871821 0.064400 0.000000 0.000000 0.000000 1.000000
0.991076 -0.132208 0.017025 0.000000 0.124366 0.871108 -0.475082 13.784800 0.047979 0.472960 0.879777 0.064400 0.000000 0.000000 0.000000 1.000000
0.992968 -0.116597 0.020494 0.000000 0.112931 0.880990 -0.459461 13.784800 0.035517 0.458544 0.887962 0.064400 0.000000 0.000000 0.000000 1.000000
0.994619 -0.100603 0.024748 0.000000 0.101129 0.890875 -0.442849 13.784800 0.022504 0.442969 0.896255 0.064400 0.000000 0.000000 0.000000 1.000000
0.996026 -0.083939 0.029783 0.000000 0.088628 0.900945 -0.424786 13.784800 0.008823 0.425738 0.904804 0.064400 0.000000 0.000000 0.000000 1.000000
0.997163 -0.066261 0.035705 -0.000000 0.075047 0.911654 -0.404047 13.784800 -0.005778 0.405581 0.914041 0.064400 0.000000 0.000000 0.000000 1.000000
0.997914 -0.048450 0.042655 -0.000000 0.061062 0.922827 -0.380345 13.784800 -0.020935 0.382156 0.923861 0.064400 0.000000 0.000000 0.000000 1.000000
0.998216 -0.032413 0.050138 0.000000 0.048177 0.933316 -0.355809 13.784800 -0.035262 0.357590 0.933213 0.064400 0.000000 0.000000 0.000000 1.000000
0.998177 -0.019428 0.057150 0.000000 0.037420 0.942072 -0.333316 13.784800 -0.047363 0.334847 0.941081 0.064400 0.000000 0.000000 0.000000 1.000000
0.997967 -0.009043 0.063083 0.000000 0.028430 0.949093 -0.313711 13.784800 -0.057035 0.314866 0.947421 0.064400 0.000000 0.000000 0.000000 1.000000
0.997671 -0.000035 0.068210 0.000000 0.020264 0.955006 -0.295893 13.784800 -0.065131 0.296586 0.952783 0.064400 0.000000 0.000000 0.000000 1.000000
0.997285 0.008142 0.073185 0.000000 0.012632 0.960222 -0.278953 13.784800 -0.072545 0.279120 0.957512 0.064400 0.000000 0.000000 0.000000 1.000000
0.996810 0.015204 0.078349 0.000000 0.005961 0.964761 -0.263062 13.784800 -0.079588 0.262690 0.961592 0.064400 0.000000 0.000000 0.000000 1.000000
0.996282 0.020786 0.083611 0.000000 0.000670 0.968563 -0.248766 13.784800 -0.086153 0.247897 0.964948 0.064400 0.000000 0.000000 0.000000 1.000000
0.995742 0.024908 0.088754 0.000000 -0.003245 0.971678 -0.236286 13.784800 -0.092126 0.234992 0.967622 0.064400 0.000000 0.000000 0.000000 1.000000
0.995212 0.027861 0.093686 0.000000 -0.006043 0.974219 -0.225525 13.784800 -0.097554 0.223879 0.969722 0.064400 0.000000 0.000000 0.000000 1.000000
0.994693 0.029917 0.098447 0.000000 -0.007951 0.976285 -0.216345 13.784800 -0.102584 0.214414 0.971341 0.064400 0.000000 0.000000 0.000000 1.000000
0.994178 0.031240 0.103119 0.000000 -0.009081 0.977934 -0.208719 13.784800 -0.107364 0.206567 0.972524 0.064400 0.000000 0.000000 0.000000 1.000000
0.993661 0.032000 0.107764 0.000000 -0.009547 0.979187 -0.202735 13.784800 -0.112009 0.200421 0.973286 0.064400 0.000000 0.000000 0.000000 1.000000
0.993136 0.032317 0.112416 0.000000 -0.009420 0.980051 -0.198522 13.784800 -0.116589 0.196100 0.973628 0.064400 0.000000 0.000000 0.000000 1.000000
0.992598 0.032303 0.117072 0.000000 -0.008776 0.980536 -0.196144 13.784800 -0.121130 0.193664 0.973561 0.064400 0.000000 0.000000 0.000000 1.000000
0.992043 0.032153 0.121723 0.000000 -0.007805 0.980685 -0.195439 13.784800 -0.125656 0.192934 0.973133 0.064400 0.000000 0.000000 0.000000 1.000000
0.991469 0.032007 0.126353 0.000000 -0.006669 0.980569 -0.196062 13.784800 -0.130173 0.193546 0.972417 0.064400 0.000000 0.000000 0.000000 1.000000</float_array>
        <technique_common>
          <accessor source="#mixamorig_Spine-Matrix-animation-output-transform-array" count="48" stride="16">
            <param type="float4x4"/>
          </accessor>
        </technique_common>
      </source>
      <source id="mixamorig_Spine-Interpolations">
        <Name_array id="mixamorig_Spine-Interpolations-array" count="48">
 LINEAR LINEAR LINEAR LINEAR LINEAR LINEAR LINEAR LINEAR LINEAR LINEAR LINEAR
LINEAR LINEAR LINEAR LINEAR LINEAR LINEAR LINEAR LINEAR LINEAR LINEAR LINEAR LINEAR
LINEAR LINEAR LINEAR LINEAR LINEAR LINEAR LINEAR LINEAR LINEAR LINEAR LINEAR LINEAR
LINEAR LINEAR LINEAR LINEAR LINEAR LINEAR LINEAR LINEAR LINEAR LINEAR LINEAR LINEAR
LINEAR</Name_array>
        <technique_common>
          <accessor source="#mixamorig_Spine-Interpolations-array" count="48">
            <param type="name"/>
          </accessor>
        </technique_common>
      </source>
      <sampler id="mixamorig_Spine-Matrix-animation-transform">
        <input semantic="INPUT" source="#mixamorig_Spine-Matrix-animation-input"/>
        <input semantic="OUTPUT" source="#mixamorig_Spine-Matrix-animation-output-transform"/>
        <input semantic="INTERPOLATION" source="#mixamorig_Spine-Interpolations"/>
      </sampler>
      <channel source="#mixamorig_Spine-Matrix-animation-transform" target="mixamorig_Spine/matrix"/>
    </animation>
    <animation id="mixamorig_Spine1-anim" name="mixamorig_Spine1">
      <source id="mixamorig_Spine1-Matrix-animation-input">
        <float_array id="mixamorig_Spine1-Matrix-animation-input-array" count="48">

0.000000 0.033333 0.066667 0.100000 0.133333 0.166667 0.200000 0.233333 0.266667 0.300000 0.333333 0.366667 0.400000 0.433333 0.466667 0.500000
0.533333 0.566667 0.600000 0.633333 0.666667 0.700000 0.733333 0.766667 0.800000 0.833333 0.866667 0.900000 0.933333 0.966667 1.000000 1.033333
1.066667 1.100000 1.133333 1.166667 1.200000 1.233333 1.266667 1.300000 1.333333 1.366667 1.400000 1.433333 1.466667 1.500000 1.533333 1.566667</float_array>
        <technique_common>
          <accessor source="#mixamorig_Spine1-Matrix-animation-input-array" count="48">
            <param name="TIME" type="float"/>
          </accessor>
        </technique_common>
      </source>
      <source id="mixamorig_Spine1-Matrix-animation-output-transform">
        <float_array id="mixamorig_Spine1-Matrix-animation-output-transform-array" count="768">

0.999723 0.016390 0.016885 0.000000 -0.015904 0.999466 -0.028558 12.024300 -0.017344 0.028282 0.999449 -0.000000 0.000000 0.000000 0.000000 1.000000
0.999059 0.032253 0.029006 -0.000000 -0.030798 0.998309 -0.049304 12.024300 -0.030547 0.048364 0.998363 0.000000 0.000000 0.000000 0.000000 1.000000
0.998756 0.034440 0.036051 -0.000000 -0.031373 0.996103 -0.082428 12.024300 -0.038749 0.081195 0.995945 0.000000 0.000000 0.000000 0.000000 1.000000
0.999218 0.016580 0.035904 -0.000000 -0.011989 0.992144 -0.124526 12.024300 -0.037687 0.123998 0.991567 -0.000000 0.000000 0.000000 0.000000 1.000000
0.999454 -0.014283 0.029787 -0.000000 0.019123 0.985407 -0.169135 12.024300 -0.026936 0.169613 0.985143 -0.000000 0.000000 0.000000 0.000000 1.000000
0.998898 -0.042122 0.020712 -0.000000 0.045578 0.975890 -0.213453 12.024300 -0.011221 0.214161 0.976734 0.000000 0.000000 0.000000 0.000000 1.000000
0.998231 -0.058484 0.010661 -0.000000 0.059238 0.963501 -0.261069 12.024300 0.004996 0.261239 0.965261 0.000000 0.000000 0.000000 0.000000 1.000000
0.997880 -0.065066 0.001081 0.000000 0.062141 0.947830 -0.312660 12.024300 0.019319 0.312064 0.949865 0.000000 0.000000 0.000000 0.000000 1.000000
0.997857 -0.065172 -0.005863 -0.000000 0.058693 0.931049 -0.360142 12.024300 0.028930 0.359026 0.932879 -0.000000 0.000000 0.000000 0.000000 1.000000
0.998106 -0.060964 -0.008178 -0.000000 0.052819 0.917616 -0.393942 12.024300 0.031521 0.392764 0.919099 0.000000 0.000000 0.000000 0.000000 1.000000
0.998438 -0.055552 -0.005906 -0.000000 0.048197 0.910017 -0.411760 12.024300 0.028249 0.410832 0.911273 0.000000 0.000000 0.000000 0.000000 1.000000
0.998636 -0.052196 -0.001324 -0.000000 0.046864 0.907221 -0.418035 12.024300 0.023021 0.417403 0.908430 0.000000 0.000000 0.000000 0.000000 1.000000
0.998651 -0.051827 0.003114 -0.000000 0.048377 0.907047 -0.418241 12.024300 0.018852 0.417828 0.908331 0.000000 0.000000 0.000000 0.000000 1.000000
0.998562 -0.053207 0.006628 0.000000 0.051146 0.908108 -0.415601 12.024300 0.016094 0.415342 0.909523 0.000000 0.000000 0.000000 0.000000 1.000000
0.998441 -0.054968 0.009688 0.000000 0.054083 0.909863 -0.411368 12.024300 0.013798 0.411251 0.911418 0.000000 0.000000 0.000000 0.000000 1.000000
0.998319 -0.056556 0.012647 -0.000000 0.056815 0.912083 -0.406050 12.024300 0.011430 0.406086 0.913763 0.000000 0.000000 0.000000 0.000000 1.000000
0.998207 -0.057842 0.015408 0.000000 0.059172 0.914596 -0.400016 12.024300 0.009045 0.400210 0.916379 0.000000 0.000000 0.000000 0.000000 1.000000
0.998115 -0.058706 0.017867 0.000000 0.060995 0.917216 -0.393693 12.024300 0.006724 0.394041 0.919068 0.000000 0.000000 0.000000 0.000000 1.000000
0.998073 -0.058743 0.019991 0.000000 0.061896 0.919690 -0.387735 12.024300 0.004391 0.388225 0.921554 0.000000 0.000000 0.000000 0.000000 1.000000
0.998147 -0.056931 0.021486 0.000000 0.060818 0.921760 -0.382961 12.024300 0.001997 0.383558 0.923515 0.000000 0.000000 0.000000 0.000000 1.000000
0.998401 -0.052107 0.021917 0.000000 0.056526 0.923381 -0.379701 12.024300 -0.000453 0.380332 0.924850 0.000000 0.000000 0.000000 0.000000 1.000000
0.998787 -0.044348 0.021408 -0.000000 0.049149 0.924828 -0.377196 12.024300 -0.003071 0.377790 0.925886 0.000000 0.000000 0.000000 0.000000 1.000000
0.999160 -0.035324 0.020777 0.000000 0.040535 0.926483 -0.374147 12.024300 -0.006033 0.374675 0.927137 0.000000 0.000000 0.000000 0.000000 1.000000
0.999428 -0.026758 0.020686 0.000000 0.032514 0.928557 -0.369764 12.024300 -0.009314 0.370225 0.928895 0.000000 0.000000 0.000000 0.000000 1.000000
0.999594 -0.019157 0.021098 0.000000 0.025525 0.931085 -0.363908 12.024300 -0.012672 0.364299 0.931196 -0.000000 0.000000 0.000000 0.000000 1.000000
0.999690 -0.012188 0.021691 -0.000000 0.019125 0.934077 -0.356560 12.024300 -0.015915 0.356865 0.934021 0.000000 0.000000 0.000000 0.000000 1.000000
0.999735 -0.005567 0.022334 -0.000000 0.012987 0.937544 -0.347624 12.024300 -0.019003 0.347822 0.937368 0.000000 0.000000 0.000000 0.000000 1.000000
0.999734 0.000727 0.023042 0.000000 0.007085 0.941435 -0.337119 12.024300 -0.021938 0.337193 0.941180 0.000000 0.000000 0.000000 0.000000 1.000000
0.999694 0.006750 0.023786 0.000000 0.001351 0.945658 -0.325161 12.024300 -0.024689 0.325094 0.945359 0.000000 0.000000 0.000000 0.000000 1.000000
0.999617 0.012806 0.024525 -0.000000 -0.004529 0.950213 -0.311568 12.024300 -0.027294 0.311338 0.949907 0.000000 0.000000 0.000000 0.000000 1.000000
0.999495 0.019168 0.025326 0.000000 -0.010823 0.955194 -0.295781 12.024300 -0.029861 0.295358 0.954920 0.000000 0.000000 0.000000 0.000000 1.000000
0.999330 0.025500 0.026255 0.000000 -0.017214 0.960519 -0.277683 12.024300 -0.032299 0.277045 0.960314 -0.000000 0.000000 0.000000 0.000000 1.000000
0.999156 0.030851 0.027128 0.000000 -0.022808 0.965795 -0.258302 12.024300 -0.034169 0.257465 0.965683 0.000000 0.000000 0.000000 0.000000 1.000000
0.999023 0.034543 0.027558 0.000000 -0.026967 0.970634 -0.239045 12.024300 -0.035006 0.238068 0.970617 0.000000 0.000000 0.000000 0.000000 1.000000
0.998949 0.036784 0.027342 0.000000 -0.029867 0.974948 -0.220421 12.024300 -0.034765 0.219372 0.975022 0.000000 0.000000 0.000000 0.000000 1.000000
0.998914 0.038204 0.026666 0.000000 -0.032042 0.978846 -0.202073 12.024300 -0.033822 0.200999 0.979007 0.000000 0.000000 0.000000 0.000000 1.000000
0.998900 0.039112 0.025862 -0.000000 -0.033710 0.982400 -0.183723 12.024300 -0.032593 0.182649 0.982638 0.000000 0.000000 0.000000 0.000000 1.000000
0.998908 0.039419 0.025093 -0.000000 -0.034735 0.985589 -0.165554 12.024300 -0.031257 0.164502 0.985881 0.000000 0.000000 0.000000 0.000000 1.000000
0.998943 0.038992 0.024323 0.000000 -0.034979 0.988384 -0.147895 12.024300 -0.029807 0.146888 0.988704 -0.000000 0.000000 0.000000 0.000000 1.000000
0.999007 0.037864 0.023467 0.000000 -0.034477 0.990793 -0.130925 12.024300 -0.028208 0.129986 0.991115 0.000000 0.000000 0.000000 0.000000 1.000000
0.999092 0.036178 0.022508 0.000000 -0.033368 0.992841 -0.114691 12.024300 -0.026496 0.113836 0.993146 -0.000000 0.000000 0.000000 0.000000 1.000000
0.999188 0.034068 0.021491 0.000000 -0.031776 0.994557 -0.099233 12.024300 -0.024755 0.098469 0.994832 -0.000000 0.000000 0.000000 0.000000 1.000000
0.999290 0.031619 0.020479 0.000000 -0.029780 0.995967 -0.084630 12.024300 -0.023073 0.083960 0.996202 0.000000 0.000000 0.000000 0.000000 1.000000
0.999392 0.028883 0.019521 0.000000 -0.027430 0.997099 -0.071004 12.024300 -0.021515 0.070425 0.997285 0.000000 0.000000 0.000000 0.000000 1.000000
0.999490 0.025914 0.018654 -0.000000 -0.024783 0.997979 -0.058509 12.024300 -0.020132 0.058017 0.998113 0.000000 0.000000 0.000000 0.000000 1.000000
0.999580 0.022792 0.017913 -0.000000 -0.021923 0.998640 -0.047298 12.024300 -0.018967 0.046886 0.998720 0.000000 0.000000 0.000000 0.000000 1.000000
0.999658 0.019599 0.017321 0.000000 -0.018941 0.999122 -0.037371 12.024300 -0.018038 0.037030 0.999151 -0.000000 0.000000 0.000000 0.000000 1.000000
0.999723 0.016390 0.016885 -0.000000 -0.015904 0.999466 -0.028558 12.024300 -0.017344 0.028282 0.999450 0.000000 0.000000 0.000000 0.000000 1.000000</float_array>
        <technique_common>
          <accessor source="#mixamorig_Spine1-Matrix-animation-output-transform-array" count="48" stride="16">
            <param type="float4x4"/>
          </accessor>
        </technique_common>
      </source>
      <source id="mixamorig_Spine1-Interpolations">
        <Name_array id="mixamorig_Spine1-Interpolations-array" count="48">
 LINEAR LINEAR LINEAR LINEAR LINEAR LINEAR LINEAR LINEAR LINEAR LINEAR LINEAR
LINEAR LINEAR LINEAR LINEAR LINEAR LINEAR LINEAR LINEAR LINEAR LINEAR LINEAR LINEAR
LINEAR LINEAR LINEAR LINEAR LINEAR LINEAR LINEAR LINEAR LINEAR LINEAR LINEAR LINEAR
LINEAR LINEAR LINEAR LINEAR LINEAR LINEAR LINEAR LINEAR LINEAR LINEAR LINEAR LINEAR
LINEAR</Name_array>
        <technique_common>
          <accessor source="#mixamorig_Spine1-Interpolations-array" count="48">
            <param type="name"/>
          </accessor>
        </technique_common>
      </source>
      <sampler id="mixamorig_Spine1-Matrix-animation-transform">
        <input semantic="INPUT" source="#mixamorig_Spine1-Matrix-animation-input"/>
        <input semantic="OUTPUT" source="#mixamorig_Spine1-Matrix-animation-output-transform"/>
        <input semantic="INTERPOLATION" source="#mixamorig_Spine1-Interpolations"/>
      </sampler>
      <channel source="#mixamorig_Spine1-Matrix-animation-transform" target="mixamorig_Spine1/matrix"/>
    </animation>
    <animation id="mixamorig_Spine2-anim" name="mixamorig_Spine2">
      <source id="mixamorig_Spine2-Matrix-animation-input">
        <float_array id="mixamorig_Spine2-Matrix-animation-input-array" count="48">

0.000000 0.033333 0.066667 0.100000 0.133333 0.166667 0.200000 0.233333 0.266667 0.300000 0.333333 0.366667 0.400000 0.433333 0.466667 0.500000
0.533333 0.566667 0.600000 0.633333 0.666667 0.700000 0.733333 0.766667 0.800000 0.833333 0.866667 0.900000 0.933333 0.966667 1.000000 1.033333
1.066667 1.100000 1.133333 1.166667 1.200000 1.233333 1.266667 1.300000 1.333333 1.366667 1.400000 1.433333 1.466667 1.500000 1.533333 1.566667</float_array>
        <technique_common>
          <accessor source="#mixamorig_Spine2-Matrix-animation-input-array" count="48">
            <param name="TIME" type="float"/>
          </accessor>
        </technique_common>
      </source>
      <source id="mixamorig_Spine2-Matrix-animation-output-transform">
        <float_array id="mixamorig_Spine2-Matrix-animation-output-transform-array" count="768">

0.999731 0.015603 0.017152 -0.000000 -0.015358 0.999780 -0.014301 17.815800 -0.017371 0.014034 0.999751 0.000000 0.000000 0.000000 0.000000 1.000000
0.999077 0.031080 0.029658 0.000000 -0.030033 0.998932 -0.035118 17.815800 -0.030718 0.034195 0.998943 0.000000 0.000000 0.000000 0.000000 1.000000
0.998793 0.032927 0.036436 -0.000000 -0.030381 0.997197 -0.068370 17.815800 -0.038585 0.067180 0.996994 -0.000000 0.000000 0.000000 0.000000 1.000000
0.999263 0.014996 0.035345 -0.000000 -0.011003 0.993809 -0.110555 17.815800 -0.036784 0.110085 0.993241 0.000000 0.000000 0.000000 0.000000 1.000000
0.999483 -0.015581 0.028139 -0.000000 0.019766 0.987693 -0.155152 17.815800 -0.025375 0.155628 0.987490 0.000000 0.000000 0.000000 0.000000 1.000000
0.998907 -0.042902 0.018536 0.000000 0.045740 0.978855 -0.199378 17.815800 -0.009591 0.200008 0.979747 0.000000 0.000000 0.000000 0.000000 1.000000
0.998237 -0.058709 0.008688 -0.000000 0.059035 0.967231 -0.246939 17.815800 0.006094 0.247016 0.968992 0.000000 0.000000 0.000000 0.000000 1.000000
0.997898 -0.064799 -0.000264 0.000000 0.061763 0.952374 -0.298611 17.815800 0.019601 0.297967 0.954375 -0.000000 0.000000 0.000000 0.000000 1.000000
0.997897 -0.064493 -0.006463 -0.000000 0.058271 0.936316 -0.346291 17.815800 0.028385 0.345187 0.938105 0.000000 0.000000 0.000000 0.000000 1.000000
0.998166 -0.059993 -0.008112 0.000000 0.052408 0.923381 -0.380290 17.815800 0.030305 0.379167 0.924832 0.000000 0.000000 0.000000 0.000000 1.000000
0.998501 -0.054461 -0.005397 -0.000000 0.047812 0.916043 -0.398220 17.815800 0.026631 0.397365 0.917274 -0.000000 0.000000 0.000000 0.000000 1.000000
0.998692 -0.051129 -0.000632 -0.000000 0.046503 0.913344 -0.404524 17.815800 0.021260 0.403965 0.914527 0.000000 0.000000 0.000000 0.000000 1.000000
0.998700 -0.050829 0.003836 0.000000 0.048031 0.913179 -0.404718 17.815800 0.017069 0.404376 0.914433 -0.000000 0.000000 0.000000 0.000000 1.000000
0.998607 -0.052254 0.007368 0.000000 0.050804 0.914206 -0.402052 17.815800 0.014273 0.401867 0.915587 0.000000 0.000000 0.000000 0.000000 1.000000
0.998484 -0.054031 0.010479 -0.000000 0.053737 0.915903 -0.397785 17.815800 0.011895 0.397746 0.917419 0.000000 0.000000 0.000000 0.000000 1.000000
0.998360 -0.055630 0.013500 -0.000000 0.056461 0.918049 -0.392427 17.815800 0.009437 0.392545 0.919684 0.000000 0.000000 0.000000 0.000000 1.000000
0.998245 -0.056933 0.016309 -0.000000 0.058809 0.920476 -0.386349 17.815800 0.006984 0.386630 0.922209 0.000000 0.000000 0.000000 0.000000 1.000000
0.998150 -0.057818 0.018801 -0.000000 0.060623 0.923005 -0.379983 17.815800 0.004617 0.380420 0.924802 0.000000 0.000000 0.000000 0.000000 1.000000
0.998104 -0.057887 0.020939 -0.000000 0.061515 0.925392 -0.373985 17.815800 0.002272 0.374564 0.927198 0.000000 0.000000 0.000000 0.000000 1.000000
0.998172 -0.056130 0.022404 -0.000000 0.060436 0.927391 -0.369180 17.815800 -0.000055 0.369859 0.929088 0.000000 0.000000 0.000000 0.000000 1.000000
0.998419 -0.051392 0.022748 0.000000 0.056153 0.928958 -0.365903 17.815800 -0.002328 0.366602 0.930375 -0.000000 0.000000 0.000000 0.000000 1.000000
0.998798 -0.043746 0.022129 0.000000 0.048800 0.930357 -0.363392 17.815800 -0.004691 0.364035 0.931374 -0.000000 0.000000 0.000000 0.000000 1.000000
0.999164 -0.034836 0.021417 0.000000 0.040216 0.931955 -0.360337 17.815800 -0.007407 0.360897 0.932576 0.000000 0.000000 0.000000 0.000000 1.000000
0.999425 -0.026372 0.021297 -0.000000 0.032229 0.933954 -0.355938 17.815800 -0.010503 0.356420 0.934267 0.000000 0.000000 0.000000 0.000000 1.000000
0.999586 -0.018864 0.021710 -0.000000 0.025274 0.936387 -0.350057 17.815800 -0.013725 0.350461 0.936477 -0.000000 0.000000 0.000000 0.000000 1.000000
0.999679 -0.011984 0.022311 0.000000 0.018908 0.939263 -0.342677 17.815800 -0.016849 0.342989 0.939188 0.000000 0.000000 0.000000 0.000000 1.000000
0.999721 -0.005451 0.022970 0.000000 0.012806 0.942592 -0.333701 17.815800 -0.019832 0.333903 0.942399 0.000000 0.000000 0.000000 0.000000 1.000000
0.999719 0.000758 0.023702 0.000000 0.006944 0.946322 -0.323152 17.815800 -0.022675 0.323226 0.946050 0.000000 0.000000 0.000000 0.000000 1.000000
0.999678 0.006699 0.024476 0.000000 0.001250 0.950361 -0.311147 17.815800 -0.025345 0.311077 0.950047 0.000000 0.000000 0.000000 0.000000 1.000000
0.999601 0.012671 0.025252 0.000000 -0.004586 0.954709 -0.297504 17.815800 -0.027878 0.297270 0.954386 -0.000000 0.000000 0.000000 0.000000 1.000000
0.999480 0.018948 0.026108 0.000000 -0.010832 0.959451 -0.281667 17.815800 -0.030386 0.281237 0.959157 0.000000 0.000000 0.000000 0.000000 1.000000
0.999315 0.025195 0.027116 -0.000000 -0.017167 0.964502 -0.263517 17.815800 -0.032793 0.262871 0.964274 -0.000000 0.000000 0.000000 0.000000 1.000000
0.999141 0.030467 0.028074 0.000000 -0.022705 0.969488 -0.244087 17.815800 -0.034654 0.243240 0.969347 0.000000 0.000000 0.000000 0.000000 1.000000
0.999010 0.034094 0.028565 0.000000 -0.026814 0.974039 -0.224788 17.815800 -0.035488 0.223800 0.973989 0.000000 0.000000 0.000000 0.000000 1.000000
0.998938 0.036286 0.028378 0.000000 -0.029672 0.978074 -0.206133 17.815800 -0.035236 0.205072 0.978112 -0.000000 0.000000 0.000000 0.000000 1.000000
0.998906 0.037667 0.027708 0.000000 -0.031810 0.981699 -0.187764 17.815800 -0.034274 0.186677 0.981823 0.000000 0.000000 0.000000 0.000000 1.000000
0.998895 0.038539 0.026895 -0.000000 -0.033442 0.984980 -0.169401 17.815800 -0.033019 0.168315 0.985180 0.000000 0.000000 0.000000 0.000000 1.000000
0.998906 0.038810 0.026103 -0.000000 -0.034431 0.987899 -0.151225 17.815800 -0.031656 0.150161 0.988155 0.000000 0.000000 0.000000 0.000000 1.000000
0.998944 0.038348 0.025294 0.000000 -0.034640 0.990435 -0.133562 17.815800 -0.030173 0.132545 0.990718 -0.000000 0.000000 0.000000 0.000000 1.000000
0.999011 0.037190 0.024384 0.000000 -0.034105 0.992594 -0.116590 17.815800 -0.028539 0.115643 0.992881 0.000000 0.000000 0.000000 0.000000 1.000000
0.999097 0.035479 0.023360 -0.000000 -0.032966 0.994405 -0.100358 17.815800 -0.026790 0.099497 0.994677 0.000000 0.000000 0.000000 0.000000 1.000000
0.999196 0.033349 0.022270 -0.000000 -0.031346 0.995896 -0.084903 17.815800 -0.025010 0.084136 0.996140 0.000000 0.000000 0.000000 0.000000 1.000000
0.999299 0.030882 0.021178 0.000000 -0.029324 0.997094 -0.070307 17.815800 -0.023288 0.069636 0.997301 -0.000000 0.000000 0.000000 0.000000 1.000000
0.999401 0.028131 0.020135 -0.000000 -0.026951 0.998028 -0.056690 17.815800 -0.021690 0.056113 0.998189 0.000000 0.000000 0.000000 0.000000 1.000000
0.999500 0.025151 0.019180 -0.000000 -0.024283 0.998727 -0.044206 17.815800 -0.020268 0.043718 0.998838 0.000000 0.000000 0.000000 0.000000 1.000000
0.999589 0.022019 0.018351 0.000000 -0.021405 0.999226 -0.033009 17.815800 -0.019064 0.032602 0.999287 0.000000 0.000000 0.000000 0.000000 1.000000
0.999667 0.018818 0.017671 0.000000 -0.018408 0.999564 -0.023096 17.815800 -0.018098 0.022763 0.999577 0.000000 0.000000 0.000000 0.000000 1.000000
0.999731 0.015603 0.017152 0.000000 -0.015358 0.999780 -0.014301 17.815800 -0.017371 0.014034 0.999751 -0.000000 0.000000 0.000000 0.000000 1.000000</float_array>
        <technique_common>
          <accessor source="#mixamorig_Spine2-Matrix-animation-output-transform-array" count="48" stride="16">
            <param type="float4x4"/>
          </accessor>
        </technique_common>
      </source>
      <source id="mixamorig_Spine2-Interpolations">
        <Name_array id="mixamorig_Spine2-Interpolations-array" count="48">
 LINEAR LINEAR LINEAR LINEAR LINEAR LINEAR LINEAR LINEAR LINEAR LINEAR LINEAR
LINEAR LINEAR LINEAR LINEAR LINEAR LINEAR LINEAR LINEAR LINEAR LINEAR LINEAR LINEAR
LINEAR LINEAR LINEAR LINEAR LINEAR LINEAR LINEAR LINEAR LINEAR LINEAR LINEAR LINEAR
LINEAR LINEAR LINEAR LINEAR LINEAR LINEAR LINEAR LINEAR LINEAR LINEAR LINEAR LINEAR
LINEAR</Name_array>
        <technique_common>
          <accessor source="#mixamorig_Spine2-Interpolations-array" count="48">
            <param type="name"/>
          </accessor>
        </technique_common>
      </source>
      <sampler id="mixamorig_Spine2-Matrix-animation-transform">
        <input semantic="INPUT" source="#mixamorig_Spine2-Matrix-animation-input"/>
        <input semantic="OUTPUT" source="#mixamorig_Spine2-Matrix-animation-output-transform"/>
        <input semantic="INTERPOLATION" source="#mixamorig_Spine2-Interpolations"/>
      </sampler>
      <channel source="#mixamorig_Spine2-Matrix-animation-transform" target="mixamorig_Spine2/matrix"/>
    </animation>
    <animation id="mixamorig_Neck-anim" name="mixamorig_Neck">
      <source id="mixamorig_Neck-Matrix-animation-input">
        <float_array id="mixamorig_Neck-Matrix-animation-input-array" count="48">

0.000000 0.033333 0.066667 0.100000 0.133333 0.166667 0.200000 0.233333 0.266667 0.300000 0.333333 0.366667 0.400000 0.433333 0.466667 0.500000
0.533333 0.566667 0.600000 0.633333 0.666667 0.700000 0.733333 0.766667 0.800000 0.833333 0.866667 0.900000 0.933333 0.966667 1.000000 1.033333
1.066667 1.100000 1.133333 1.166667 1.200000 1.233333 1.266667 1.300000 1.333333 1.366667 1.400000 1.433333 1.466667 1.500000 1.533333 1.566667</float_array>
        <technique_common>
          <accessor source="#mixamorig_Neck-Matrix-animation-input-array" count="48">
            <param name="TIME" type="float"/>
          </accessor>
        </technique_common>
      </source>
      <source id="mixamorig_Neck-Matrix-animation-output-transform">
        <float_array id="mixamorig_Neck-Matrix-animation-output-transform-array" count="768">

0.970444 -0.077035 0.228700 0.000000 0.079469 0.996836 -0.001438 39.117599 -0.227866 0.019570 0.973496 11.977000 0.000000 0.000000 0.000000 1.000000
