<?xml version="1.0" encoding="utf-8"?>
<COLLADA xmlns="http://www.collada.org/2005/11/COLLADASchema" version="1.4.1">
  <asset>
    <contributor>
      <author>Mixamo</author>
      <authoring_tool>COLLADA Mixamo exporter</authoring_tool>
      <comments/>
    </contributor>
    <created>2024-12-02T01:18:43Z</created>
    <modified>2024-12-02T01:18:43Z</modified>
    <revision/>
    <title/>
    <unit meter="0.010000"/>
    <up_axis>Y_UP</up_axis>
  </asset>
  <library_animations>
    <animation id="mixamorig_Hips-anim" name="mixamorig_Hips">
      <source id="mixamorig_Hips-Matrix-animation-input">
        <float_array id="mixamorig_Hips-Matrix-animation-input-array" count="81">

0.000000 0.033333 0.066667 0.100000 0.133333 0.166667 0.200000 0.233333 0.266667 0.300000 0.333333 0.366667 0.400000 0.433333 0.466667 0.500000
0.533333 0.566667 0.600000 0.633333 0.666667 0.700000 0.733333 0.766667 0.800000 0.833333 0.866667 0.900000 0.933333 0.966667 1.000000 1.033333
1.066667 1.100000 1.133333 1.166667 1.200000 1.233333 1.266667 1.300000 1.333333 1.366667 1.400000 1.433333 1.466667 1.500000 1.533333 1.566667
1.600000 1.633333 1.666667 1.700000 1.733333 1.766667 1.800000 1.833333 1.866667 1.900000 1.933333 1.966667 2.000000 2.033333 2.066667 2.100000
2.133333 2.166667 2.200000 2.233333 2.266667 2.300000 2.333333 2.366667 2.400000 2.433333 2.466667 2.500000 2.533333 2.566667 2.600000 2.633333
2.666667</float_array>
        <technique_common>
          <accessor source="#mixamorig_Hips-Matrix-animation-input-array" count="81">
            <param name="TIME" type="float"/>
          </accessor>
        </technique_common>
      </source>
      <source id="mixamorig_Hips-Matrix-animation-output-transform">
        <float_array id="mixamorig_Hips-Matrix-animation-output-transform-array" count="1296">

0.999826 0.018675 0.000016 0.279020 -0.018675 0.999816 0.004404 76.439438 0.000066 -0.004403 0.999990 5.022192 0.000000 0.000000 0.000000 1.000000
0.999837 0.016655 0.006923 0.164901 -0.016662 0.999861 0.000901 76.559402 -0.006907 -0.001016 0.999976 4.970164 0.000000 0.000000 0.000000 1.000000
0.999803 0.015436 0.012517 -0.070508 -0.015406 0.999878 -0.002502 76.798485 -0.012554 0.002308 0.999919 4.892951 0.000000 0.000000 0.000000 1.000000
0.999745 0.015112 0.016776 -0.407959 -0.015021 0.999872 -0.005504 77.113052 -0.016857 0.005251 0.999844 4.793139 0.000000 0.000000 0.000000 1.000000
0.999732 0.014691 0.017917 -0.862200 -0.014528 0.999852 -0.009194 77.487442 -0.018050 0.008931 0.999797 4.654473 0.000000 0.000000 0.000000 1.000000
0.999717 0.013390 0.019638 -1.438905 -0.013119 0.999818 -0.013887 77.896362 -0.019821 0.013626 0.999711 4.471408 0.000000 0.000000 0.000000 1.000000
0.999135 0.012341 0.039699 -2.425932 -0.011572 0.999742 -0.019537 78.520149 -0.039929 0.019061 0.999021 4.036764 0.000000 0.000000 0.000000 1.000000
0.997381 0.011830 0.071352 -3.858770 -0.010144 0.999662 -0.023949 79.412964 -0.071612 0.023163 0.997164 3.194728 0.000000 0.000000 0.000000 1.000000
0.994405 0.010710 0.105094 -5.795955 -0.007748 0.999562 -0.028555 80.611938 -0.105354 0.027581 0.994052 1.961321 0.000000 0.000000 0.000000 1.000000
0.989949 0.011974 0.140916 -7.825416 -0.007361 0.999421 -0.033212 81.400452 -0.141232 0.031841 0.989464 0.300463 0.000000 0.000000 0.000000 1.000000
0.983728 0.016867 0.178872 -9.458428 -0.010259 0.999233 -0.037803 81.198181 -0.179372 0.035352 0.983146 -1.811979 0.000000 0.000000 0.000000 1.000000
0.975247 0.025909 0.219594 -10.500356 -0.017063 0.998968 -0.042087 80.075974 -0.220458 0.037298 0.974683 -4.443570 0.000000 0.000000 0.000000 1.000000
0.963559 0.036304 0.265022 -11.424732 -0.024866 0.998614 -0.046388 78.784737 -0.266339 0.038107 0.963126 -7.285179 0.000000 0.000000 0.000000 1.000000
0.947705 0.043472 0.316173 -11.841049 -0.029063 0.998319 -0.050147 77.516937 -0.317821 0.038336 0.947375 -9.416868 0.000000 0.000000 0.000000 1.000000
0.926942 0.049257 0.371958 -11.392663 -0.032107 0.998122 -0.052164 76.046265 -0.373829 0.036410 0.926783 -10.759581 0.000000 0.000000 0.000000 1.000000
0.900305 0.055706 0.431679 -10.861483 -0.036862 0.997972 -0.051904 74.945839 -0.433695 0.030817 0.900533 -11.811543 0.000000 0.000000 0.000000 1.000000
0.866159 0.064091 0.495642 -10.428491 -0.044810 0.997708 -0.050705 74.090530 -0.497756 0.021708 0.867045 -12.819803 0.000000 0.000000 0.000000 1.000000
0.822484 0.075514 0.563754 -10.255691 -0.057313 0.997106 -0.049943 72.546043 -0.565894 0.008767 0.824431 -14.289274 0.000000 0.000000 0.000000 1.000000
0.755563 0.092346 0.648535 -10.317545 -0.079829 0.995615 -0.048764 70.226028 -0.650194 -0.014927 0.759622 -16.226599 0.000000 0.000000 0.000000 1.000000
0.684962 0.116564 0.719194 -10.517609 -0.106026 0.992558 -0.059891 67.654465 -0.720823 -0.035231 0.692223 -18.118338 0.000000 0.000000 0.000000 1.000000
0.650466 0.155608 0.743425 -10.695128 -0.133385 0.986980 -0.089882 65.304115 -0.747732 -0.040696 0.662753 -19.696938 0.000000 0.000000 0.000000 1.000000
0.642563 0.211587 0.736440 -10.795156 -0.164301 0.976809 -0.137290 63.257336 -0.748410 -0.032780 0.662426 -21.227802 0.000000 0.000000 0.000000 1.000000
0.641990 0.249453 0.724998 -10.970225 -0.183839 0.968091 -0.170305 61.959000 -0.744347 -0.023949 0.667364 -22.616514 0.000000 0.000000 0.000000 1.000000
0.644034 0.262493 0.718552 -11.183349 -0.192489 0.964672 -0.179876 61.323189 -0.740384 -0.022467 0.671809 -23.840471 0.000000 0.000000 0.000000 1.000000
0.649963 0.266885 0.711562 -11.438356 -0.198476 0.963425 -0.180056 60.945587 -0.733590 -0.024198 0.679161 -24.907799 0.000000 0.000000 0.000000 1.000000
0.660357 0.270753 0.700443 -11.687090 -0.202528 0.962391 -0.181071 60.798485 -0.723126 -0.022288 0.690357 -25.606480 0.000000 0.000000 0.000000 1.000000
0.674115 0.276828 0.684789 -11.899639 -0.202947 0.960847 -0.188642 60.928413 -0.710198 -0.011809 0.703903 -25.731615 0.000000 0.000000 0.000000 1.000000
0.690770 0.280977 0.666250 -12.053663 -0.197834 0.959695 -0.199617 61.572144 -0.695484 0.006083 0.718516 -25.393368 0.000000 0.000000 0.000000 1.000000
0.711418 0.278257 0.645335 -12.115324 -0.186019 0.960081 -0.208903 62.548302 -0.677702 0.028573 0.734781 -24.759350 0.000000 0.000000 0.000000 1.000000
0.737435 0.265252 0.621153 -12.312675 -0.166550 0.962672 -0.213363 63.385548 -0.654561 0.053888 0.754086 -22.814899 0.000000 0.000000 0.000000 1.000000
0.769166 0.241391 0.591705 -12.720865 -0.140699 0.967162 -0.211665 64.339523 -0.623368 0.079553 0.777871 -19.029774 0.000000 0.000000 0.000000 1.000000
0.805301 0.204404 0.556515 -12.942690 -0.110408 0.973971 -0.197967 65.654602 -0.582495 0.097979 0.806908 -13.724331 0.000000 0.000000 0.000000 1.000000
0.854957 0.145884 0.497761 -13.512717 -0.069742 0.983251 -0.168383 67.752960 -0.513989 0.109246 0.850812 -6.541887 0.000000 0.000000 0.000000 1.000000
0.911611 0.083318 0.402522 -14.523795 -0.031535 0.990532 -0.133613 71.164749 -0.409843 0.109109 0.905607 1.557189 0.000000 0.000000 0.000000 1.000000
0.955973 0.033355 0.291554 -15.071683 -0.007189 0.995883 -0.090362 75.147751 -0.293368 0.084288 0.952277 8.153832 0.000000 0.000000 0.000000 1.000000
0.986570 -0.021523 0.161917 -15.838620 0.029398 0.998490 -0.046398 79.285370 -0.160674 0.050535 0.985713 14.786665 0.000000 0.000000 0.000000 1.000000
0.940676 -0.122882 -0.316272 -16.796526 0.096025 0.990422 -0.099210 82.902702 0.325434 0.062954 0.943467 31.485416 0.000000 0.000000 0.000000 1.000000
0.620731 -0.221368 -0.752123 -15.495796 0.109065 0.974365 -0.196767 81.612099 0.776400 0.040110 0.628963 48.283878 0.000000 0.000000 0.000000 1.000000
0.383918 -0.190770 -0.903445 -14.077593 0.046117 0.981165 -0.187584 78.074707 0.922215 0.030353 0.385485 59.679268 0.000000 0.000000 0.000000 1.000000
0.231286 -0.204740 -0.951099 -10.965173 -0.060826 0.972650 -0.224171 71.448730 0.970983 0.109699 0.212506 67.191109 0.000000 0.000000 0.000000 1.000000
0.116426 -0.255656 -0.959732 -8.418122 -0.119504 0.955677 -0.269073 63.159077 0.985984 0.146019 0.080714 70.311440 0.000000 0.000000 0.000000 1.000000
0.087478 -0.289018 -0.953318 -6.262527 -0.147312 0.942712 -0.299320 57.418232 0.985214 0.166620 0.039891 72.666420 0.000000 0.000000 0.000000 1.000000
0.078093 -0.312477 -0.946710 -4.246581 -0.166186 0.932243 -0.321411 54.509037 0.982997 0.182430 0.020872 74.361717 0.000000 0.000000 0.000000 1.000000
0.084157 -0.326142 -0.941567 -2.532768 -0.172738 0.925838 -0.336133 52.823750 0.981366 0.190932 0.021579 75.056427 0.000000 0.000000 0.000000 1.000000
0.093097 -0.335977 -0.937258 -1.128905 -0.176169 0.920935 -0.347624 51.882866 0.979948 0.197478 0.026548 75.226364 0.000000 0.000000 0.000000 1.000000
0.106400 -0.334350 -0.936424 -0.440423 -0.173654 0.921047 -0.348591 51.497532 0.979042 0.199704 0.039938 74.552765 0.000000 0.000000 0.000000 1.000000
0.120505 -0.332869 -0.935241 0.121735 -0.171757 0.920908 -0.349898 51.653515 0.977741 0.202799 0.053802 73.628136 0.000000 0.000000 0.000000 1.000000
0.135951 -0.323405 -0.936443 0.557437 -0.164697 0.924689 -0.343256 52.312847 0.976930 0.200896 0.072449 72.383766 0.000000 0.000000 0.000000 1.000000
0.152661 -0.306652 -0.939500 0.545842 -0.151346 0.932175 -0.328853 53.347076 0.976621 0.192392 0.095896 70.637589 0.000000 0.000000 0.000000 1.000000
0.171752 -0.286918 -0.942433 0.347871 -0.135011 0.940766 -0.311016 54.730362 0.975845 0.180656 0.122842 68.485268 0.000000 0.000000 0.000000 1.000000
0.197011 -0.267413 -0.943227 0.141695 -0.119946 0.948281 -0.293898 56.428284 0.973036 0.171037 0.154747 66.075745 0.000000 0.000000 0.000000 1.000000
0.229467 -0.250587 -0.940506 -0.041904 -0.108407 0.953697 -0.280552 58.343185 0.967261 0.166335 0.191676 63.513569 0.000000 0.000000 0.000000 1.000000
0.300804 -0.238605 -0.923355 -0.288846 -0.099423 0.955074 -0.279191 60.423473 0.948489 0.175785 0.263567 60.881668 0.000000 0.000000 0.000000 1.000000
0.404213 -0.228724 -0.885606 -0.718801 -0.089221 0.953752 -0.287047 62.705887 0.910303 0.195043 0.365112 57.273586 0.000000 0.000000 0.000000 1.000000
0.519700 -0.218624 -0.825903 -1.328403 -0.073899 0.951578 -0.298392 65.725372 0.851147 0.216107 0.478379 51.128727 0.000000 0.000000 0.000000 1.000000
0.623531 -0.204267 -0.754641 -1.336514 -0.056893 0.950848 -0.304386 68.042290 0.779725 0.232728 0.581262 46.050713 0.000000 0.000000 0.000000 1.000000
0.707620 -0.185651 -0.681768 -0.871701 -0.039983 0.952800 -0.300954 69.623466 0.705461 0.240220 0.666798 42.243008 0.000000 0.000000 0.000000 1.000000
0.780040 -0.165671 -0.603399 -0.438538 -0.023050 0.956051 -0.292293 71.161934 0.625305 0.241909 0.741940 38.234589 0.000000 0.000000 0.000000 1.000000
0.839605 -0.143518 -0.523895 -0.083704 -0.010005 0.960216 -0.279079 72.326324 0.543105 0.239557 0.804766 35.040852 0.000000 0.000000 0.000000 1.000000
0.887840 -0.123900 -0.443157 0.162739 0.003727 0.964972 -0.262325 73.874657 0.460136 0.231251 0.857203 31.541180 0.000000 0.000000 0.000000 1.000000
0.924707 -0.104952 -0.365927 0.377290 0.013871 0.969896 -0.243126 75.338905 0.380428 0.219745 0.898324 28.129778 0.000000 0.000000 0.000000 1.000000
0.951536 -0.086331 -0.295173 0.667483 0.019230 0.974615 -0.223059 76.538094 0.306937 0.206573 0.929041 24.763681 0.000000 0.000000 0.000000 1.000000
0.965677 -0.066289 -0.251145 1.103275 0.014724 0.979302 -0.201870 77.292084 0.259328 0.191243 0.946665 21.723612 0.000000 0.000000 0.000000 1.000000
0.975787 -0.050872 -0.212726 1.725888 0.010682 0.982500 -0.185958 77.580704 0.218463 0.179183 0.959254 18.980785 0.000000 0.000000 0.000000 1.000000
0.981829 -0.038843 -0.185752 2.329257 0.006587 0.985213 -0.171207 77.730331 0.189655 0.166872 0.967566 16.465302 0.000000 0.000000 0.000000 1.000000
0.986581 -0.029517 -0.160582 2.764536 0.004146 0.987734 -0.156089 77.724159 0.163220 0.153329 0.974602 14.048733 0.000000 0.000000 0.000000 1.000000
0.990247 -0.021543 -0.137647 3.104160 0.001971 0.990041 -0.140768 77.688652 0.139309 0.139124 0.980427 12.160437 0.000000 0.000000 0.000000 1.000000
0.993052 -0.013972 -0.116842 3.507551 -0.000797 0.992105 -0.125404 77.162041 0.117672 0.124626 0.985201 10.628442 0.000000 0.000000 0.000000 1.000000
0.995165 -0.007567 -0.097927 3.657970 -0.003282 0.993909 -0.110156 76.357521 0.098164 0.109945 0.989078 9.209843 0.000000 0.000000 0.000000 1.000000
0.996719 -0.002182 -0.080905 3.670176 -0.005547 0.995444 -0.095187 75.651192 0.080744 0.095323 0.992166 7.638932 0.000000 0.000000 0.000000 1.000000
0.997824 0.002954 -0.065867 3.711023 -0.008275 0.996708 -0.080656 75.158424 0.065411 0.081026 0.994563 6.191414 0.000000 0.000000 0.000000 1.000000
0.998591 0.007307 -0.052564 3.649628 -0.010813 0.997713 -0.066728 74.924141 0.051956 0.067203 0.996386 5.292067 0.000000 0.000000 0.000000 1.000000
0.999106 0.010718 -0.040892 3.419358 -0.012904 0.998481 -0.053567 74.596619 0.040255 0.054047 0.997727 4.779467 0.000000 0.000000 0.000000 1.000000
0.999434 0.013452 -0.030848 3.139211 -0.014723 0.999037 -0.041335 74.368721 0.030262 0.041766 0.998669 4.382971 0.000000 0.000000 0.000000 1.000000
0.999629 0.015548 -0.022351 2.835468 -0.016219 0.999412 -0.030197 74.286209 0.021868 0.030549 0.999294 4.094230 0.000000 0.000000 0.000000 1.000000
0.999739 0.016962 -0.015298 2.479884 -0.017271 0.999644 -0.020318 74.285240 0.014948 0.020577 0.999677 3.949408 0.000000 0.000000 0.000000 1.000000
0.999792 0.017945 -0.009664 2.101886 -0.018060 0.999767 -0.011863 74.449142 0.009449 0.012035 0.999883 3.953390 0.000000 0.000000 0.000000 1.000000
0.999811 0.018662 -0.005405 1.717397 -0.018690 0.999813 -0.004996 74.807014 0.005311 0.005096 0.999973 4.070234 0.000000 0.000000 0.000000 1.000000
0.999815 0.019066 -0.002430 1.314625 -0.019066 0.999818 0.000116 75.305206 0.002432 -0.000070 0.999997 4.277378 0.000000 0.000000 0.000000 1.000000
0.999819 0.019022 -0.000642 0.813607 -0.019020 0.999814 0.003305 75.862923 0.000704 -0.003292 0.999994 4.597780 0.000000 0.000000 0.000000 1.000000
0.999826 0.018675 0.000016 0.279023 -0.018675 0.999816 0.004404 76.439438 0.000066 -0.004403 0.999990 5.022192 0.000000 0.000000 0.000000 1.000000</float_array>
        <technique_common>
          <accessor source="#mixamorig_Hips-Matrix-animation-output-transform-array" count="81" stride="16">
            <param type="float4x4"/>
          </accessor>
        </technique_common>
      </source>
      <source id="mixamorig_Hips-Interpolations">
        <Name_array id="mixamorig_Hips-Interpolations-array" count="81">
 LINEAR LINEAR LINEAR LINEAR LINEAR LINEAR LINEAR LINEAR LINEAR LINEAR LINEAR
LINEAR LINEAR LINEAR LINEAR LINEAR LINEAR LINEAR LINEAR LINEAR LINEAR LINEAR LINEAR
LINEAR LINEAR LINEAR LINEAR LINEAR LINEAR LINEAR LINEAR LINEAR LINEAR LINEAR LINEAR
LINEAR LINEAR LINEAR LINEAR LINEAR LINEAR LINEAR LINEAR LINEAR LINEAR LINEAR LINEAR
LINEAR LINEAR LINEAR LINEAR LINEAR LINEAR LINEAR LINEAR LINEAR LINEAR LINEAR LINEAR
LINEAR LINEAR LINEAR LINEAR LINEAR LINEAR LINEAR LINEAR LINEAR LINEAR LINEAR LINEAR
LINEAR LINEAR LINEAR LINEAR LINEAR LINEAR LINEAR LINEAR LINEAR LINEAR</Name_array>
        <technique_common>
          <accessor source="#mixamorig_Hips-Interpolations-array" count="81">
            <param type="name"/>
          </accessor>
        </technique_common>
      </source>
      <sampler id="mixamorig_Hips-Matrix-animation-transform">
        <input semantic="INPUT" source="#mixamorig_Hips-Matrix-animation-input"/>
        <input semantic="OUTPUT" source="#mixamorig_Hips-Matrix-animation-output-transform"/>
        <input semantic="INTERPOLATION" source="#mixamorig_Hips-Interpolations"/>
      </sampler>
      <channel source="#mixamorig_Hips-Matrix-animation-transform" target="mixamorig_Hips/matrix"/>
    </animation>
    <animation id="mixamorig_Spine-anim" name="mixamorig_Spine">
      <source id="mixamorig_Spine-Matrix-animation-input">
        <float_array id="mixamorig_Spine-Matrix-animation-input-array" count="81">

0.000000 0.033333 0.066667 0.100000 0.133333 0.166667 0.200000 0.233333 0.266667 0.300000 0.333333 0.366667 0.400000 0.433333 0.466667 0.500000
0.533333 0.566667 0.600000 0.633333 0.666667 0.700000 0.733333 0.766667 0.800000 0.833333 0.866667 0.900000 0.933333 0.966667 1.000000 1.033333
1.066667 1.100000 1.133333 1.166667 1.200000 1.233333 1.266667 1.300000 1.333333 1.366667 1.400000 1.433333 1.466667 1.500000 1.533333 1.566667
1.600000 1.633333 1.666667 1.700000 1.733333 1.766667 1.800000 1.833333 1.866667 1.900000 1.933333 1.966667 2.000000 2.033333 2.066667 2.100000
2.133333 2.166667 2.200000 2.233333 2.266667 2.300000 2.333333 2.366667 2.400000 2.433333 2.466667 2.500000 2.533333 2.566667 2.600000 2.633333
2.666667</float_array>
        <technique_common>
          <accessor source="#mixamorig_Spine-Matrix-animation-input-array" count="81">
            <param name="TIME" type="float"/>
          </accessor>
        </technique_common>
      </source>
      <source id="mixamorig_Spine-Matrix-animation-output-transform">
        <float_array id="mixamorig_Spine-Matrix-animation-output-transform-array" count="1296">

0.999970 -0.006164 0.004584 0.000000 0.007301 0.948180 -0.317651 13.784800 -0.002389 0.317675 0.948197 0.064400 0.000000 0.000000 0.000000 1.000000
0.999966 -0.007346 0.003782 0.000000 0.008166 0.948581 -0.316429 13.784800 -0.001263 0.316449 0.948609 0.064400 0.000000 0.000000 0.000000 1.000000
0.999944 -0.010411 0.001686 0.000000 0.010415 0.949643 -0.313162 13.784800 0.001659 0.313162 0.949698 0.064400 0.000000 0.000000 0.000000 1.000000
0.999892 -0.014668 -0.001118 0.000000 0.013609 0.951180 -0.308336 13.784800 0.005586 0.308288 0.951277 0.064400 0.000000 0.000000 0.000000 1.000000
0.999805 -0.019336 -0.004103 0.000000 0.017190 0.953017 -0.302427 13.784800 0.009758 0.302298 0.953164 0.064400 0.000000 0.000000 0.000000 1.000000
0.999699 -0.023568 -0.006752 0.000000 0.020515 0.954996 -0.295907 13.784800 0.013422 0.295679 0.955193 0.064400 0.000000 0.000000 0.000000 1.000000
0.999618 -0.026267 -0.008553 0.000000 0.022690 0.957322 -0.288130 13.784800 0.015756 0.287826 0.957553 0.064400 0.000000 0.000000 0.000000 1.000000
0.999518 -0.029079 -0.010901 0.000000 0.024935 0.960711 -0.276430 13.784800 0.018511 0.276024 0.960972 0.064400 0.000000 0.000000 0.000000 1.000000
0.999369 -0.032586 -0.014137 0.000000 0.027754 0.964733 -0.261765 13.784800 0.022168 0.261208 0.965028 0.064400 0.000000 0.000000 0.000000 1.000000
0.999096 -0.039081 -0.016726 0.000000 0.033795 0.968890 -0.245175 13.784800 0.025788 0.244388 0.969334 0.064400 0.000000 0.000000 0.000000 1.000000
0.998652 -0.048725 -0.017905 -0.000000 0.043380 0.972764 -0.227701 13.784800 0.028512 0.226617 0.973567 0.064400 0.000000 0.000000 0.000000 1.000000
0.997993 -0.060863 -0.017463 0.000000 0.055859 0.976140 -0.209834 13.784800 0.029818 0.208438 0.977581 0.064400 0.000000 0.000000 0.000000 1.000000
0.997236 -0.072198 -0.017548 0.000000 0.067476 0.978896 -0.192896 13.784800 0.031105 0.191178 0.981062 0.064400 0.000000 0.000000 0.000000 1.000000
0.996755 -0.078309 -0.018617 0.000000 0.073829 0.981600 -0.176098 13.784800 0.032065 0.174152 0.984197 0.064400 0.000000 0.000000 0.000000 1.000000
0.996507 -0.081611 -0.017702 -0.000000 0.077803 0.984333 -0.158225 13.784800 0.030337 0.156295 0.987244 0.064400 0.000000 0.000000 0.000000 1.000000
0.996472 -0.082723 -0.014129 0.000000 0.079945 0.986918 -0.140004 13.784800 0.025526 0.138381 0.990050 0.064400 0.000000 0.000000 0.000000 1.000000
0.996539 -0.082793 -0.007390 -0.000000 0.081263 0.989092 -0.122853 13.784800 0.017481 0.121827 0.992397 0.064400 0.000000 0.000000 0.000000 1.000000
0.996730 -0.080782 0.002043 -0.000000 0.080510 0.990579 -0.110779 13.784800 0.006925 0.110581 0.993843 0.064400 0.000000 0.000000 0.000000 1.000000
0.997021 -0.075684 0.014897 -0.000000 0.076837 0.991453 -0.105435 13.784800 -0.006790 0.106266 0.994315 0.064400 0.000000 0.000000 0.000000 1.000000
0.997833 -0.054417 0.036993 0.000000 0.058423 0.991342 -0.117590 13.784800 -0.030274 0.119497 0.992373 0.064400 0.000000 0.000000 0.000000 1.000000
0.998262 -0.025596 0.053078 0.000000 0.032423 0.990715 -0.132035 13.784800 -0.049206 0.133527 0.989823 0.064400 0.000000 0.000000 0.000000 1.000000
0.996485 -0.000771 0.083762 0.000000 0.012489 0.990148 -0.139468 13.784800 -0.082829 0.140024 0.986678 0.064400 0.000000 0.000000 0.000000 1.000000
0.993753 0.011155 0.111042 0.000000 0.004698 0.989929 -0.141489 13.784800 -0.111502 0.141127 0.983692 0.064400 0.000000 0.000000 0.000000 1.000000
0.992328 0.012351 0.123013 0.000000 0.005840 0.989203 -0.146434 13.784800 -0.123493 0.146029 0.981542 0.064400 0.000000 0.000000 0.000000 1.000000
0.991787 0.009509 0.127550 0.000000 0.010406 0.987928 -0.154564 13.784800 -0.127480 0.154622 0.979715 0.064400 0.000000 0.000000 0.000000 1.000000
0.991611 0.005649 0.129132 0.000000 0.015353 0.986824 -0.161070 13.784800 -0.128340 0.161702 0.978459 0.064400 0.000000 0.000000 0.000000 1.000000
0.991347 0.000917 0.131262 -0.000000 0.020464 0.986670 -0.161445 13.784800 -0.129660 0.162734 0.978113 0.064400 0.000000 0.000000 0.000000 1.000000
0.991034 -0.006685 0.133443 -0.000000 0.027627 0.987417 -0.155709 13.784800 -0.130723 0.157999 0.978748 0.064400 0.000000 0.000000 0.000000 1.000000
0.990941 -0.017467 0.133160 0.000000 0.037057 0.988577 -0.146091 13.784800 -0.129087 0.149702 0.980268 0.064400 0.000000 0.000000 0.000000 1.000000
0.989687 -0.020521 0.141772 0.000000 0.038271 0.991589 -0.123637 13.784800 -0.138043 0.127787 0.982148 0.064400 0.000000 0.000000 0.000000 1.000000
0.988299 -0.026482 0.150215 -0.000000 0.041299 0.994486 -0.096393 13.784800 -0.146835 0.101469 0.983943 0.064400 0.000000 0.000000 0.000000 1.000000
0.986066 -0.041388 0.161126 -0.000000 0.052662 0.996406 -0.066339 13.784800 -0.157801 0.073900 0.984702 0.064400 0.000000 0.000000 0.000000 1.000000
0.983111 -0.076179 0.166404 -0.000000 0.077468 0.996994 -0.001257 13.784800 -0.165808 0.014127 0.986057 0.064400 0.000000 0.000000 0.000000 1.000000
0.978075 -0.139714 0.154434 0.000000 0.133193 0.989733 0.051851 13.784800 -0.160092 -0.030144 0.986642 0.064400 0.000000 0.000000 0.000000 1.000000
0.965440 -0.219346 0.140757 0.000000 0.218265 0.975612 0.023259 13.784800 -0.142426 0.008267 0.989771 0.064400 0.000000 0.000000 0.000000 1.000000
0.961446 -0.243723 0.127360 0.000000 0.250187 0.967481 -0.037248 13.784800 -0.114140 0.067676 0.991157 0.064400 0.000000 0.000000 0.000000 1.000000
0.952614 -0.262393 0.153870 -0.000000 0.261619 0.964831 0.025623 13.784800 -0.155181 0.015847 0.987759 0.064400 0.000000 0.000000 0.000000 1.000000
0.954129 -0.182332 0.237473 0.000000 0.207764 0.974332 -0.086669 13.784800 -0.215575 0.132031 0.967520 0.064400 0.000000 0.000000 0.000000 1.000000
0.984021 -0.073064 0.162373 0.000000 0.117365 0.951940 -0.282905 13.784800 -0.133899 0.297442 0.945304 0.064400 0.000000 0.000000 0.000000 1.000000
0.999743 0.017338 0.014583 0.000000 -0.011306 0.939603 -0.342079 13.784800 -0.019633 0.341826 0.939558 0.064400 0.000000 0.000000 0.000000 1.000000
0.996652 0.049373 -0.065171 0.000000 -0.066439 0.953623 -0.293579 13.784800 0.047653 0.296926 0.953711 0.064400 0.000000 0.000000 0.000000 1.000000
0.991109 0.045432 -0.125052 0.000000 -0.077025 0.962299 -0.260861 13.784800 0.108486 0.268174 0.957243 0.064400 0.000000 0.000000 0.000000 1.000000
0.986142 0.040599 -0.160859 0.000000 -0.078674 0.968081 -0.237971 13.784800 0.146063 0.247329 0.957859 0.064400 0.000000 0.000000 0.000000 1.000000
0.983752 0.048990 -0.172719 0.000000 -0.087608 0.970724 -0.223649 13.784800 0.156706 0.235147 0.959244 0.064400 0.000000 0.000000 0.000000 1.000000
0.982030 0.060087 -0.178903 0.000000 -0.098793 0.971373 -0.216044 13.784800 0.160800 0.229837 0.959853 0.064400 0.000000 0.000000 0.000000 1.000000
0.981208 0.063563 -0.182182 0.000000 -0.102600 0.971513 -0.213627 13.784800 0.163413 0.228304 0.959778 0.064400 0.000000 0.000000 0.000000 1.000000
0.981787 0.068971 -0.177022 0.000000 -0.106710 0.971104 -0.213469 13.784800 0.157184 0.228471 0.960778 0.064400 0.000000 0.000000 0.000000 1.000000
0.984175 0.067607 -0.163795 0.000000 -0.102990 0.970438 -0.218272 13.784800 0.144196 0.231687 0.962044 0.064400 0.000000 0.000000 0.000000 1.000000
0.987399 0.064484 -0.144519 0.000000 -0.095593 0.970817 -0.219946 13.784800 0.126119 0.230990 0.964748 0.064400 0.000000 0.000000 0.000000 1.000000
0.990418 0.061035 -0.123886 0.000000 -0.087416 0.971527 -0.220213 13.784800 0.106918 0.228932 0.967553 0.064400 0.000000 0.000000 0.000000 1.000000
0.992775 0.058241 -0.104912 -0.000000 -0.080331 0.972067 -0.220527 13.784800 0.089138 0.227361 0.969722 0.064400 0.000000 0.000000 0.000000 1.000000
0.994407 0.053964 -0.090786 0.000000 -0.072947 0.972563 -0.220907 13.784800 0.076374 0.226294 0.971060 0.064400 0.000000 0.000000 0.000000 1.000000
0.996839 0.037269 -0.070161 0.000000 -0.051654 0.975035 -0.215959 13.784800 0.060361 0.218901 0.973878 0.064400 0.000000 0.000000 0.000000 1.000000
0.999072 0.014613 -0.040516 -0.000000 -0.022707 0.978038 -0.207184 13.784800 0.036598 0.207912 0.977463 0.064400 0.000000 0.000000 0.000000 1.000000
0.999894 0.005519 -0.013442 0.000000 -0.008089 0.979875 -0.199449 13.784800 0.012071 0.199536 0.979816 0.064400 0.000000 0.000000 0.000000 1.000000
0.999776 -0.016028 0.013832 0.000000 0.018356 0.981777 -0.189150 13.784800 -0.010548 0.189361 0.981851 0.064400 0.000000 0.000000 0.000000 1.000000
0.998454 -0.044420 0.033399 0.000000 0.049561 0.983592 -0.173468 13.784800 -0.025146 0.174855 0.984273 0.064400 0.000000 0.000000 0.000000 1.000000
0.996610 -0.071696 0.040347 0.000000 0.077118 0.984958 -0.154633 13.784800 -0.028653 0.157221 0.987148 0.064400 0.000000 0.000000 0.000000 1.000000
0.995172 -0.094319 0.027151 0.000000 0.097180 0.985674 -0.137850 13.784800 -0.013761 0.139823 0.990081 0.064400 0.000000 0.000000 0.000000 1.000000
0.993917 -0.109680 0.009932 0.000000 0.110068 0.986314 -0.122757 13.784800 0.003668 0.123104 0.992387 0.064400 0.000000 0.000000 0.000000 1.000000
0.992628 -0.121183 0.002100 0.000000 0.120645 0.986266 -0.112799 13.784800 0.011598 0.112220 0.993616 0.064400 0.000000 0.000000 0.000000 1.000000
0.991500 -0.130082 -0.002699 0.000000 0.128887 0.984810 -0.116352 13.784800 0.017793 0.115015 0.993204 0.064400 0.000000 0.000000 0.000000 1.000000
0.990245 -0.139234 -0.005415 0.000000 0.137379 0.982074 -0.129065 13.784800 0.023289 0.127062 0.991621 0.064400 0.000000 0.000000 0.000000 1.000000
0.989367 -0.145305 -0.006302 0.000000 0.143016 0.979835 -0.139534 13.784800 0.026450 0.137149 0.990197 0.064400 0.000000 0.000000 0.000000 1.000000
0.989483 -0.144513 -0.006252 0.000000 0.141881 0.978060 -0.152537 13.784800 0.028158 0.150046 0.988278 0.064400 0.000000 0.000000 0.000000 1.000000
0.990382 -0.138216 -0.006304 0.000000 0.135189 0.976383 -0.168524 13.784800 0.029448 0.166051 0.985677 0.064400 0.000000 0.000000 0.000000 1.000000
0.991853 -0.127255 -0.005759 0.000000 0.123932 0.974433 -0.187406 13.784800 0.029460 0.185166 0.982266 0.064400 0.000000 0.000000 0.000000 1.000000
0.993590 -0.112949 -0.004527 0.000000 0.109538 0.971929 -0.208219 13.784800 0.027919 0.206389 0.978072 0.064400 0.000000 0.000000 0.000000 1.000000
0.995361 -0.096162 -0.003094 0.000000 0.092899 0.968962 -0.229089 13.784800 0.025028 0.227739 0.973400 0.064400 0.000000 0.000000 0.000000 1.000000
0.996862 -0.079145 -0.001613 0.000000 0.076271 0.965719 -0.248130 13.784800 0.021195 0.247229 0.968725 0.064400 0.000000 0.000000 0.000000 1.000000
0.997942 -0.064129 0.000065 0.000000 0.061865 0.962444 -0.264339 13.784800 0.016890 0.263799 0.964430 0.064400 0.000000 0.000000 0.000000 1.000000
0.998685 -0.051245 0.001525 -0.000000 0.049654 0.959415 -0.277592 13.784800 0.012762 0.277303 0.960698 0.064400 0.000000 0.000000 0.000000 1.000000
0.999182 -0.040358 0.002634 0.000000 0.039404 0.956758 -0.288203 13.784800 0.009111 0.288071 0.957566 0.064400 0.000000 0.000000 0.000000 1.000000
0.999499 -0.031454 0.003516 -0.000000 0.031081 0.954500 -0.296586 13.784800 0.005973 0.296547 0.955000 0.064400 0.000000 0.000000 0.000000 1.000000
0.999697 -0.024258 0.004164 0.000000 0.024379 0.952638 -0.303128 13.784800 0.003387 0.303138 0.952941 0.064400 0.000000 0.000000 0.000000 1.000000
0.999820 -0.018434 0.004535 0.000000 0.018934 0.951150 -0.308147 13.784800 0.001366 0.308177 0.951328 0.064400 0.000000 0.000000 0.000000 1.000000
0.999892 -0.013937 0.004753 -0.000000 0.014724 0.950002 -0.311896 13.784800 -0.000168 0.311932 0.950104 0.064400 0.000000 0.000000 0.000000 1.000000
0.999931 -0.010683 0.004895 -0.000000 0.011680 0.949160 -0.314576 13.784800 -0.001286 0.314612 0.949220 0.064400 0.000000 0.000000 0.000000 1.000000
0.999952 -0.008441 0.004934 0.000000 0.009569 0.948595 -0.316347 13.784800 -0.002010 0.316379 0.948631 0.064400 0.000000 0.000000 0.000000 1.000000
0.999964 -0.006934 0.004808 0.000000 0.008101 0.948278 -0.317338 13.784800 -0.002359 0.317366 0.948300 0.064400 0.000000 0.000000 0.000000 1.000000
0.999970 -0.006164 0.004584 0.000000 0.007301 0.948180 -0.317651 13.784800 -0.002389 0.317675 0.948197 0.064400 0.000000 0.000000 0.000000 1.000000</float_array>
        <technique_common>
          <accessor source="#mixamorig_Spine-Matrix-animation-output-transform-array" count="81" stride="16">
            <param type="float4x4"/>
          </accessor>
        </technique_common>
      </source>
      <source id="mixamorig_Spine-Interpolations">
        <Name_array id="mixamorig_Spine-Interpolations-array" count="81">
 LINEAR LINEAR LINEAR LINEAR LINEAR LINEAR LINEAR LINEAR LINEAR LINEAR LINEAR
LINEAR LINEAR LINEAR LINEAR LINEAR LINEAR LINEAR LINEAR LINEAR LINEAR LINEAR LINEAR
LINEAR LINEAR LINEAR LINEAR LINEAR LINEAR LINEAR LINEAR LINEAR LINEAR LINEAR LINEAR
LINEAR LINEAR LINEAR LINEAR LINEAR LINEAR LINEAR LINEAR LINEAR LINEAR LINEAR LINEAR
LINEAR LINEAR LINEAR LINEAR LINEAR LINEAR LINEAR LINEAR LINEAR LINEAR LINEAR LINEAR
LINEAR LINEAR LINEAR LINEAR LINEAR LINEAR LINEAR LINEAR LINEAR LINEAR LINEAR LINEAR
LINEAR LINEAR LINEAR LINEAR LINEAR LINEAR LINEAR LINEAR LINEAR LINEAR</Name_array>
        <technique_common>
          <accessor source="#mixamorig_Spine-Interpolations-array" count="81">
            <param type="name"/>
          </accessor>
        </technique_common>
      </source>
      <sampler id="mixamorig_Spine-Matrix-animation-transform">
        <input semantic="INPUT" source="#mixamorig_Spine-Matrix-animation-input"/>
        <input semantic="OUTPUT" source="#mixamorig_Spine-Matrix-animation-output-transform"/>
        <input semantic="INTERPOLATION" source="#mixamorig_Spine-Interpolations"/>
      </sampler>
      <channel source="#mixamorig_Spine-Matrix-animation-transform" target="mixamorig_Spine/matrix"/>
    </animation>
    <animation id="mixamorig_Spine1-anim" name="mixamorig_Spine1">
      <source id="mixamorig_Spine1-Matrix-animation-input">
        <float_array id="mixamorig_Spine1-Matrix-animation-input-array" count="81">

0.000000 0.033333 0.066667 0.100000 0.133333 0.166667 0.200000 0.233333 0.266667 0.300000 0.333333 0.366667 0.400000 0.433333 0.466667 0.500000
0.533333 0.566667 0.600000 0.633333 0.666667 0.700000 0.733333 0.766667 0.800000 0.833333 0.866667 0.900000 0.933333 0.966667 1.000000 1.033333
1.066667 1.100000 1.133333 1.166667 1.200000 1.233333 1.266667 1.300000 1.333333 1.366667 1.400000 1.433333 1.466667 1.500000 1.533333 1.566667
1.600000 1.633333 1.666667 1.700000 1.733333 1.766667 1.800000 1.833333 1.866667 1.900000 1.933333 1.966667 2.000000 2.033333 2.066667 2.100000
2.133333 2.166667 2.200000 2.233333 2.266667 2.300000 2.333333 2.366667 2.400000 2.433333 2.466667 2.500000 2.533333 2.566667 2.600000 2.633333
2.666667</float_array>
        <technique_common>
          <accessor source="#mixamorig_Spine1-Matrix-animation-input-array" count="81">
            <param name="TIME" type="float"/>
          </accessor>
        </technique_common>
      </source>
      <source id="mixamorig_Spine1-Matrix-animation-output-transform">
        <float_array id="mixamorig_Spine1-Matrix-animation-output-transform-array" count="1296">

0.999843 -0.015516 0.008577 0.000000 0.017493 0.942084 -0.334920 12.024300 -0.002884 0.335017 0.942208 0.000000 0.000000 0.000000 0.000000 1.000000
0.999839 -0.016139 0.007842 0.000000 0.017831 0.942616 -0.333403 12.024300 -0.002011 0.333489 0.942752 0.000000 0.000000 0.000000 0.000000 1.000000
0.999825 -0.017715 0.005970 0.000000 0.018693 0.943997 -0.329425 12.024300 0.000200 0.329479 0.944163 0.000000 0.000000 0.000000 0.000000 1.000000
0.999797 -0.019853 0.003469 0.000000 0.019907 0.945937 -0.323738 12.024300 0.003146 0.323742 0.946140 0.000000 0.000000 0.000000 0.000000 1.000000
0.999754 -0.022158 0.000846 0.000000 0.021282 0.948157 -0.317088 12.024300 0.006224 0.317028 0.948396 0.000000 0.000000 0.000000 0.000000 1.000000
0.999705 -0.024243 -0.001390 0.000000 0.022616 0.950392 -0.310231 12.024300 0.008842 0.310108 0.950660 0.000000 0.000000 0.000000 0.000000 1.000000
0.999666 -0.025707 -0.002586 0.000000 0.023714 0.952643 -0.303166 12.024300 0.010257 0.303003 0.952934 0.000000 0.000000 0.000000 0.000000 1.000000
0.999618 -0.027411 -0.003502 0.000000 0.025176 0.955608 -0.293564 12.024300 0.011394 0.293363 0.955933 0.000000 0.000000 0.000000 0.000000 1.000000
0.999549 -0.029685 -0.004503 0.000000 0.027213 0.959067 -0.281870 12.024300 0.012686 0.281621 0.959442 -0.000000 0.000000 0.000000 0.000000 1.000000
0.999454 -0.032590 -0.005478 -0.000000 0.029919 0.962731 -0.268801 12.024300 0.014035 0.268491 0.963180 -0.000000 0.000000 0.000000 0.000000 1.000000
0.999326 -0.036087 -0.006685 -0.000000 0.033191 0.966360 -0.255042 12.024300 0.015664 0.254648 0.966907 -0.000000 0.000000 0.000000 0.000000 1.000000
0.999186 -0.039544 -0.007942 0.000000 0.036469 0.969862 -0.240909 12.024300 0.017229 0.240424 0.970515 -0.000000 0.000000 0.000000 0.000000 1.000000
0.999035 -0.042872 -0.009592 0.000000 0.039571 0.972987 -0.227444 12.024300 0.019084 0.226845 0.973744 -0.000000 0.000000 0.000000 0.000000 1.000000
0.998919 -0.045422 -0.009906 -0.000000 0.042249 0.975858 -0.214281 12.024300 0.019400 0.213631 0.976722 -0.000000 0.000000 0.000000 0.000000 1.000000
0.998881 -0.046803 -0.006873 0.000000 0.044476 0.978669 -0.200570 12.024300 0.016114 0.200040 0.979655 0.000000 0.000000 0.000000 0.000000 1.000000
0.998883 -0.047212 -0.002171 0.000000 0.045981 0.981400 -0.186387 12.024300 0.010931 0.186079 0.982474 0.000000 0.000000 0.000000 0.000000 1.000000
0.998911 -0.046394 0.004983 0.000000 0.046556 0.983780 -0.173232 12.024300 0.003135 0.173276 0.984868 0.000000 0.000000 0.000000 0.000000 1.000000
0.998946 -0.043996 0.013059 0.000000 0.045542 0.985451 -0.163746 12.024300 -0.005665 0.164168 0.986416 0.000000 0.000000 0.000000 0.000000 1.000000
0.998954 -0.040149 0.021880 0.000000 0.043125 0.986330 -0.159037 12.024300 -0.015196 0.159814 0.987030 0.000000 0.000000 0.000000 0.000000 1.000000
0.998965 -0.027680 0.036097 0.000000 0.033332 0.985430 -0.166785 12.024300 -0.030954 0.167816 0.985332 0.000000 0.000000 0.000000 0.000000 1.000000
0.998856 -0.006950 0.047314 0.000000 0.015150 0.984411 -0.175231 12.024300 -0.045358 0.175747 0.983390 0.000000 0.000000 0.000000 0.000000 1.000000
0.997465 0.014776 0.069612 0.000000 -0.002175 0.984079 -0.177720 12.024300 -0.071130 0.177118 0.981616 0.000000 0.000000 0.000000 0.000000 1.000000
0.995639 0.025811 0.089644 0.000000 -0.009480 0.983980 -0.178024 12.024300 -0.092803 0.176398 0.979934 0.000000 0.000000 0.000000 0.000000 1.000000
0.994703 0.027661 0.098999 -0.000000 -0.009199 0.983204 -0.182280 12.024300 -0.102378 0.180404 0.978250 0.000000 0.000000 0.000000 0.000000 1.000000
0.994339 0.026397 0.102919 0.000000 -0.006464 0.981881 -0.189387 12.024300 -0.106054 0.187650 0.976494 0.000000 0.000000 0.000000 0.000000 1.000000
0.994209 0.024447 0.104643 0.000000 -0.003622 0.980848 -0.194739 12.024300 -0.107400 0.193233 0.975257 0.000000 0.000000 0.000000 0.000000 1.000000
0.994033 0.022482 0.106737 0.000000 -0.001262 0.980835 -0.194835 12.024300 -0.109072 0.193537 0.975011 0.000000 0.000000 0.000000 0.000000 1.000000
0.993893 0.019889 0.108540 0.000000 0.001150 0.981702 -0.190422 12.024300 -0.110342 0.189383 0.975684 0.000000 0.000000 0.000000 0.000000 1.000000
0.993967 0.015929 0.108512 0.000000 0.004269 0.983028 -0.183405 12.024300 -0.109592 0.182762 0.977030 -0.000000 0.000000 0.000000 0.000000 1.000000
0.992608 0.019915 0.119718 -0.000000 0.000039 0.986392 -0.164411 12.024300 -0.121363 0.163200 0.979100 0.000000 0.000000 0.000000 0.000000 1.000000
0.990935 0.020429 0.132777 0.000000 -0.001525 0.990017 -0.140942 12.024300 -0.134330 0.139462 0.981074 0.000000 0.000000 0.000000 0.000000 1.000000
0.988840 0.013281 0.148388 0.000000 0.003989 0.993302 -0.115482 12.024300 -0.148928 0.114785 0.982163 0.000000 0.000000 0.000000 0.000000 1.000000
0.986582 -0.006452 0.163140 0.000000 0.018708 0.997105 -0.073698 12.024300 -0.162192 0.075761 0.983846 0.000000 0.000000 0.000000 0.000000 1.000000
0.985001 -0.044086 0.166824 0.000000 0.051285 0.997919 -0.039089 12.024300 -0.164753 0.047058 0.985212 -0.000000 0.000000 0.000000 0.000000 1.000000
0.982644 -0.088593 0.162977 0.000000 0.098152 0.993835 -0.051552 12.024300 -0.157405 0.066654 0.985282 0.000000 0.000000 0.000000 0.000000 1.000000
0.987050 -0.091078 0.132053 0.000000 0.103855 0.990204 -0.093330 12.024300 -0.122259 0.105836 0.986839 0.000000 0.000000 0.000000 0.000000 1.000000
0.986343 -0.010951 0.164338 0.000000 0.026805 0.995158 -0.094566 12.024300 -0.162507 0.097680 0.981861 0.000000 0.000000 0.000000 0.000000 1.000000
0.976309 -0.030514 0.214218 0.000000 0.054763 0.992621 -0.108190 12.024300 -0.209336 0.117358 0.970776 -0.000000 0.000000 0.000000 0.000000 1.000000
0.986782 -0.024207 0.160234 0.000000 0.055049 0.980055 -0.190950 12.024300 -0.152416 0.197246 0.968433 -0.000000 0.000000 0.000000 0.000000 1.000000
0.998913 0.006527 0.046157 0.000000 0.005261 0.968035 -0.250760 12.024300 -0.046318 0.250731 0.966948 0.000000 0.000000 0.000000 0.000000 1.000000
0.999641 0.016029 -0.021476 0.000000 -0.020840 0.968797 -0.246980 12.024300 0.016847 0.247338 0.968783 0.000000 0.000000 0.000000 0.000000 1.000000
0.997863 0.013432 -0.063953 -0.000000 -0.028692 0.969328 -0.244090 12.024300 0.058713 0.245403 0.967641 -0.000000 0.000000 0.000000 0.000000 1.000000
0.996330 0.013229 -0.084561 0.000000 -0.033427 0.969660 -0.242160 12.024300 0.078792 0.244098 0.966544 0.000000 0.000000 0.000000 0.000000 1.000000
0.996225 0.025624 -0.082936 0.000000 -0.044540 0.970971 -0.235015 12.024300 0.074507 0.237822 0.968447 0.000000 0.000000 0.000000 0.000000 1.000000
0.995969 0.036721 -0.081835 -0.000000 -0.054890 0.971098 -0.232283 12.024300 0.070940 0.235839 0.969199 0.000000 0.000000 0.000000 0.000000 1.000000
0.995707 0.038755 -0.084055 0.000000 -0.057527 0.970539 -0.233977 12.024300 0.072511 0.237808 0.968602 0.000000 0.000000 0.000000 0.000000 1.000000
0.995732 0.044060 -0.081096 0.000000 -0.062142 0.969725 -0.236159 12.024300 0.068236 0.240191 0.968324 -0.000000 0.000000 0.000000 0.000000 1.000000
0.996149 0.045717 -0.074812 0.000000 -0.062540 0.968540 -0.240870 12.024300 0.061446 0.244621 0.967670 0.000000 0.000000 0.000000 0.000000 1.000000
0.996818 0.045892 -0.065170 0.000000 -0.060496 0.967962 -0.243699 12.024300 0.051898 0.246866 0.967659 0.000000 0.000000 0.000000 0.000000 1.000000
0.997472 0.044560 -0.055347 0.000000 -0.056878 0.967584 -0.246063 12.024300 0.042589 0.248589 0.967672 0.000000 0.000000 0.000000 0.000000 1.000000
0.997963 0.042844 -0.047270 0.000000 -0.053285 0.967217 -0.248299 12.024300 0.035083 0.250312 0.967529 0.000000 0.000000 0.000000 0.000000 1.000000
0.998283 0.039517 -0.043232 0.000000 -0.049106 0.966996 -0.250016 12.024300 0.031925 0.251709 0.967276 0.000000 0.000000 0.000000 0.000000 1.000000
0.998770 0.029218 -0.040051 0.000000 -0.038231 0.968257 -0.247014 12.024300 0.031562 0.248242 0.968184 0.000000 0.000000 0.000000 0.000000 1.000000
0.999209 0.016441 -0.036200 0.000000 -0.024698 0.970186 -0.241099 12.024300 0.031157 0.241803 0.969825 -0.000000 0.000000 0.000000 0.000000 1.000000
