<?xml version="1.0" encoding="utf-8"?>
<COLLADA xmlns="http://www.collada.org/2005/11/COLLADASchema" version="1.4.1">
  <asset>
    <contributor>
      <author>Mixamo</author>
      <authoring_tool>COLLADA Mixamo exporter</authoring_tool>
      <comments/>
    </contributor>
    <created>2024-12-02T03:47:04Z</created>
    <modified>2024-12-02T03:47:04Z</modified>
    <revision/>
    <title/>
    <unit meter="0.010000"/>
    <up_axis>Y_UP</up_axis>
  </asset>
  <library_animations>
    <animation id="mixamorig_Hips-anim" name="mixamorig_Hips">
      <source id="mixamorig_Hips-Matrix-animation-input">
        <float_array id="mixamorig_Hips-Matrix-animation-input-array" count="37">

0.000000 0.033333 0.066667 0.100000 0.133333 0.166667 0.200000 0.233333 0.266667 0.300000 0.333333 0.366667 0.400000 0.433333 0.466667 0.500000
0.533333 0.566667 0.600000 0.633333 0.666667 0.700000 0.733333 0.766667 0.800000 0.833333 0.866667 0.900000 0.933333 0.966667 1.000000 1.033333
1.066667 1.100000 1.133333 1.166667 1.200000</float_array>
        <technique_common>
          <accessor source="#mixamorig_Hips-Matrix-animation-input-array" count="37">
            <param name="TIME" type="float"/>
          </accessor>
        </technique_common>
      </source>
      <source id="mixamorig_Hips-Matrix-animation-output-transform">
        <float_array id="mixamorig_Hips-Matrix-animation-output-transform-array" count="592">

0.725366 -0.080481 -0.683642 0.892606 -0.004267 0.992597 -0.121380 111.085060 0.688350 0.090962 0.719653 0.054378 0.000000 0.000000 0.000000 1.000000
0.740431 -0.064782 -0.669004 1.352863 -0.017872 0.993095 -0.115945 111.793930 0.671895 0.097805 0.734160 -4.361289 0.000000 0.000000 0.000000 1.000000
0.755446 -0.049317 -0.653353 1.793396 -0.030422 0.993448 -0.110165 112.563202 0.654505 0.103100 0.748995 -8.752362 0.000000 0.000000 0.000000 1.000000
0.770184 -0.034558 -0.636885 2.220186 -0.041768 0.993655 -0.104427 113.199944 0.636453 0.107030 0.763854 -13.160656 0.000000 0.000000 0.000000 1.000000
0.784315 -0.021746 -0.619981 2.625287 -0.050776 0.993782 -0.099092 113.527435 0.618281 0.109200 0.778334 -17.573633 0.000000 0.000000 0.000000 1.000000
0.797620 -0.011353 -0.603054 3.012801 -0.057295 0.993876 -0.094491 113.455826 0.600433 0.109920 0.792085 -22.012478 0.000000 0.000000 0.000000 1.000000
0.809875 -0.002400 -0.586597 3.406517 -0.062919 0.993867 -0.090935 113.008995 0.583218 0.110554 0.804758 -26.551088 0.000000 0.000000 0.000000 1.000000
0.821053 0.004635 -0.570833 3.791229 -0.067298 0.993780 -0.088729 112.367821 0.566871 0.111267 0.816258 -31.317961 0.000000 0.000000 0.000000 1.000000
0.831378 0.008931 -0.555636 4.180486 -0.070570 0.993472 -0.089623 111.510071 0.551208 0.113722 0.826581 -36.423450 0.000000 0.000000 0.000000 1.000000
0.838996 0.008619 -0.544070 4.537725 -0.071643 0.992920 -0.094749 110.574203 0.539401 0.118473 0.833673 -41.728634 0.000000 0.000000 0.000000 1.000000
0.843082 -0.002380 -0.537779 4.853681 -0.062250 0.992837 -0.101983 109.465431 0.534170 0.119457 0.836895 -47.150856 0.000000 0.000000 0.000000 1.000000
0.841857 -0.024624 -0.539138 5.151055 -0.043689 0.992571 -0.113554 108.273483 0.537929 0.119150 0.834527 -52.509666 0.000000 0.000000 0.000000 1.000000
0.832929 -0.036252 -0.552190 5.508983 -0.035197 0.992361 -0.118241 107.289986 0.552259 0.117922 0.825291 -57.783703 0.000000 0.000000 0.000000 1.000000
0.824669 -0.048317 -0.563548 5.880748 -0.027180 0.991809 -0.124808 106.765656 0.564962 0.118243 0.816601 -63.062149 0.000000 0.000000 0.000000 1.000000
0.816936 -0.061765 -0.573412 6.244165 -0.016604 0.991318 -0.130434 106.842842 0.576490 0.116077 0.808817 -68.350906 0.000000 0.000000 0.000000 1.000000
0.812600 -0.069538 -0.578658 6.603951 -0.010184 0.991011 -0.133392 107.090355 0.582733 0.114288 0.804588 -73.585106 0.000000 0.000000 0.000000 1.000000
0.812394 -0.072294 -0.578610 6.660809 -0.006713 0.991059 -0.133253 107.765549 0.583070 0.112139 0.804646 -78.762001 0.000000 0.000000 0.000000 1.000000
0.811592 -0.068788 -0.580161 6.447211 -0.009097 0.991436 -0.130279 108.913834 0.584154 0.111011 0.804015 -84.079750 0.000000 0.000000 0.000000 1.000000
0.809315 -0.064735 -0.583796 6.005993 -0.013163 0.991660 -0.128210 110.111885 0.587227 0.111447 0.801713 -89.509949 0.000000 0.000000 0.000000 1.000000
0.806246 -0.064199 -0.588086 5.507781 -0.014282 0.991692 -0.127839 111.355583 0.591408 0.111468 0.798631 -95.032158 0.000000 0.000000 0.000000 1.000000
0.803673 -0.065531 -0.591452 4.962397 -0.011713 0.991983 -0.125825 112.276619 0.594956 0.108049 0.796463 -100.639053 0.000000 0.000000 0.000000 1.000000
0.801475 -0.068659 -0.594074 4.366872 -0.007367 0.992179 -0.124608 112.756363 0.597983 0.104247 0.794700 -106.249886 0.000000 0.000000 0.000000 1.000000
0.798890 -0.069614 -0.597435 3.658605 -0.004736 0.992521 -0.121982 112.895821 0.601459 0.100280 0.792585 -111.838066 0.000000 0.000000 0.000000 1.000000
0.795291 -0.071505 -0.601997 2.920455 -0.002851 0.992567 -0.121662 112.684776 0.606222 0.098473 0.789176 -117.323242 0.000000 0.000000 0.000000 1.000000
0.788930 -0.075974 -0.609769 2.234575 -0.001296 0.992119 -0.125290 112.169838 0.614482 0.099636 0.782614 -122.638214 0.000000 0.000000 0.000000 1.000000
0.782389 -0.081357 -0.617453 1.457319 0.000751 0.991553 -0.129699 111.331604 0.622789 0.101011 0.775842 -128.360229 0.000000 0.000000 0.000000 1.000000
0.778079 -0.088516 -0.621899 0.590276 0.004938 0.990854 -0.134852 110.332329 0.628147 0.101854 0.771399 -134.264130 0.000000 0.000000 0.000000 1.000000
0.775759 -0.096127 -0.623665 -0.390888 0.009446 0.989987 -0.140840 109.061104 0.630959 0.103367 0.768899 -140.303940 0.000000 0.000000 0.000000 1.000000
0.774677 -0.097638 -0.624774 -1.334424 0.007374 0.989336 -0.145467 107.816254 0.632315 0.108083 0.767135 -146.710297 0.000000 0.000000 0.000000 1.000000
0.774881 -0.102531 -0.623736 -2.028822 0.010077 0.988636 -0.149994 106.637100 0.632027 0.109942 0.767108 -152.772537 0.000000 0.000000 0.000000 1.000000
0.778955 -0.110907 -0.617195 -2.342925 0.024793 0.988913 -0.146413 105.892761 0.626590 0.098747 0.773068 -157.961304 0.000000 0.000000 0.000000 1.000000
0.779108 -0.110190 -0.617129 -2.294982 0.029725 0.989817 -0.139207 105.687149 0.626184 0.090113 0.774450 -162.959198 0.000000 0.000000 0.000000 1.000000
0.768625 -0.106678 -0.630743 -1.835855 0.026581 0.990472 -0.135127 105.973785 0.639148 0.087097 0.764136 -167.868179 0.000000 0.000000 0.000000 1.000000
0.751848 -0.101413 -0.651491 -1.267462 0.018555 0.990963 -0.132843 106.787697 0.659075 0.087789 0.746936 -172.735870 0.000000 0.000000 0.000000 1.000000
0.736044 -0.095136 -0.670215 -0.577768 0.009034 0.991367 -0.130803 108.041382 0.676873 0.090222 0.730550 -177.596024 0.000000 0.000000 0.000000 1.000000
0.727269 -0.088289 -0.680651 0.172888 0.001010 0.991829 -0.127574 109.561195 0.686352 0.092093 0.721415 -182.367462 0.000000 0.000000 0.000000 1.000000
0.725366 -0.080481 -0.683642 0.892600 -0.004267 0.992597 -0.121380 111.085121 0.688350 0.090962 0.719653 -186.866547 0.000000 0.000000 0.000000 1.000000</float_array>
        <technique_common>
          <accessor source="#mixamorig_Hips-Matrix-animation-output-transform-array" count="37" stride="16">
            <param type="float4x4"/>
          </accessor>
        </technique_common>
      </source>
      <source id="mixamorig_Hips-Interpolations">
        <Name_array id="mixamorig_Hips-Interpolations-array" count="37">
 LINEAR LINEAR LINEAR LINEAR LINEAR LINEAR LINEAR LINEAR LINEAR LINEAR LINEAR
LINEAR LINEAR LINEAR LINEAR LINEAR LINEAR LINEAR LINEAR LINEAR LINEAR LINEAR LINEAR
LINEAR LINEAR LINEAR LINEAR LINEAR LINEAR LINEAR LINEAR LINEAR LINEAR LINEAR LINEAR
LINEAR LINEAR</Name_array>
        <technique_common>
          <accessor source="#mixamorig_Hips-Interpolations-array" count="37">
            <param type="name"/>
          </accessor>
        </technique_common>
      </source>
      <sampler id="mixamorig_Hips-Matrix-animation-transform">
        <input semantic="INPUT" source="#mixamorig_Hips-Matrix-animation-input"/>
        <input semantic="OUTPUT" source="#mixamorig_Hips-Matrix-animation-output-transform"/>
        <input semantic="INTERPOLATION" source="#mixamorig_Hips-Interpolations"/>
      </sampler>
      <channel source="#mixamorig_Hips-Matrix-animation-transform" target="mixamorig_Hips/matrix"/>
    </animation>
    <animation id="mixamorig_Spine-anim" name="mixamorig_Spine">
      <source id="mixamorig_Spine-Matrix-animation-input">
        <float_array id="mixamorig_Spine-Matrix-animation-input-array" count="37">

0.000000 0.033333 0.066667 0.100000 0.133333 0.166667 0.200000 0.233333 0.266667 0.300000 0.333333 0.366667 0.400000 0.433333 0.466667 0.500000
0.533333 0.566667 0.600000 0.633333 0.666667 0.700000 0.733333 0.766667 0.800000 0.833333 0.866667 0.900000 0.933333 0.966667 1.000000 1.033333
1.066667 1.100000 1.133333 1.166667 1.200000</float_array>
        <technique_common>
          <accessor source="#mixamorig_Spine-Matrix-animation-input-array" count="37">
            <param name="TIME" type="float"/>
          </accessor>
        </technique_common>
      </source>
      <source id="mixamorig_Spine-Matrix-animation-output-transform">
        <float_array id="mixamorig_Spine-Matrix-animation-output-transform-array" count="592">

0.991088 0.120710 -0.056332 -0.000900 -0.130970 0.960204 -0.246688 9.938600 0.024313 0.251867 0.967456 0.799700 0.000000 0.000000 0.000000 1.000000
0.993509 0.098812 -0.056358 -0.000900 -0.109380 0.965889 -0.234722 9.938600 0.031242 0.239362 0.970428 0.799700 0.000000 0.000000 0.000000 1.000000
0.995336 0.077544 -0.057392 -0.000900 -0.088468 0.970923 -0.222445 9.938600 0.038474 0.226485 0.973255 0.799700 0.000000 0.000000 0.000000 1.000000
0.996582 0.057524 -0.059296 -0.000900 -0.068794 0.975257 -0.210098 9.938600 0.045743 0.213459 0.975881 0.799700 0.000000 0.000000 0.000000 1.000000
0.997264 0.040364 -0.061923 -0.000900 -0.051904 0.978855 -0.197863 9.938600 0.052627 0.200536 0.978272 0.799700 0.000000 0.000000 0.000000 1.000000
0.997535 0.026644 -0.064919 -0.000900 -0.038328 0.981804 -0.185989 9.938600 0.058782 0.188019 0.980405 0.799700 0.000000 0.000000 0.000000 1.000000
0.997599 0.015187 -0.067569 -0.000900 -0.026826 0.984232 -0.174838 9.938600 0.063848 0.176231 0.982276 0.799700 0.000000 0.000000 0.000000 1.000000
0.997380 0.015556 -0.070641 -0.000900 -0.027347 0.985209 -0.169161 9.938600 0.066965 0.170650 0.983054 0.799700 0.000000 0.000000 0.000000 1.000000
0.997148 0.017030 -0.073530 -0.000900 -0.028994 0.985891 -0.164860 9.938600 0.069685 0.166522 0.983572 0.799700 0.000000 0.000000 0.000000 1.000000
0.996674 0.028520 -0.076333 -0.000900 -0.040817 0.985492 -0.164741 9.938600 0.070527 0.167308 0.983379 0.799700 0.000000 0.000000 0.000000 1.000000
0.995616 0.051086 -0.078349 -0.000900 -0.063718 0.983673 -0.168309 9.938600 0.068471 0.172564 0.982616 0.799700 0.000000 0.000000 0.000000 1.000000
0.993608 0.080814 -0.078811 -0.000900 -0.093414 0.980631 -0.172154 9.938600 0.063372 0.178416 0.981912 0.799700 0.000000 0.000000 0.000000 1.000000
0.991542 0.104642 -0.076778 -0.000900 -0.116800 0.977378 -0.176322 9.938600 0.056591 0.183799 0.981334 0.799700 0.000000 0.000000 0.000000 1.000000
0.989824 0.121968 -0.073290 -0.000900 -0.133501 0.974256 -0.181669 9.938600 0.049246 0.189605 0.980625 0.799700 0.000000 0.000000 0.000000 1.000000
0.988405 0.134636 -0.070209 -0.000900 -0.145403 0.972461 -0.182147 9.938600 0.043752 0.190243 0.980762 0.799700 0.000000 0.000000 0.000000 1.000000
0.987406 0.142854 -0.067991 -0.000900 -0.153009 0.971544 -0.180806 9.938600 0.040228 0.188932 0.981166 0.799700 0.000000 0.000000 0.000000 1.000000
0.987307 0.144508 -0.065893 -0.000900 -0.154059 0.972228 -0.176178 9.938600 0.038604 0.184093 0.982150 0.799700 0.000000 0.000000 0.000000 1.000000
0.987628 0.143169 -0.063985 -0.000900 -0.152277 0.973039 -0.173224 9.938600 0.037459 0.180825 0.982802 0.799700 0.000000 0.000000 0.000000 1.000000
0.987953 0.141993 -0.061536 -0.000900 -0.150504 0.974143 -0.168506 9.938600 0.036018 0.175738 0.983778 0.799700 0.000000 0.000000 0.000000 1.000000
0.988009 0.142649 -0.059079 -0.000900 -0.150577 0.974831 -0.164414 9.938600 0.034139 0.171338 0.984621 0.799700 0.000000 0.000000 0.000000 1.000000
0.987687 0.145873 -0.056530 -0.000900 -0.153205 0.975027 -0.160779 9.938600 0.031665 0.167460 0.985370 0.799700 0.000000 0.000000 0.000000 1.000000
0.986910 0.151723 -0.054666 -0.000900 -0.158666 0.974161 -0.160733 9.938600 0.028867 0.167303 0.985483 0.799700 0.000000 0.000000 0.000000 1.000000
0.985898 0.158616 -0.053347 -0.000900 -0.165330 0.972545 -0.163776 9.938600 0.025905 0.170286 0.985054 0.799700 0.000000 0.000000 0.000000 1.000000
0.985088 0.164168 -0.051489 -0.000900 -0.170572 0.971029 -0.167356 9.938600 0.022523 0.173643 0.984551 0.799700 0.000000 0.000000 0.000000 1.000000
0.984392 0.168579 -0.050524 -0.000900 -0.174813 0.969772 -0.170245 9.938600 0.020297 0.176420 0.984106 0.799700 0.000000 0.000000 0.000000 1.000000
0.983581 0.173344 -0.050195 -0.000900 -0.179486 0.968572 -0.172203 9.938600 0.018767 0.178385 0.983782 0.799700 0.000000 0.000000 0.000000 1.000000
0.982319 0.180153 -0.050945 -0.000900 -0.186339 0.967141 -0.172963 9.938600 0.018111 0.179397 0.983610 0.799700 0.000000 0.000000 0.000000 1.000000
0.981386 0.184834 -0.052128 -0.000900 -0.191112 0.966674 -0.170348 9.938600 0.018904 0.177139 0.984004 0.799700 0.000000 0.000000 0.000000 1.000000
0.981496 0.183914 -0.053310 -0.000900 -0.190273 0.967998 -0.163634 9.938600 0.021510 0.170749 0.985080 0.799700 0.000000 0.000000 0.000000 1.000000
0.982063 0.180190 -0.055528 -0.000900 -0.186765 0.970062 -0.155236 9.938600 0.025893 0.162823 0.986316 0.799700 0.000000 0.000000 0.000000 1.000000
0.982304 0.177817 -0.058812 -0.000900 -0.185102 0.969585 -0.160130 9.938600 0.028550 0.168183 0.985342 0.799700 0.000000 0.000000 0.000000 1.000000
0.983241 0.172129 -0.060080 -0.000900 -0.180035 0.968648 -0.171198 9.938600 0.028728 0.179145 0.983403 0.799700 0.000000 0.000000 0.000000 1.000000
0.984813 0.162978 -0.059840 -0.000900 -0.171377 0.967724 -0.184770 9.938600 0.027795 0.192219 0.980958 0.799700 0.000000 0.000000 0.000000 1.000000
0.986654 0.151900 -0.058662 -0.000900 -0.160691 0.966541 -0.199943 9.938600 0.026328 0.206701 0.978050 0.799700 0.000000 0.000000 0.000000 1.000000
0.988471 0.140168 -0.057261 -0.000900 -0.149336 0.964935 -0.215870 9.938600 0.024995 0.221932 0.974742 0.799700 0.000000 0.000000 0.000000 1.000000
0.990042 0.129070 -0.056186 -0.000900 -0.138675 0.962845 -0.231731 9.938600 0.024189 0.237215 0.971156 0.799700 0.000000 0.000000 0.000000 1.000000
0.991084 0.120668 -0.056493 -0.000900 -0.130969 0.960210 -0.246667 9.938600 0.024481 0.251867 0.967452 0.799700 0.000000 0.000000 0.000000 1.000000</float_array>
        <technique_common>
          <accessor source="#mixamorig_Spine-Matrix-animation-output-transform-array" count="37" stride="16">
            <param type="float4x4"/>
          </accessor>
        </technique_common>
      </source>
      <source id="mixamorig_Spine-Interpolations">
        <Name_array id="mixamorig_Spine-Interpolations-array" count="37">
 LINEAR LINEAR LINEAR LINEAR LINEAR LINEAR LINEAR LINEAR LINEAR LINEAR LINEAR
LINEAR LINEAR LINEAR LINEAR LINEAR LINEAR LINEAR LINEAR LINEAR LINEAR LINEAR LINEAR
LINEAR LINEAR LINEAR LINEAR LINEAR LINEAR LINEAR LINEAR LINEAR LINEAR LINEAR LINEAR
LINEAR LINEAR</Name_array>
        <technique_common>
          <accessor source="#mixamorig_Spine-Interpolations-array" count="37">
            <param type="name"/>
          </accessor>
        </technique_common>
      </source>
      <sampler id="mixamorig_Spine-Matrix-animation-transform">
        <input semantic="INPUT" source="#mixamorig_Spine-Matrix-animation-input"/>
        <input semantic="OUTPUT" source="#mixamorig_Spine-Matrix-animation-output-transform"/>
        <input semantic="INTERPOLATION" source="#mixamorig_Spine-Interpolations"/>
      </sampler>
      <channel source="#mixamorig_Spine-Matrix-animation-transform" target="mixamorig_Spine/matrix"/>
    </animation>
    <animation id="mixamorig_Spine1-anim" name="mixamorig_Spine1">
      <source id="mixamorig_Spine1-Matrix-animation-input">
        <float_array id="mixamorig_Spine1-Matrix-animation-input-array" count="37">

0.000000 0.033333 0.066667 0.100000 0.133333 0.166667 0.200000 0.233333 0.266667 0.300000 0.333333 0.366667 0.400000 0.433333 0.466667 0.500000
0.533333 0.566667 0.600000 0.633333 0.666667 0.700000 0.733333 0.766667 0.800000 0.833333 0.866667 0.900000 0.933333 0.966667 1.000000 1.033333
1.066667 1.100000 1.133333 1.166667 1.200000</float_array>
        <technique_common>
          <accessor source="#mixamorig_Spine1-Matrix-animation-input-array" count="37">
            <param name="TIME" type="float"/>
          </accessor>
        </technique_common>
      </source>
      <source id="mixamorig_Spine1-Matrix-animation-output-transform">
        <float_array id="mixamorig_Spine1-Matrix-animation-output-transform-array" count="592">

0.995635 -0.031808 -0.087743 -0.000000 0.035799 0.998377 0.044289 11.597900 0.086192 -0.047237 0.995158 0.000000 0.000000 0.000000 0.000000 1.000000
0.995171 -0.030191 -0.093398 0.000000 0.034301 0.998498 0.042715 11.597900 0.091968 -0.045712 0.994712 0.000000 0.000000 0.000000 0.000000 1.000000
0.994688 -0.028419 -0.098940 -0.000000 0.032655 0.998606 0.041467 11.597900 0.097624 -0.044478 0.994229 0.000000 0.000000 0.000000 0.000000 1.000000
0.994170 -0.026645 -0.104477 0.000000 0.030996 0.998709 0.040241 11.597900 0.103270 -0.043244 0.993713 0.000000 0.000000 0.000000 0.000000 1.000000
0.993603 -0.025028 -0.110123 0.000000 0.029451 0.998816 0.038727 11.597900 0.109024 -0.041723 0.993163 0.000000 0.000000 0.000000 0.000000 1.000000
0.992967 -0.023720 -0.115991 0.000000 0.028140 0.998933 0.036618 11.597900 0.114998 -0.039624 0.992575 0.000000 0.000000 0.000000 0.000000 1.000000
0.992243 -0.022878 -0.122188 0.000000 0.027173 0.999066 0.033601 11.597900 0.121305 -0.036660 0.991938 0.000000 0.000000 0.000000 0.000000 1.000000
0.991428 -0.025009 -0.128235 0.000000 0.029024 0.999142 0.029543 11.597900 0.127386 -0.033012 0.991304 0.000000 0.000000 0.000000 0.000000 1.000000
0.990629 -0.026809 -0.133922 0.000000 0.030593 0.999186 0.026279 11.597900 0.133108 -0.030130 0.990643 -0.000000 0.000000 0.000000 0.000000 1.000000
0.990061 -0.028605 -0.137699 0.000000 0.032348 0.999163 0.025021 11.597900 0.136868 -0.029227 0.990158 0.000000 0.000000 0.000000 0.000000 1.000000
0.990074 -0.029495 -0.137420 0.000000 0.033176 0.999147 0.024571 11.597900 0.136579 -0.028886 0.990208 0.000000 0.000000 0.000000 0.000000 1.000000
0.990776 -0.030166 -0.132112 0.000000 0.033523 0.999167 0.023254 11.597900 0.131301 -0.027468 0.990962 0.000000 0.000000 0.000000 0.000000 1.000000
0.991837 -0.029704 -0.124004 0.000000 0.032752 0.999208 0.022615 11.597900 0.123234 -0.026491 0.992024 0.000000 0.000000 0.000000 0.000000 1.000000
0.992862 -0.029552 -0.115552 0.000000 0.032272 0.999243 0.021734 11.597900 0.114823 -0.025308 0.993064 0.000000 0.000000 0.000000 0.000000 1.000000
0.993514 -0.028863 -0.109986 0.000000 0.031037 0.999354 0.018103 11.597900 0.109392 -0.021399 0.993768 0.000000 0.000000 0.000000 0.000000 1.000000
0.993997 -0.028011 -0.105759 0.000000 0.029554 0.999478 0.013054 11.597900 0.105338 -0.016102 0.994306 0.000000 0.000000 0.000000 0.000000 1.000000
0.994520 -0.026645 -0.101097 -0.000000 0.027457 0.999601 0.006650 11.597900 0.100879 -0.009389 0.994854 0.000000 0.000000 0.000000 0.000000 1.000000
0.994909 -0.026085 -0.097338 0.000000 0.026532 0.999643 0.003298 11.597900 0.097218 -0.005864 0.995246 0.000000 0.000000 0.000000 0.000000 1.000000
0.995351 -0.026340 -0.092646 0.000000 0.026606 0.999645 0.001637 11.597900 0.092570 -0.004094 0.995698 -0.000000 0.000000 0.000000 0.000000 1.000000
0.995799 -0.027171 -0.087444 0.000000 0.027460 0.999621 0.002106 11.597900 0.087353 -0.004498 0.996167 0.000000 0.000000 0.000000 0.000000 1.000000
0.996244 -0.028389 -0.081807 0.000000 0.028837 0.999575 0.004305 11.597900 0.081650 -0.006648 0.996639 0.000000 0.000000 0.000000 0.000000 1.000000
0.996542 -0.031099 -0.077045 0.000000 0.031891 0.999450 0.009069 11.597900 0.076721 -0.011495 0.996986 -0.000000 0.000000 0.000000 0.000000 1.000000
0.996719 -0.033986 -0.073456 0.000000 0.035202 0.999263 0.015327 11.597900 0.072881 -0.017862 0.997181 0.000000 0.000000 0.000000 0.000000 1.000000
0.996957 -0.035753 -0.069267 0.000000 0.037328 0.999070 0.021569 11.597900 0.068431 -0.024089 0.997365 -0.000000 0.000000 0.000000 0.000000 1.000000
0.997135 -0.035471 -0.066813 0.000000 0.037369 0.998927 0.027375 11.597900 0.065771 -0.029793 0.997390 0.000000 0.000000 0.000000 0.000000 1.000000
0.997342 -0.033190 -0.064861 0.000000 0.035323 0.998863 0.032022 11.597900 0.063725 -0.034228 0.997380 0.000000 0.000000 0.000000 0.000000 1.000000
0.997406 -0.032636 -0.064152 0.000000 0.034887 0.998803 0.034284 11.597900 0.062956 -0.036433 0.997351 0.000000 0.000000 0.000000 0.000000 1.000000
0.997447 -0.030890 -0.064378 0.000000 0.033057 0.998913 0.032864 11.597900 0.063293 -0.034909 0.997384 0.000000 0.000000 0.000000 0.000000 1.000000
0.997452 -0.026872 -0.066088 -0.000000 0.028751 0.999204 0.027643 11.597900 0.065293 -0.029473 0.997431 0.000000 0.000000 0.000000 0.000000 1.000000
0.997336 -0.020450 -0.070018 0.000000 0.021958 0.999542 0.020838 11.597900 0.069560 -0.022320 0.997328 0.000000 0.000000 0.000000 0.000000 1.000000
0.996994 -0.017185 -0.075548 -0.000000 0.018503 0.999688 0.016778 11.597900 0.075236 -0.018125 0.997001 0.000000 0.000000 0.000000 0.000000 1.000000
0.996724 -0.018051 -0.078835 -0.000000 0.019563 0.999638 0.018454 11.597900 0.078473 -0.019936 0.996717 0.000000 0.000000 0.000000 0.000000 1.000000
0.996495 -0.020048 -0.081219 0.000000 0.021921 0.999512 0.022236 11.597900 0.080734 -0.023939 0.996448 0.000000 0.000000 0.000000 0.000000 1.000000
0.996289 -0.022800 -0.083002 0.000000 0.025153 0.999308 0.027416 11.597900 0.082320 -0.029402 0.996172 0.000000 0.000000 0.000000 0.000000 1.000000
0.996087 -0.025929 -0.084484 0.000000 0.028829 0.999030 0.033288 11.597900 0.083539 -0.035593 0.995869 0.000000 0.000000 0.000000 0.000000 1.000000
0.995874 -0.029057 -0.085965 0.000000 0.032519 0.998704 0.039147 11.597900 0.084716 -0.041781 0.995529 0.000000 0.000000 0.000000 0.000000 1.000000
0.995635 -0.031809 -0.087744 0.000000 0.035799 0.998377 0.044289 11.597900 0.086193 -0.047237 0.995158 0.000000 0.000000 0.000000 0.000000 1.000000</float_array>
        <technique_common>
          <accessor source="#mixamorig_Spine1-Matrix-animation-output-transform-array" count="37" stride="16">
            <param type="float4x4"/>
          </accessor>
        </technique_common>
      </source>
      <source id="mixamorig_Spine1-Interpolations">
        <Name_array id="mixamorig_Spine1-Interpolations-array" count="37">
 LINEAR LINEAR LINEAR LINEAR LINEAR LINEAR LINEAR LINEAR LINEAR LINEAR LINEAR
LINEAR LINEAR LINEAR LINEAR LINEAR LINEAR LINEAR LINEAR LINEAR LINEAR LINEAR LINEAR
LINEAR LINEAR LINEAR LINEAR LINEAR LINEAR LINEAR LINEAR LINEAR LINEAR LINEAR LINEAR
LINEAR LINEAR</Name_array>
        <technique_common>
          <accessor source="#mixamorig_Spine1-Interpolations-array" count="37">
            <param type="name"/>
          </accessor>
        </technique_common>
      </source>
      <sampler id="mixamorig_Spine1-Matrix-animation-transform">
        <input semantic="INPUT" source="#mixamorig_Spine1-Matrix-animation-input"/>
        <input semantic="OUTPUT" source="#mixamorig_Spine1-Matrix-animation-output-transform"/>
        <input semantic="INTERPOLATION" source="#mixamorig_Spine1-Interpolations"/>
      </sampler>
      <channel source="#mixamorig_Spine1-Matrix-animation-transform" target="mixamorig_Spine1/matrix"/>
    </animation>
    <animation id="mixamorig_Spine2-anim" name="mixamorig_Spine2">
      <source id="mixamorig_Spine2-Matrix-animation-input">
        <float_array id="mixamorig_Spine2-Matrix-animation-input-array" count="37">

0.000000 0.033333 0.066667 0.100000 0.133333 0.166667 0.200000 0.233333 0.266667 0.300000 0.333333 0.366667 0.400000 0.433333 0.466667 0.500000
0.533333 0.566667 0.600000 0.633333 0.666667 0.700000 0.733333 0.766667 0.800000 0.833333 0.866667 0.900000 0.933333 0.966667 1.000000 1.033333
1.066667 1.100000 1.133333 1.166667 1.200000</float_array>
        <technique_common>
          <accessor source="#mixamorig_Spine2-Matrix-animation-input-array" count="37">
            <param name="TIME" type="float"/>
          </accessor>
        </technique_common>
      </source>
      <source id="mixamorig_Spine2-Matrix-animation-output-transform">
        <float_array id="mixamorig_Spine2-Matrix-animation-output-transform-array" count="592">

0.995693 -0.042881 -0.082201 0.000000 0.035332 0.995207 -0.091186 13.290100 0.085717 0.087889 0.992436 0.000000 0.000000 0.000000 0.000000 1.000000
0.995233 -0.041553 -0.088227 -0.000000 0.033372 0.995176 -0.092257 13.290100 0.091635 0.088873 0.991819 0.000000 0.000000 0.000000 0.000000 1.000000
0.994746 -0.040105 -0.094194 0.000000 0.031315 0.995173 -0.093004 13.290100 0.097469 0.089566 0.991200 0.000000 0.000000 0.000000 0.000000 1.000000
0.994220 -0.038657 -0.100158 0.000000 0.029251 0.995168 -0.093732 13.290100 0.103297 0.090260 0.990547 0.000000 0.000000 0.000000 0.000000 1.000000
0.993646 -0.037329 -0.106176 0.000000 0.027260 0.995128 -0.094746 13.290100 0.109196 0.091249 0.989823 0.000000 0.000000 0.000000 0.000000 1.000000
0.993013 -0.036240 -0.112303 0.000000 0.025416 0.995023 -0.096354 13.290100 0.115236 0.092827 0.988991 0.000000 0.000000 0.000000 0.000000 1.000000
0.992307 -0.035510 -0.118596 -0.000000 0.023783 0.994816 -0.098867 13.290100 0.121492 0.095286 0.988008 -0.000000 0.000000 0.000000 0.000000 1.000000
0.991502 -0.037670 -0.124522 0.000000 0.024867 0.994389 -0.102817 13.290100 0.127696 0.098847 0.986875 0.000000 0.000000 0.000000 0.000000 1.000000
0.990708 -0.039575 -0.130117 0.000000 0.025778 0.994025 -0.106063 13.290100 0.133537 0.101723 0.985809 0.000000 0.000000 0.000000 0.000000 1.000000
0.990162 -0.041635 -0.133586 0.000000 0.027228 0.993787 -0.107919 13.290100 0.137250 0.103220 0.985144 0.000000 0.000000 0.000000 0.000000 1.000000
0.990214 -0.042541 -0.132912 0.000000 0.027983 0.993589 -0.109539 13.290100 0.136720 0.104748 0.985056 0.000000 0.000000 0.000000 0.000000 1.000000
0.990967 -0.042674 -0.127136 -0.000000 0.028382 0.993283 -0.112177 13.290100 0.131069 0.107556 0.985522 0.000000 0.000000 0.000000 0.000000 1.000000
0.992061 -0.041419 -0.118743 -0.000000 0.027861 0.993130 -0.113649 13.290100 0.122634 0.109438 0.986400 0.000000 0.000000 0.000000 0.000000 1.000000
0.993106 -0.040507 -0.110001 0.000000 0.027773 0.992987 -0.114919 13.290100 0.113884 0.111072 0.987266 0.000000 0.000000 0.000000 0.000000 1.000000
0.993791 -0.039054 -0.104188 0.000000 0.026566 0.992579 -0.118664 13.290100 0.108049 0.115160 0.987453 -0.000000 0.000000 0.000000 0.000000 1.000000
0.994305 -0.037524 -0.099744 -0.000000 0.025043 0.992021 -0.123559 13.290100 0.103585 0.120358 0.987312 0.000000 0.000000 0.000000 0.000000 1.000000
0.994847 -0.035376 -0.095018 -0.000000 0.022895 0.991332 -0.129369 13.290100 0.098771 0.126527 0.987034 0.000000 0.000000 0.000000 0.000000 1.000000
0.995232 -0.034356 -0.091282 0.000000 0.022085 0.990978 -0.132189 13.290100 0.095000 0.129543 0.987012 0.000000 0.000000 0.000000 0.000000 1.000000
0.995655 -0.034089 -0.086655 0.000000 0.022319 0.990820 -0.133331 13.290100 0.090404 0.130817 0.987276 0.000000 0.000000 0.000000 0.000000 1.000000
0.996077 -0.034420 -0.081524 -0.000000 0.023401 0.990913 -0.132452 13.290100 0.085342 0.130024 0.987831 0.000000 0.000000 0.000000 0.000000 1.000000
0.996492 -0.035136 -0.075957 0.000000 0.025045 0.991206 -0.129935 13.290100 0.079854 0.127577 0.988609 0.000000 0.000000 0.000000 0.000000 1.000000
0.996760 -0.037557 -0.071122 0.000000 0.028443 0.991738 -0.125087 13.290100 0.075232 0.122659 0.989593 -0.000000 0.000000 0.000000 0.000000 1.000000
0.996906 -0.040349 -0.067452 0.000000 0.032123 0.992389 -0.118875 13.290100 0.071735 0.116341 0.990615 0.000000 0.000000 0.000000 0.000000 1.000000
0.997110 -0.041968 -0.063319 0.000000 0.034647 0.993036 -0.112599 13.290100 0.067604 0.110080 0.991621 0.000000 0.000000 0.000000 0.000000 1.000000
0.997260 -0.041653 -0.061134 0.000000 0.034954 0.993664 -0.106819 13.290100 0.065196 0.104389 0.992397 0.000000 0.000000 0.000000 0.000000 1.000000
0.997444 -0.039331 -0.059646 0.000000 0.033094 0.994217 -0.102164 13.290100 0.063319 0.099929 0.992978 0.000000 0.000000 0.000000 0.000000 1.000000
0.997501 -0.038748 -0.059076 0.000000 0.032704 0.994445 -0.100046 13.290100 0.062625 0.097864 0.993228 0.000000 0.000000 0.000000 0.000000 1.000000
0.997550 -0.036892 -0.059432 0.000000 0.030727 0.994361 -0.101495 13.290100 0.062841 0.099421 0.993059 0.000000 0.000000 0.000000 0.000000 1.000000
0.997576 -0.032727 -0.061406 0.000000 0.026051 0.993967 -0.106545 13.290100 0.064522 0.104687 0.992410 -0.000000 0.000000 0.000000 0.000000 1.000000
0.997491 -0.026271 -0.065746 0.000000 0.018702 0.993396 -0.113204 13.290100 0.068286 0.111691 0.991394 0.000000 0.000000 0.000000 0.000000 1.000000
0.997175 -0.023542 -0.071325 0.000000 0.015042 0.992964 -0.117455 13.290100 0.073589 0.116051 0.990513 0.000000 0.000000 0.000000 0.000000 1.000000
0.996909 -0.025112 -0.074441 0.000000 0.016353 0.993112 -0.116019 13.290100 0.076842 0.114443 0.990453 0.000000 0.000000 0.000000 0.000000 1.000000
0.996671 -0.027873 -0.076620 0.000000 0.019138 0.993472 -0.112459 13.290100 0.079255 0.110618 0.990698 0.000000 0.000000 0.000000 0.000000 1.000000
0.996444 -0.031427 -0.078175 0.000000 0.022916 0.993943 -0.107486 13.290100 0.081079 0.105312 0.991128 0.000000 0.000000 0.000000 0.000000 1.000000
0.996214 -0.035378 -0.079414 0.000000 0.027199 0.994432 -0.101807 13.290100 0.082574 0.099261 0.991629 0.000000 0.000000 0.000000 0.000000 1.000000
0.995966 -0.039328 -0.080652 0.000000 0.031500 0.994870 -0.096134 13.290100 0.084019 0.093206 0.992096 0.000000 0.000000 0.000000 0.000000 1.000000
0.995693 -0.042881 -0.082200 -0.000000 0.035332 0.995207 -0.091185 13.290100 0.085717 0.087888 0.992436 0.000000 0.000000 0.000000 0.000000 1.000000</float_array>
        <technique_common>
          <accessor source="#mixamorig_Spine2-Matrix-animation-output-transform-array" count="37" stride="16">
            <param type="float4x4"/>
          </accessor>
        </technique_common>
      </source>
      <source id="mixamorig_Spine2-Interpolations">
        <Name_array id="mixamorig_Spine2-Interpolations-array" count="37">
 LINEAR LINEAR LINEAR LINEAR LINEAR LINEAR LINEAR LINEAR LINEAR LINEAR LINEAR
LINEAR LINEAR LINEAR LINEAR LINEAR LINEAR LINEAR LINEAR LINEAR LINEAR LINEAR LINEAR
LINEAR LINEAR LINEAR LINEAR LINEAR LINEAR LINEAR LINEAR LINEAR LINEAR LINEAR LINEAR
LINEAR LINEAR</Name_array>
        <technique_common>
          <accessor source="#mixamorig_Spine2-Interpolations-array" count="37">
            <param type="name"/>
          </accessor>
        </technique_common>
      </source>
      <sampler id="mixamorig_Spine2-Matrix-animation-transform">
        <input semantic="INPUT" source="#mixamorig_Spine2-Matrix-animation-input"/>
        <input semantic="OUTPUT" source="#mixamorig_Spine2-Matrix-animation-output-transform"/>
        <input semantic="INTERPOLATION" source="#mixamorig_Spine2-Interpolations"/>
      </sampler>
      <channel source="#mixamorig_Spine2-Matrix-animation-transform" target="mixamorig_Spine2/matrix"/>
    </animation>
    <animation id="mixamorig_Neck-anim" name="mixamorig_Neck">
      <source id="mixamorig_Neck-Matrix-animation-input">
        <float_array id="mixamorig_Neck-Matrix-animation-input-array" count="37">

0.000000 0.033333 0.066667 0.100000 0.133333 0.166667 0.200000 0.233333 0.266667 0.300000 0.333333 0.366667 0.400000 0.433333 0.466667 0.500000
0.533333 0.566667 0.600000 0.633333 0.666667 0.700000 0.733333 0.766667 0.800000 0.833333 0.866667 0.900000 0.933333 0.966667 1.000000 1.033333
1.066667 1.100000 1.133333 1.166667 1.200000</float_array>
        <technique_common>
          <accessor source="#mixamorig_Neck-Matrix-animation-input-array" count="37">
            <param name="TIME" type="float"/>
          </accessor>
        </technique_common>
      </source>
      <source id="mixamorig_Neck-Matrix-animation-output-transform">
        <float_array id="mixamorig_Neck-Matrix-animation-output-transform-array" count="592">

0.964398 0.139875 0.224438 -0.000000 -0.154661 0.986721 0.049621 14.907100 -0.214517 -0.082566 0.973224 -5.902900 0.000000 0.000000 0.000000 1.000000
0.964780 0.138455 0.223671 0.000000 -0.152032 0.987370 0.044577 14.907100 -0.214674 -0.077012 0.973645 -5.902900 0.000000 0.000000 0.000000 1.000000
0.965823 0.134434 0.221613 0.000000 -0.146782 0.988354 0.040148 14.907100 -0.213635 -0.071304 0.974308 -5.902900 0.000000 0.000000 0.000000 1.000000
0.967385 0.128300 0.218415 0.000000 -0.139412 0.989573 0.036183 14.907100 -0.211495 -0.065452 0.975185 -5.902900 0.000000 0.000000 0.000000 1.000000
0.969214 0.120947 0.214466 0.000000 -0.130892 0.990856 0.032739 14.907100 -0.208545 -0.059803 0.976183 -5.902900 0.000000 0.000000 0.000000 1.000000
0.971253 0.112528 0.209776 -0.000000 -0.121320 0.992175 0.029483 14.907100 -0.204817 -0.054085 0.977305 -5.902900 0.000000 0.000000 0.000000 1.000000
0.973433 0.103173 0.204409 0.000000 -0.110770 0.993505 0.026046 14.907100 -0.200394 -0.047996 0.978539 -5.902900 0.000000 0.000000 0.000000 1.000000
0.975590 0.093573 0.198665 0.000000 -0.100019 0.994728 0.022641 14.907100 -0.195499 -0.041959 0.979806 -5.902900 0.000000 0.000000 0.000000 1.000000
0.977642 0.084307 0.192634 0.000000 -0.089569 0.995804 0.018754 14.907100 -0.190245 -0.035588 0.981091 -5.902900 0.000000 0.000000 0.000000 1.000000
0.979414 0.075324 0.187282 0.000000 -0.079640 0.996701 0.015621 14.907100 -0.185487 -0.030215 0.982182 -5.902900 0.000000 0.000000 0.000000 1.000000
0.981296 0.066827 0.180534 0.000000 -0.071157 0.997310 0.017609 14.907100 -0.178872 -0.030126 0.983411 -5.902900 0.000000 0.000000 0.000000 1.000000
0.982527 0.066032 0.174013 0.000000 -0.071185 0.997185 0.023533 14.907100 -0.171969 -0.035509 0.984462 -5.902900 0.000000 0.000000 0.000000 1.000000
0.982695 0.074097 0.169768 0.000000 -0.080278 0.996326 0.029832 14.907100 -0.166934 -0.042944 0.985032 -5.902900 0.000000 0.000000 0.000000 1.000000
0.981658 0.088905 0.168651 0.000000 -0.096466 0.994642 0.037164 14.907100 -0.164444 -0.052751 0.984975 -5.902900 0.000000 0.000000 0.000000 1.000000
0.980093 0.101566 0.170593 -0.000000 -0.111238 0.992629 0.048100 14.907100 -0.164450 -0.066119 0.984167 -5.902900 0.000000 0.000000 0.000000 1.000000
0.978846 0.111234 0.171718 0.000000 -0.122663 0.990786 0.057414 14.907100 -0.163749 -0.077263 0.983472 -5.902900 0.000000 0.000000 0.000000 1.000000
0.978447 0.117378 0.169894 0.000000 -0.129076 0.989849 0.059491 14.907100 -0.161186 -0.080138 0.983665 -5.902900 0.000000 0.000000 0.000000 1.000000
0.979703 0.112154 0.166144 0.000000 -0.122599 0.990988 0.053972 14.907100 -0.158593 -0.073245 0.984623 -5.902900 0.000000 0.000000 0.000000 1.000000
0.980854 0.105879 0.163449 0.000000 -0.114610 0.992395 0.044917 14.907100 -0.157450 -0.062789 0.985529 -5.902900 0.000000 0.000000 0.000000 1.000000
0.981066 0.104979 0.162754 0.000000 -0.112374 0.992981 0.036891 14.907100 -0.157739 -0.054482 0.985977 -5.902900 0.000000 0.000000 0.000000 1.000000
0.980758 0.108769 0.162121 0.000000 -0.115195 0.992867 0.030754 14.907100 -0.157620 -0.048838 0.986291 -5.902900 0.000000 0.000000 0.000000 1.000000
0.980108 0.114668 0.161985 0.000000 -0.120631 0.992318 0.027435 14.907100 -0.157595 -0.046430 0.986412 -5.902900 0.000000 0.000000 0.000000 1.000000
0.979913 0.118367 0.160498 0.000000 -0.124432 0.991826 0.028243 14.907100 -0.155843 -0.047646 0.986632 -5.902900 0.000000 0.000000 0.000000 1.000000
0.979335 0.122804 0.160690 0.000000 -0.129849 0.990949 0.034059 14.907100 -0.155053 -0.054220 0.986417 -5.902900 0.000000 0.000000 0.000000 1.000000
0.978939 0.123585 0.162493 0.000000 -0.131934 0.990386 0.041592 14.907100 -0.155791 -0.062154 0.985833 -5.902900 0.000000 0.000000 0.000000 1.000000
0.978228 0.124528 0.166022 0.000000 -0.134134 0.989804 0.047916 14.907100 -0.158363 -0.069141 0.984957 -5.902900 0.000000 0.000000 0.000000 1.000000
0.977597 0.126453 0.168269 0.000000 -0.137107 0.989125 0.053231 14.907100 -0.159708 -0.075110 0.984303 -5.902900 0.000000 0.000000 0.000000 1.000000
0.976892 0.128007 0.171163 0.000000 -0.139631 0.988524 0.057647 14.907100 -0.161820 -0.080215 0.983555 -5.902900 0.000000 0.000000 0.000000 1.000000
0.976063 0.128943 0.175145 0.000000 -0.141531 0.988031 0.061342 14.907100 -0.165139 -0.084662 0.982630 -5.902900 0.000000 0.000000 0.000000 1.000000
0.975134 0.129738 0.179669 0.000000 -0.142942 0.987752 0.062553 14.907100 -0.169353 -0.086680 0.981736 -5.902900 0.000000 0.000000 0.000000 1.000000
0.974087 0.130570 0.184678 0.000000 -0.144062 0.987651 0.061573 14.907100 -0.174358 -0.086582 0.980868 -5.902900 0.000000 0.000000 0.000000 1.000000
0.972976 0.131162 0.190035 0.000000 -0.145084 0.987522 0.061243 14.907100 -0.179632 -0.087159 0.979865 -5.902900 0.000000 0.000000 0.000000 1.000000
0.971932 0.131223 0.195265 -0.000000 -0.145545 0.987479 0.060840 14.907100 -0.184836 -0.087552 0.978862 -5.902900 0.000000 0.000000 0.000000 1.000000
0.970784 0.131007 0.201034 0.000000 -0.145452 0.987617 0.058785 14.907100 -0.190844 -0.086308 0.977819 -5.902900 0.000000 0.000000 0.000000 1.000000
0.969379 0.131694 0.207273 0.000000 -0.146393 0.987572 0.057184 14.907100 -0.197166 -0.085776 0.976610 -5.902900 0.000000 0.000000 0.000000 1.000000
0.967473 0.133901 0.214629 0.000000 -0.148931 0.987295 0.055382 14.907100 -0.204487 -0.085545 0.975124 -5.902900 0.000000 0.000000 0.000000 1.000000
0.964399 0.139916 0.224406 0.000000 -0.154699 0.986715 0.049614 14.907100 -0.214483 -0.082563 0.973232 -5.902900 0.000000 0.000000 0.000000 1.000000</float_array>
        <technique_common>
          <accessor source="#mixamorig_Neck-Matrix-animation-output-transform-array" count="37" stride="16">
            <param type="float4x4"/>
          </accessor>
        </technique_common>
      </source>
      <source id="mixamorig_Neck-Interpolations">
        <Name_array id="mixamorig_Neck-Interpolations-array" count="37">
 LINEAR LINEAR LINEAR LINEAR LINEAR LINEAR LINEAR LINEAR LINEAR LINEAR LINEAR
LINEAR LINEAR LINEAR LINEAR LINEAR LINEAR LINEAR LINEAR LINEAR LINEAR LINEAR LINEAR
LINEAR LINEAR LINEAR LINEAR LINEAR LINEAR LINEAR LINEAR LINEAR LINEAR LINEAR LINEAR
LINEAR LINEAR</Name_array>
        <technique_common>
          <accessor source="#mixamorig_Neck-Interpolations-array" count="37">
            <param type="name"/>
          </accessor>
        </technique_common>
      </source>
      <sampler id="mixamorig_Neck-Matrix-animation-transform">
        <input semantic="INPUT" source="#mixamorig_Neck-Matrix-animation-input"/>
        <input semantic="OUTPUT" source="#mixamorig_Neck-Matrix-animation-output-transform"/>
        <input semantic="INTERPOLATION" source="#mixamorig_Neck-Interpolations"/>
      </sampler>
      <channel source="#mixamorig_Neck-Matrix-animation-transform" target="mixamorig_Neck/matrix"/>
    </animation>
    <animation id="mixamorig_Head-anim" name="mixamorig_Head">
      <source id="mixamorig_Head-Matrix-animation-input">
        <float_array id="mixamorig_Head-Matrix-animation-input-array" count="37">

0.000000 0.033333 0.066667 0.100000 0.133333 0.166667 0.200000 0.233333 0.266667 0.300000 0.333333 0.366667 0.400000 0.433333 0.466667 0.500000
0.533333 0.566667 0.600000 0.633333 0.666667 0.700000 0.733333 0.766667 0.800000 0.833333 0.866667 0.900000 0.933333 0.966667 1.000000 1.033333
1.066667 1.100000 1.133333 1.166667 1.200000</float_array>
        <technique_common>
