<?xml version="1.0" encoding="utf-8"?>
<COLLADA xmlns="http://www.collada.org/2005/11/COLLADASchema" version="1.4.1">
  <asset>
    <contributor>
      <author>Mixamo</author>
      <authoring_tool>COLLADA Mixamo exporter</authoring_tool>
      <comments/>
    </contributor>
    <created>2024-12-02T03:45:24Z</created>
    <modified>2024-12-02T03:45:24Z</modified>
    <revision/>
    <title/>
    <unit meter="0.010000"/>
    <up_axis>Y_UP</up_axis>
  </asset>
  <library_animations>
    <animation id="mixamorig_Hips-anim" name="mixamorig_Hips">
      <source id="mixamorig_Hips-Matrix-animation-input">
        <float_array id="mixamorig_Hips-Matrix-animation-input-array" count="31">

0.000000 0.033333 0.066667 0.100000 0.133333 0.166667 0.200000 0.233333 0.266667 0.300000 0.333333 0.366667 0.400000 0.433333 0.466667 0.500000
0.533333 0.566667 0.600000 0.633333 0.666667 0.700000 0.733333 0.766667 0.800000 0.833333 0.866667 0.900000 0.933333 0.966667 1.000000</float_array>
        <technique_common>
          <accessor source="#mixamorig_Hips-Matrix-animation-input-array" count="31">
            <param name="TIME" type="float"/>
          </accessor>
        </technique_common>
      </source>
      <source id="mixamorig_Hips-Matrix-animation-output-transform">
        <float_array id="mixamorig_Hips-Matrix-animation-output-transform-array" count="496">

0.993903 -0.054871 0.095630 1.629913 -0.109869 -0.420475 0.900628 50.948463 -0.009208 -0.905644 -0.423940 5.426341 0.000000 0.000000 0.000000 1.000000
0.987127 -0.098524 -0.125988 6.146110 0.068602 -0.450761 0.890005 52.096554 -0.144477 -0.887191 -0.438199 3.720059 0.000000 0.000000 0.000000 1.000000
0.933631 -0.133670 -0.332364 10.156111 0.245658 -0.436388 0.865574 52.378357 -0.260741 -0.889774 -0.374589 0.792041 0.000000 0.000000 0.000000 1.000000
0.844361 -0.184282 -0.503084 13.813680 0.418700 -0.358894 0.834198 51.466812 -0.334282 -0.915006 -0.225877 -3.084584 0.000000 0.000000 0.000000 1.000000
0.739176 -0.264351 -0.619465 17.485806 0.579828 -0.218175 0.784983 50.735340 -0.342663 -0.939424 -0.007992 -8.755319 0.000000 0.000000 0.000000 1.000000
0.646693 -0.373795 -0.664880 20.600080 0.709641 -0.024723 0.704129 52.185616 -0.279638 -0.927182 0.249272 -16.403748 0.000000 0.000000 0.000000 1.000000
0.592072 -0.506528 -0.626802 22.901958 0.785227 0.187624 0.590098 54.692131 -0.181298 -0.841562 0.508826 -23.959438 0.000000 0.000000 0.000000 1.000000
0.585144 -0.623335 -0.518711 24.075697 0.808102 0.394841 0.437117 57.883614 -0.067662 -0.674948 0.734757 -33.016834 0.000000 0.000000 0.000000 1.000000
0.607632 -0.702186 -0.371103 23.555828 0.793353 0.558446 0.242341 61.462067 0.037072 -0.441670 0.896411 -42.344364 0.000000 0.000000 0.000000 1.000000
0.653640 -0.726470 -0.212121 21.612360 0.744500 0.667576 0.007828 65.163826 0.135920 -0.163041 0.977212 -51.318565 0.000000 0.000000 0.000000 1.000000
0.719385 -0.692460 -0.054622 18.353512 0.660146 0.706037 -0.256358 69.991356 0.216083 0.148361 0.965037 -59.016094 0.000000 0.000000 0.000000 1.000000
0.794924 -0.602399 0.072181 13.769729 0.546414 0.659133 -0.516697 75.548462 0.263681 0.450176 0.853120 -64.604965 0.000000 0.000000 0.000000 1.000000
0.879747 -0.460592 0.117900 8.636223 0.394604 0.569034 -0.721449 81.837616 0.265204 0.681216 0.682357 -65.800369 0.000000 0.000000 0.000000 1.000000
0.958670 -0.280625 0.046914 5.368635 0.183840 0.485113 -0.854909 87.735847 0.217150 0.828200 0.516653 -62.733173 0.000000 0.000000 0.000000 1.000000
0.987565 -0.099264 -0.121913 5.711960 -0.072438 0.400936 -0.913238 90.432571 0.139531 0.910712 0.388759 -60.126270 0.000000 0.000000 0.000000 1.000000
0.939893 0.072490 -0.333686 8.093431 -0.338918 0.317278 -0.885703 88.654533 0.041667 0.945558 0.322776 -60.652393 0.000000 0.000000 0.000000 1.000000
0.819791 0.233955 -0.522693 10.220989 -0.570986 0.264131 -0.777309 83.995232 -0.043796 0.935682 0.350117 -63.527378 0.000000 0.000000 0.000000 1.000000
0.661262 0.391121 -0.640123 10.336702 -0.746256 0.256097 -0.614423 77.646988 -0.076381 0.883990 0.461224 -65.970932 0.000000 0.000000 0.000000 1.000000
0.480553 0.546633 -0.685756 8.702976 -0.875585 0.255202 -0.410150 70.707619 -0.049195 0.797536 0.601262 -65.469109 0.000000 0.000000 0.000000 1.000000
0.268991 0.703460 -0.657866 6.044851 -0.962826 0.213926 -0.164931 63.497581 0.024712 0.677775 0.734854 -62.004890 0.000000 0.000000 0.000000 1.000000
0.114117 0.847045 -0.519127 0.857495 -0.980090 0.181449 0.080618 56.626942 0.162482 0.499591 0.850887 -55.906593 0.000000 0.000000 0.000000 1.000000
0.114194 0.945839 -0.303888 -6.509756 -0.936666 0.204447 0.284357 51.489674 0.331085 0.252169 0.909282 -47.045708 0.000000 0.000000 0.000000 1.000000
0.144944 0.983708 -0.106349 -11.396361 -0.872059 0.177788 0.455966 46.893585 0.467445 0.026653 0.883620 -38.070244 0.000000 0.000000 0.000000 1.000000
0.201801 0.978472 0.043239 -15.001496 -0.810171 0.141957 0.568746 45.922882 0.550364 -0.149804 0.821376 -29.792770 0.000000 0.000000 0.000000 1.000000
0.278290 0.931216 0.235353 -16.425907 -0.749896 0.057537 0.659048 46.043610 0.600175 -0.359897 0.714328 -23.622662 0.000000 0.000000 0.000000 1.000000
0.386534 0.834339 0.393026 -17.105793 -0.677634 -0.032153 0.734696 46.401806 0.625623 -0.550313 0.552948 -17.412205 0.000000 0.000000 0.000000 1.000000
0.547144 0.706779 0.448438 -16.900236 -0.579250 -0.067027 0.812390 47.507759 0.604238 -0.704252 0.372728 -11.763176 0.000000 0.000000 0.000000 1.000000
0.701689 0.559079 0.441660 -15.567716 -0.462272 -0.114456 0.879321 49.075348 0.542160 -0.821176 0.178134 -6.437740 0.000000 0.000000 0.000000 1.000000
0.836318 0.375805 0.399178 -12.140133 -0.342163 -0.211112 0.915618 50.193390 0.428365 -0.902331 -0.047970 -1.235775 0.000000 0.000000 0.000000 1.000000
0.944478 0.156939 0.288672 -6.090959 -0.225218 -0.330491 0.916544 50.548611 0.239244 -0.930670 -0.276796 2.835750 0.000000 0.000000 0.000000 1.000000
0.993903 -0.054871 0.095630 1.629911 -0.109869 -0.420475 0.900627 50.948456 -0.009208 -0.905643 -0.423940 5.426337 0.000000 0.000000 0.000000 1.000000</float_array>
        <technique_common>
          <accessor source="#mixamorig_Hips-Matrix-animation-output-transform-array" count="31" stride="16">
            <param type="float4x4"/>
          </accessor>
        </technique_common>
      </source>
      <source id="mixamorig_Hips-Interpolations">
        <Name_array id="mixamorig_Hips-Interpolations-array" count="31">
 LINEAR LINEAR LINEAR LINEAR LINEAR LINEAR LINEAR LINEAR LINEAR LINEAR LINEAR
LINEAR LINEAR LINEAR LINEAR LINEAR LINEAR LINEAR LINEAR LINEAR LINEAR LINEAR LINEAR
LINEAR LINEAR LINEAR LINEAR LINEAR LINEAR LINEAR LINEAR</Name_array>
        <technique_common>
          <accessor source="#mixamorig_Hips-Interpolations-array" count="31">
            <param type="name"/>
          </accessor>
        </technique_common>
      </source>
      <sampler id="mixamorig_Hips-Matrix-animation-transform">
        <input semantic="INPUT" source="#mixamorig_Hips-Matrix-animation-input"/>
        <input semantic="OUTPUT" source="#mixamorig_Hips-Matrix-animation-output-transform"/>
        <input semantic="INTERPOLATION" source="#mixamorig_Hips-Interpolations"/>
      </sampler>
      <channel source="#mixamorig_Hips-Matrix-animation-transform" target="mixamorig_Hips/matrix"/>
    </animation>
    <animation id="mixamorig_Spine-anim" name="mixamorig_Spine">
      <source id="mixamorig_Spine-Matrix-animation-input">
        <float_array id="mixamorig_Spine-Matrix-animation-input-array" count="31">

0.000000 0.033333 0.066667 0.100000 0.133333 0.166667 0.200000 0.233333 0.266667 0.300000 0.333333 0.366667 0.400000 0.433333 0.466667 0.500000
0.533333 0.566667 0.600000 0.633333 0.666667 0.700000 0.733333 0.766667 0.800000 0.833333 0.866667 0.900000 0.933333 0.966667 1.000000</float_array>
        <technique_common>
          <accessor source="#mixamorig_Spine-Matrix-animation-input-array" count="31">
            <param name="TIME" type="float"/>
          </accessor>
        </technique_common>
      </source>
      <source id="mixamorig_Spine-Matrix-animation-output-transform">
        <float_array id="mixamorig_Spine-Matrix-animation-output-transform-array" count="496">

0.989765 0.031012 -0.139294 -0.000900 -0.129379 0.606871 -0.784200 9.938600 0.060214 0.794195 0.604672 0.799700 0.000000 0.000000 0.000000 1.000000
0.986529 0.127848 -0.102052 -0.000900 -0.156032 0.548052 -0.821763 9.938600 -0.049131 0.826616 0.560617 0.799700 0.000000 0.000000 0.000000 1.000000
0.980721 0.182310 -0.070345 -0.000900 -0.154957 0.506238 -0.848358 9.938600 -0.119053 0.842903 0.524729 0.799700 0.000000 0.000000 0.000000 1.000000
0.978412 0.197145 -0.062001 -0.000900 -0.154153 0.496374 -0.854312 9.938600 -0.137648 0.845427 0.516049 0.799700 0.000000 0.000000 0.000000 1.000000
0.979712 0.186851 -0.072465 -0.000900 -0.161340 0.520854 -0.838261 9.938600 -0.118886 0.832945 0.540433 0.799700 0.000000 0.000000 0.000000 1.000000
0.984098 0.158359 -0.080455 -0.000900 -0.157472 0.568257 -0.807643 9.938600 -0.082179 0.807469 0.584158 0.799700 0.000000 0.000000 0.000000 1.000000
0.990029 0.107631 -0.090877 -0.000900 -0.138221 0.617824 -0.774073 9.938600 -0.027168 0.778915 0.626540 0.799700 0.000000 0.000000 0.000000 1.000000
0.994639 0.028918 -0.099284 -0.000900 -0.094150 0.650342 -0.753784 9.938600 0.042770 0.759091 0.649578 0.799700 0.000000 0.000000 0.000000 1.000000
0.991053 -0.048946 -0.124166 -0.000900 -0.062220 0.653610 -0.754270 9.938600 0.118075 0.755248 0.644717 0.799700 0.000000 0.000000 0.000000 1.000000
0.983341 -0.098962 -0.152471 -0.000900 -0.054034 0.641748 -0.765010 9.938600 0.173555 0.760504 0.625710 0.799700 0.000000 0.000000 0.000000 1.000000
0.980291 -0.107856 -0.165519 -0.000900 -0.058996 0.639774 -0.766295 9.938600 0.188544 0.760957 0.620802 0.799700 0.000000 0.000000 0.000000 1.000000
0.983703 -0.081120 -0.160461 -0.000900 -0.070290 0.647915 -0.758462 9.938600 0.165491 0.757381 0.631654 0.799700 0.000000 0.000000 0.000000 1.000000
0.988010 -0.048652 -0.146524 -0.000900 -0.081083 0.644121 -0.760614 9.938600 0.131385 0.763375 0.632453 0.799700 0.000000 0.000000 0.000000 1.000000
0.993352 -0.024996 -0.112370 -0.000900 -0.071431 0.631651 -0.771955 9.938600 0.090275 0.774850 0.625666 0.799700 0.000000 0.000000 0.000000 1.000000
0.998940 0.004720 -0.045795 -0.000900 -0.038079 0.643761 -0.764279 9.938600 0.025874 0.765212 0.643258 0.799700 0.000000 0.000000 0.000000 1.000000
0.997721 0.035869 0.057158 -0.000900 0.017087 0.685131 -0.728219 9.938600 -0.065281 0.727536 0.682957 0.799700 0.000000 0.000000 0.000000 1.000000
0.986944 0.050123 0.153066 -0.000900 0.071166 0.716838 -0.693598 9.938600 -0.144489 0.695436 0.703912 0.799700 0.000000 0.000000 0.000000 1.000000
0.980778 0.037789 0.191433 -0.000900 0.108013 0.711907 -0.693917 9.938600 -0.162506 0.701256 0.694141 0.799700 0.000000 0.000000 0.000000 1.000000
0.985203 0.020815 0.170120 -0.000900 0.110173 0.683428 -0.721656 9.938600 -0.131286 0.729721 0.671023 0.799700 0.000000 0.000000 0.000000 1.000000
0.990556 0.018527 0.135852 -0.000900 0.089558 0.662825 -0.743399 9.938600 -0.103819 0.748545 0.654906 0.799700 0.000000 0.000000 0.000000 1.000000
0.994071 0.023230 0.106219 -0.000900 0.064000 0.664731 -0.744336 9.938600 -0.087898 0.746721 0.659303 0.799700 0.000000 0.000000 0.000000 1.000000
0.997959 0.010005 0.063061 -0.000900 0.039277 0.682486 -0.729842 9.938600 -0.050341 0.730830 0.680701 0.799700 0.000000 0.000000 0.000000 1.000000
0.999497 -0.026175 0.017881 -0.000900 0.031112 0.701923 -0.711573 9.938600 0.006074 0.711772 0.702384 0.799700 0.000000 0.000000 0.000000 1.000000
0.996290 -0.067995 -0.052751 -0.000900 0.011240 0.710533 -0.703574 9.938600 0.085321 0.700371 0.708662 0.799700 0.000000 0.000000 0.000000 1.000000
0.990147 -0.097379 -0.100629 -0.000900 -0.002738 0.705020 -0.709182 9.938600 0.140005 0.702470 0.697807 0.799700 0.000000 0.000000 0.000000 1.000000
0.987393 -0.114246 -0.109556 -0.000900 -0.000010 0.692092 -0.721810 9.938600 0.158287 0.712711 0.683365 0.799700 0.000000 0.000000 0.000000 1.000000
0.986231 -0.124159 -0.109237 -0.000900 0.004728 0.681449 -0.731850 9.938600 0.165305 0.721257 0.672654 0.799700 0.000000 0.000000 0.000000 1.000000
0.983794 -0.125901 -0.127668 -0.000900 -0.009887 0.672843 -0.739719 9.938600 0.179032 0.728993 0.660694 0.799700 0.000000 0.000000 0.000000 1.000000
0.981419 -0.105977 -0.159958 -0.000900 -0.051194 0.658799 -0.750575 9.938600 0.184924 0.744817 0.641133 0.799700 0.000000 0.000000 0.000000 1.000000
0.983731 -0.053783 -0.171405 -0.000900 -0.098638 0.635734 -0.765580 9.938600 0.150143 0.770032 0.620087 0.799700 0.000000 0.000000 0.000000 1.000000
0.989765 0.031012 -0.139294 -0.000900 -0.129379 0.606871 -0.784200 9.938600 0.060214 0.794195 0.604672 0.799700 0.000000 0.000000 0.000000 1.000000</float_array>
        <technique_common>
          <accessor source="#mixamorig_Spine-Matrix-animation-output-transform-array" count="31" stride="16">
            <param type="float4x4"/>
          </accessor>
        </technique_common>
      </source>
      <source id="mixamorig_Spine-Interpolations">
        <Name_array id="mixamorig_Spine-Interpolations-array" count="31">
 LINEAR LINEAR LINEAR LINEAR LINEAR LINEAR LINEAR LINEAR LINEAR LINEAR LINEAR
LINEAR LINEAR LINEAR LINEAR LINEAR LINEAR LINEAR LINEAR LINEAR LINEAR LINEAR LINEAR
LINEAR LINEAR LINEAR LINEAR LINEAR LINEAR LINEAR LINEAR</Name_array>
        <technique_common>
          <accessor source="#mixamorig_Spine-Interpolations-array" count="31">
            <param type="name"/>
          </accessor>
        </technique_common>
      </source>
      <sampler id="mixamorig_Spine-Matrix-animation-transform">
        <input semantic="INPUT" source="#mixamorig_Spine-Matrix-animation-input"/>
        <input semantic="OUTPUT" source="#mixamorig_Spine-Matrix-animation-output-transform"/>
        <input semantic="INTERPOLATION" source="#mixamorig_Spine-Interpolations"/>
      </sampler>
      <channel source="#mixamorig_Spine-Matrix-animation-transform" target="mixamorig_Spine/matrix"/>
    </animation>
    <animation id="mixamorig_Spine1-anim" name="mixamorig_Spine1">
      <source id="mixamorig_Spine1-Matrix-animation-input">
        <float_array id="mixamorig_Spine1-Matrix-animation-input-array" count="31">

0.000000 0.033333 0.066667 0.100000 0.133333 0.166667 0.200000 0.233333 0.266667 0.300000 0.333333 0.366667 0.400000 0.433333 0.466667 0.500000
0.533333 0.566667 0.600000 0.633333 0.666667 0.700000 0.733333 0.766667 0.800000 0.833333 0.866667 0.900000 0.933333 0.966667 1.000000</float_array>
        <technique_common>
          <accessor source="#mixamorig_Spine1-Matrix-animation-input-array" count="31">
            <param name="TIME" type="float"/>
          </accessor>
        </technique_common>
      </source>
      <source id="mixamorig_Spine1-Matrix-animation-output-transform">
        <float_array id="mixamorig_Spine1-Matrix-animation-output-transform-array" count="496">

0.997733 -0.047068 -0.048090 0.000000 0.036649 0.979457 -0.198293 11.597900 0.056436 0.196081 0.978962 0.000000 0.000000 0.000000 0.000000 1.000000
0.999003 -0.039259 -0.021272 0.000000 0.034502 0.981104 -0.190383 11.597900 0.028344 0.189459 0.981480 0.000000 0.000000 0.000000 0.000000 1.000000
0.999518 -0.030758 0.004133 0.000000 0.031007 0.984123 -0.174761 11.597900 0.001308 0.174805 0.984602 0.000000 0.000000 0.000000 0.000000 1.000000
0.999363 -0.027355 0.022916 0.000000 0.030581 0.987461 -0.154874 11.597900 -0.018392 0.155476 0.987668 0.000000 0.000000 0.000000 0.000000 1.000000
0.998907 -0.034614 0.031402 0.000000 0.038706 0.989287 -0.140757 11.597900 -0.026193 0.141819 0.989546 0.000000 0.000000 0.000000 0.000000 1.000000
0.998102 -0.052744 0.031775 0.000000 0.056711 0.988429 -0.140683 11.597900 -0.023987 0.142219 0.989545 0.000000 0.000000 0.000000 0.000000 1.000000
0.996701 -0.075591 0.029549 0.000000 0.079238 0.985089 -0.152710 11.597900 -0.017565 0.154548 0.987829 0.000000 0.000000 0.000000 0.000000 1.000000
0.995262 -0.093266 0.027473 0.000000 0.096581 0.980889 -0.168903 11.597900 -0.011195 0.170756 0.985250 0.000000 0.000000 0.000000 0.000000 1.000000
0.994933 -0.097477 0.024642 0.000000 0.100356 0.977746 -0.184230 11.597900 -0.006136 0.185769 0.982574 0.000000 0.000000 0.000000 0.000000 1.000000
0.995903 -0.088151 0.020189 0.000000 0.090400 0.976477 -0.195759 11.597900 -0.002458 0.196781 0.980444 0.000000 0.000000 0.000000 0.000000 1.000000
0.997199 -0.073395 0.014392 0.000000 0.074792 0.977595 -0.196758 11.597900 0.000372 0.197283 0.980346 -0.000000 0.000000 0.000000 0.000000 1.000000
0.998126 -0.060887 0.006099 0.000000 0.060994 0.981938 -0.179103 11.597900 0.004916 0.179140 0.983811 0.000000 0.000000 0.000000 0.000000 1.000000
0.998596 -0.052573 -0.006478 0.000000 0.051092 0.988228 -0.144206 11.597900 0.013983 0.143672 0.989527 0.000000 0.000000 0.000000 0.000000 1.000000
0.998657 -0.048111 -0.019214 0.000000 0.045743 0.992998 -0.108912 11.597900 0.024320 0.107887 0.993866 0.000000 0.000000 0.000000 0.000000 1.000000
0.998737 -0.045299 -0.021746 -0.000000 0.043125 0.994848 -0.091745 11.597900 0.025790 0.090691 0.995545 -0.000000 0.000000 0.000000 0.000000 1.000000
0.999364 -0.034187 -0.010124 0.000000 0.033111 0.995201 -0.092082 11.597900 0.013223 0.091688 0.995700 -0.000000 0.000000 0.000000 0.000000 1.000000
0.999987 -0.001671 0.004725 -0.000000 0.002114 0.995438 -0.095383 11.597900 -0.004544 0.095392 0.995429 0.000000 0.000000 0.000000 0.000000 1.000000
0.998661 0.051083 0.008163 -0.000000 -0.050081 0.994229 -0.094876 11.597900 -0.012963 0.094340 0.995456 0.000000 0.000000 0.000000 0.000000 1.000000
0.994541 0.104328 -0.001795 0.000000 -0.104039 0.990187 -0.093302 11.597900 -0.007957 0.092979 0.995636 0.000000 0.000000 0.000000 0.000000 1.000000
0.990206 0.138732 -0.015638 0.000000 -0.139586 0.985932 -0.091942 11.597900 0.002663 0.093225 0.995642 -0.000000 0.000000 0.000000 0.000000 1.000000
0.988129 0.151282 -0.026730 0.000000 -0.153094 0.984152 -0.089478 11.597900 0.012770 0.092508 0.995630 -0.000000 0.000000 0.000000 0.000000 1.000000
0.988097 0.149255 -0.037244 -0.000000 -0.152027 0.984430 -0.088231 11.597900 0.023495 0.092843 0.995404 0.000000 0.000000 0.000000 0.000000 1.000000
0.989216 0.137174 -0.051338 0.000000 -0.141518 0.985496 -0.093654 11.597900 0.037746 0.099909 0.994280 0.000000 0.000000 0.000000 0.000000 1.000000
0.991092 0.114865 -0.067403 0.000000 -0.121699 0.986671 -0.108024 11.597900 0.054096 0.115265 0.991861 0.000000 0.000000 0.000000 0.000000 1.000000
0.993454 0.083402 -0.078058 0.000000 -0.093002 0.987306 -0.128753 11.597900 0.066329 0.135170 0.988600 0.000000 0.000000 0.000000 0.000000 1.000000
0.995801 0.047154 -0.078461 0.000000 -0.058591 0.986869 -0.150524 11.597900 0.070333 0.154489 0.985488 0.000000 0.000000 0.000000 0.000000 1.000000
0.997195 0.011250 -0.073993 0.000000 -0.023617 0.985427 -0.168454 11.597900 0.071020 0.169729 0.982928 0.000000 0.000000 0.000000 0.000000 1.000000
0.997083 -0.019173 -0.073873 0.000000 0.005463 0.983378 -0.181488 11.597900 0.076124 0.180555 0.980615 0.000000 0.000000 0.000000 0.000000 1.000000
0.996306 -0.039022 -0.076502 0.000000 0.023763 0.981290 -0.191066 11.597900 0.082526 0.188542 0.978591 0.000000 0.000000 0.000000 0.000000 1.000000
0.996411 -0.047002 -0.070394 0.000000 0.032297 0.979855 -0.197080 11.597900 0.078239 0.194099 0.977857 0.000000 0.000000 0.000000 0.000000 1.000000
0.997733 -0.047068 -0.048090 0.000000 0.036649 0.979457 -0.198293 11.597900 0.056436 0.196081 0.978962 0.000000 0.000000 0.000000 0.000000 1.000000</float_array>
        <technique_common>
          <accessor source="#mixamorig_Spine1-Matrix-animation-output-transform-array" count="31" stride="16">
            <param type="float4x4"/>
          </accessor>
        </technique_common>
      </source>
      <source id="mixamorig_Spine1-Interpolations">
        <Name_array id="mixamorig_Spine1-Interpolations-array" count="31">
 LINEAR LINEAR LINEAR LINEAR LINEAR LINEAR LINEAR LINEAR LINEAR LINEAR LINEAR
LINEAR LINEAR LINEAR LINEAR LINEAR LINEAR LINEAR LINEAR LINEAR LINEAR LINEAR LINEAR
LINEAR LINEAR LINEAR LINEAR LINEAR LINEAR LINEAR LINEAR</Name_array>
        <technique_common>
          <accessor source="#mixamorig_Spine1-Interpolations-array" count="31">
            <param type="name"/>
          </accessor>
        </technique_common>
      </source>
      <sampler id="mixamorig_Spine1-Matrix-animation-transform">
        <input semantic="INPUT" source="#mixamorig_Spine1-Matrix-animation-input"/>
        <input semantic="OUTPUT" source="#mixamorig_Spine1-Matrix-animation-output-transform"/>
        <input semantic="INTERPOLATION" source="#mixamorig_Spine1-Interpolations"/>
      </sampler>
      <channel source="#mixamorig_Spine1-Matrix-animation-transform" target="mixamorig_Spine1/matrix"/>
    </animation>
    <animation id="mixamorig_Spine2-anim" name="mixamorig_Spine2">
      <source id="mixamorig_Spine2-Matrix-animation-input">
        <float_array id="mixamorig_Spine2-Matrix-animation-input-array" count="31">

0.000000 0.033333 0.066667 0.100000 0.133333 0.166667 0.200000 0.233333 0.266667 0.300000 0.333333 0.366667 0.400000 0.433333 0.466667 0.500000
0.533333 0.566667 0.600000 0.633333 0.666667 0.700000 0.733333 0.766667 0.800000 0.833333 0.866667 0.900000 0.933333 0.966667 1.000000</float_array>
        <technique_common>
          <accessor source="#mixamorig_Spine2-Matrix-animation-input-array" count="31">
            <param name="TIME" type="float"/>
          </accessor>
        </technique_common>
      </source>
      <source id="mixamorig_Spine2-Matrix-animation-output-transform">
        <float_array id="mixamorig_Spine2-Matrix-animation-output-transform-array" count="496">

0.998271 -0.052343 -0.026748 0.000000 0.040866 0.945083 -0.324267 13.290100 0.042252 0.322613 0.945588 0.000000 0.000000 0.000000 0.000000 1.000000
0.999218 -0.039541 -0.000236 0.000000 0.037448 0.948206 -0.315441 13.290100 0.012697 0.315185 0.948945 0.000000 0.000000 0.000000 0.000000 1.000000
0.999375 -0.026168 0.023773 0.000000 0.032094 0.953520 -0.299614 13.290100 -0.014828 0.300190 0.953764 0.000000 0.000000 0.000000 0.000000 1.000000
0.998923 -0.018769 0.042427 0.000000 0.029928 0.959483 -0.280172 13.290100 -0.035449 0.281140 0.959012 0.000000 0.000000 0.000000 0.000000 1.000000
0.998259 -0.023553 0.054073 0.000000 0.037164 0.963092 -0.266594 13.290100 -0.045798 0.268140 0.962291 0.000000 0.000000 0.000000 0.000000 1.000000
0.997381 -0.040384 0.060007 0.000000 0.054997 0.962261 -0.266513 13.290100 -0.046980 0.269116 0.961961 0.000000 0.000000 0.000000 0.000000 1.000000
0.996100 -0.061981 0.062789 0.000000 0.077098 0.957510 -0.277905 13.290100 -0.042896 0.281662 0.958554 0.000000 0.000000 0.000000 0.000000 1.000000
0.994974 -0.077783 0.063058 0.000000 0.092974 0.951469 -0.293365 13.290100 -0.037179 0.297754 0.953918 0.000000 0.000000 0.000000 0.000000 1.000000
0.995021 -0.080002 0.059431 0.000000 0.094522 0.946573 -0.308327 13.290100 -0.031589 0.312410 0.949422 0.000000 0.000000 0.000000 0.000000 1.000000
0.996238 -0.069833 0.051320 0.000000 0.082637 0.943871 -0.319811 13.290100 -0.026106 0.322848 0.946091 0.000000 0.000000 0.000000 0.000000 1.000000
0.997607 -0.056562 0.039749 -0.000000 0.066353 0.944788 -0.320894 13.290100 -0.019404 0.322764 0.946281 0.000000 0.000000 0.000000 0.000000 1.000000
0.998524 -0.048308 0.024815 0.000000 0.053568 0.951292 -0.303601 13.290100 -0.008940 0.304482 0.952476 0.000000 0.000000 0.000000 0.000000 1.000000
0.998907 -0.046362 0.005908 0.000000 0.046237 0.961884 -0.269521 13.290100 0.006813 0.269500 0.962976 -0.000000 0.000000 0.000000 0.000000 1.000000
0.998754 -0.048353 -0.012349 0.000000 0.044098 0.970935 -0.235244 13.290100 0.023365 0.234407 0.971858 0.000000 0.000000 0.000000 0.000000 1.000000
0.998571 -0.049551 -0.020027 0.000000 0.043976 0.974733 -0.219001 13.290100 0.030372 0.217807 0.975519 -0.000000 0.000000 0.000000 0.000000 1.000000
0.999117 -0.039326 -0.014766 0.000000 0.035118 0.974849 -0.220081 13.290100 0.023050 0.219368 0.975370 0.000000 0.000000 0.000000 0.000000 1.000000
0.999934 -0.006692 -0.009327 0.000000 0.004436 0.974640 -0.223735 13.290100 0.010588 0.223679 0.974605 0.000000 0.000000 0.000000 0.000000 1.000000
0.998839 0.044670 -0.018050 -0.000000 -0.047572 0.973688 -0.222864 13.290100 0.007620 0.223464 0.974682 -0.000000 0.000000 0.000000 0.000000 1.000000
0.994705 0.094762 -0.039782 0.000000 -0.101233 0.970180 -0.220234 13.290100 0.017726 0.223095 0.974636 0.000000 0.000000 0.000000 0.000000 1.000000
0.990138 0.125829 -0.061597 -0.000000 -0.136363 0.966431 -0.217753 13.290100 0.032130 0.224005 0.974058 -0.000000 0.000000 0.000000 0.000000 1.000000
0.987807 0.135953 -0.075862 0.000000 -0.149330 0.965194 -0.214711 13.290100 0.044031 0.223421 0.973727 0.000000 0.000000 0.000000 0.000000 1.000000
0.987508 0.132150 -0.085810 0.000000 -0.147781 0.965713 -0.213445 13.290100 0.054662 0.223460 0.973179 0.000000 0.000000 0.000000 0.000000 1.000000
0.988268 0.118317 -0.096582 -0.000000 -0.137069 0.966016 -0.219146 13.290100 0.067371 0.229814 0.970900 0.000000 0.000000 0.000000 0.000000 1.000000
0.989795 0.094461 -0.106687 0.000000 -0.117323 0.965148 -0.233931 13.290100 0.080871 0.244061 0.966382 0.000000 0.000000 0.000000 0.000000 1.000000
0.992078 0.062728 -0.108844 0.000000 -0.088867 0.962820 -0.255109 13.290100 0.088795 0.262760 0.960767 0.000000 0.000000 0.000000 0.000000 1.000000
0.994706 0.028215 -0.098816 0.000000 -0.054752 0.959234 -0.277258 13.290100 0.086965 0.281200 0.955701 0.000000 0.000000 0.000000 0.000000 1.000000
0.996538 -0.004883 -0.083001 0.000000 -0.019924 0.955165 -0.295402 13.290100 0.080722 0.296033 0.951761 -0.000000 0.000000 0.000000 0.000000 1.000000
0.996848 -0.033133 -0.072090 0.000000 0.009310 0.951197 -0.308443 13.290100 0.078791 0.306799 0.948507 0.000000 0.000000 0.000000 0.000000 1.000000
0.996490 -0.051505 -0.065999 0.000000 0.027935 0.947735 -0.317833 13.290100 0.078919 0.314874 0.945847 -0.000000 0.000000 0.000000 0.000000 1.000000
0.996930 -0.057018 -0.053655 0.000000 0.036665 0.945511 -0.323519 13.290100 0.069178 0.320559 0.944699 0.000000 0.000000 0.000000 0.000000 1.000000
0.998271 -0.052343 -0.026748 0.000000 0.040866 0.945083 -0.324267 13.290100 0.042252 0.322613 0.945588 0.000000 0.000000 0.000000 0.000000 1.000000</float_array>
        <technique_common>
          <accessor source="#mixamorig_Spine2-Matrix-animation-output-transform-array" count="31" stride="16">
            <param type="float4x4"/>
          </accessor>
        </technique_common>
      </source>
      <source id="mixamorig_Spine2-Interpolations">
        <Name_array id="mixamorig_Spine2-Interpolations-array" count="31">
 LINEAR LINEAR LINEAR LINEAR LINEAR LINEAR LINEAR LINEAR LINEAR LINEAR LINEAR
LINEAR LINEAR LINEAR LINEAR LINEAR LINEAR LINEAR LINEAR LINEAR LINEAR LINEAR LINEAR
LINEAR LINEAR LINEAR LINEAR LINEAR LINEAR LINEAR LINEAR</Name_array>
        <technique_common>
          <accessor source="#mixamorig_Spine2-Interpolations-array" count="31">
            <param type="name"/>
          </accessor>
        </technique_common>
      </source>
      <sampler id="mixamorig_Spine2-Matrix-animation-transform">
        <input semantic="INPUT" source="#mixamorig_Spine2-Matrix-animation-input"/>
        <input semantic="OUTPUT" source="#mixamorig_Spine2-Matrix-animation-output-transform"/>
        <input semantic="INTERPOLATION" source="#mixamorig_Spine2-Interpolations"/>
      </sampler>
      <channel source="#mixamorig_Spine2-Matrix-animation-transform" target="mixamorig_Spine2/matrix"/>
    </animation>
    <animation id="mixamorig_Neck-anim" name="mixamorig_Neck">
      <source id="mixamorig_Neck-Matrix-animation-input">
        <float_array id="mixamorig_Neck-Matrix-animation-input-array" count="31">

0.000000 0.033333 0.066667 0.100000 0.133333 0.166667 0.200000 0.233333 0.266667 0.300000 0.333333 0.366667 0.400000 0.433333 0.466667 0.500000
0.533333 0.566667 0.600000 0.633333 0.666667 0.700000 0.733333 0.766667 0.800000 0.833333 0.866667 0.900000 0.933333 0.966667 1.000000</float_array>
        <technique_common>
          <accessor source="#mixamorig_Neck-Matrix-animation-input-array" count="31">
            <param name="TIME" type="float"/>
          </accessor>
        </technique_common>
      </source>
      <source id="mixamorig_Neck-Matrix-animation-output-transform">
        <float_array id="mixamorig_Neck-Matrix-animation-output-transform-array" count="496">

0.999713 -0.023817 0.002747 0.000000 0.023967 0.989778 -0.140592 14.907100 0.000629 0.140617 0.990064 -5.902900 0.000000 0.000000 0.000000 1.000000
0.998957 -0.044830 -0.008624 0.000000 0.043283 0.990134 -0.133274 14.907100 0.014513 0.132762 0.991042 -5.902900 0.000000 0.000000 0.000000 1.000000
0.998367 -0.053911 -0.018868 0.000000 0.050999 0.990130 -0.130544 14.907100 0.025720 0.129369 0.991263 -5.902900 0.000000 0.000000 0.000000 1.000000
0.998413 -0.049391 -0.027045 0.000000 0.045468 0.990437 -0.130257 14.907100 0.033220 0.128821 0.991111 -5.902900 0.000000 0.000000 0.000000 1.000000
0.998771 -0.037170 -0.032771 0.000000 0.032741 0.991409 -0.126637 14.907100 0.037196 0.125408 0.991408 -5.902900 0.000000 0.000000 0.000000 1.000000
0.999027 -0.024492 -0.036678 0.000000 0.020122 0.993151 -0.115090 14.907100 0.039246 0.114240 0.992678 -5.902900 0.000000 0.000000 0.000000 1.000000
0.999175 -0.011374 -0.038999 0.000000 0.007570 0.995318 -0.096354 14.907100 0.039912 0.095980 0.994583 -5.902900 0.000000 0.000000 0.000000 1.000000
0.999267 0.006257 -0.037769 0.000000 -0.009038 0.997225 -0.073895 14.907100 0.037202 0.074182 0.996551 -5.902900 0.000000 0.000000 0.000000 1.000000
0.999197 0.025817 -0.030647 -0.000000 -0.027269 0.998479 -0.047924 14.907100 0.029363 0.048721 0.998381 -5.902900 0.000000 0.000000 0.000000 1.000000
0.999133 0.037122 -0.018869 0.000000 -0.037401 0.999193 -0.014656 14.907100 0.018310 0.015349 0.999715 -5.902900 0.000000 0.000000 0.000000 1.000000
0.999255 0.038091 -0.006185 0.000000 -0.037921 0.998956 0.025487 14.907100 0.007149 -0.025234 0.999656 -5.902900 0.000000 0.000000 0.000000 1.000000
0.998967 0.044924 0.006798 0.000000 -0.045258 0.997064 0.061759 14.907100 -0.004003 -0.062003 0.998068 -5.902900 0.000000 0.000000 0.000000 1.000000
0.996946 0.074704 0.022774 0.000000 -0.076345 0.993650 0.082649 14.907100 -0.016455 -0.084136 0.996318 -5.902900 0.000000 0.000000 0.000000 1.000000
0.991930 0.120078 0.040698 0.000000 -0.123247 0.988531 0.087269 14.907100 -0.029752 -0.091580 0.995353 -5.902900 0.000000 0.000000 0.000000 1.000000
0.986585 0.154002 0.054162 0.000000 -0.158033 0.984163 0.080310 14.907100 -0.040937 -0.087792 0.995297 -5.902900 0.000000 0.000000 0.000000 1.000000
0.985295 0.159953 0.060078 0.000000 -0.163804 0.984295 0.065819 14.907100 -0.048606 -0.074692 0.996021 -5.902900 0.000000 0.000000 0.000000 1.000000
0.987429 0.144664 0.063689 0.000000 -0.148147 0.987499 0.053835 14.907100 -0.055104 -0.062594 0.996517 -5.902900 0.000000 0.000000 0.000000 1.000000
0.990205 0.120243 0.070963 0.000000 -0.124324 0.990649 0.056191 14.907100 -0.063543 -0.064463 0.995895 -5.902900 0.000000 0.000000 0.000000 1.000000
0.992828 0.089177 0.079619 -0.000000 -0.094305 0.993539 0.063146 14.907100 -0.073473 -0.070202 0.994823 -5.902900 0.000000 0.000000 0.000000 1.000000
0.995118 0.053947 0.082637 0.000000 -0.057944 0.997224 0.046758 14.907100 -0.079885 -0.051318 0.995482 -5.902900 0.000000 0.000000 0.000000 1.000000
0.996571 0.026584 0.078358 0.000000 -0.026612 0.999646 -0.000694 14.907100 -0.078348 -0.001393 0.996925 -5.902900 0.000000 0.000000 0.000000 1.000000
0.997261 0.017053 0.071968 -0.000000 -0.013187 0.998462 -0.053849 14.907100 -0.072776 0.052753 0.995952 -5.902900 0.000000 0.000000 0.000000 1.000000
0.997416 0.021573 0.068532 0.000000 -0.015483 0.995983 -0.088189 14.907100 -0.070159 0.086900 0.993744 -5.902900 0.000000 0.000000 0.000000 1.000000
0.997205 0.030143 0.068363 -0.000000 -0.022882 0.994250 -0.104615 14.907100 -0.071123 0.102758 0.992160 -5.902900 0.000000 0.000000 0.000000 1.000000
0.997003 0.037688 0.067567 -0.000000 -0.029709 0.992872 -0.115425 14.907100 -0.071436 0.113072 0.991015 -5.902900 0.000000 0.000000 0.000000 1.000000
0.997129 0.043466 0.062006 0.000000 -0.035359 0.991358 -0.126330 14.907100 -0.066962 0.123775 0.990048 -5.902900 0.000000 0.000000 0.000000 1.000000
0.997565 0.046225 0.052225 0.000000 -0.038733 0.989905 -0.136335 14.907100 -0.058000 0.133980 0.989285 -5.902900 0.000000 0.000000 0.000000 1.000000
0.998176 0.042917 0.042457 0.000000 -0.036425 0.989001 -0.143350 14.907100 -0.048143 0.141542 0.988761 -5.902900 0.000000 0.000000 0.000000 1.000000
0.998988 0.029950 0.033553 0.000000 -0.024747 0.988977 -0.145987 14.907100 -0.037555 0.145009 0.988717 -5.902900 0.000000 0.000000 0.000000 1.000000
0.999749 0.006577 0.021429 0.000000 -0.003415 0.989515 -0.144388 14.907100 -0.022154 0.144278 0.989289 -5.902900 0.000000 0.000000 0.000000 1.000000
0.999713 -0.023817 0.002747 0.000000 0.023967 0.989778 -0.140592 14.907100 0.000629 0.140617 0.990064 -5.902900 0.000000 0.000000 0.000000 1.000000</float_array>
        <technique_common>
          <accessor source="#mixamorig_Neck-Matrix-animation-output-transform-array" count="31" stride="16">
            <param type="float4x4"/>
          </accessor>
        </technique_common>
      </source>
      <source id="mixamorig_Neck-Interpolations">
        <Name_array id="mixamorig_Neck-Interpolations-array" count="31">
 LINEAR LINEAR LINEAR LINEAR LINEAR LINEAR LINEAR LINEAR LINEAR LINEAR LINEAR
LINEAR LINEAR LINEAR LINEAR LINEAR LINEAR LINEAR LINEAR LINEAR LINEAR LINEAR LINEAR
LINEAR LINEAR LINEAR LINEAR LINEAR LINEAR LINEAR LINEAR</Name_array>
        <technique_common>
          <accessor source="#mixamorig_Neck-Interpolations-array" count="31">
            <param type="name"/>
          </accessor>
        </technique_common>
      </source>
      <sampler id="mixamorig_Neck-Matrix-animation-transform">
        <input semantic="INPUT" source="#mixamorig_Neck-Matrix-animation-input"/>
        <input semantic="OUTPUT" source="#mixamorig_Neck-Matrix-animation-output-transform"/>
        <input semantic="INTERPOLATION" source="#mixamorig_Neck-Interpolations"/>
      </sampler>
      <channel source="#mixamorig_Neck-Matrix-animation-transform" target="mixamorig_Neck/matrix"/>
    </animation>
    <animation id="mixamorig_Head-anim" name="mixamorig_Head">
      <source id="mixamorig_Head-Matrix-animation-input">
        <float_array id="mixamorig_Head-Matrix-animation-input-array" count="31">

0.000000 0.033333 0.066667 0.100000 0.133333 0.166667 0.200000 0.233333 0.266667 0.300000 0.333333 0.366667 0.400000 0.433333 0.466667 0.500000
0.533333 0.566667 0.600000 0.633333 0.666667 0.700000 0.733333 0.766667 0.800000 0.833333 0.866667 0.900000 0.933333 0.966667 1.000000</float_array>
        <technique_common>
          <accessor source="#mixamorig_Head-Matrix-animation-input-array" count="31">
            <param name="TIME" type="float"/>
          </accessor>
        </technique_common>
      </source>
      <source id="mixamorig_Head-Matrix-animation-output-transform">
        <float_array id="mixamorig_Head-Matrix-animation-output-transform-array" count="496">

0.992245 -0.111747 0.054436 0.000000 0.124199 0.873599 -0.470531 10.914100 0.005025 0.473643 0.880703 1.211700 0.000000 0.000000 0.000000 1.000000
0.969960 -0.238651 -0.047146 0.000000 0.196648 0.883312 -0.425547 10.914100 0.143202 0.403493 0.903707 1.211700 0.000000 0.000000 0.000000 1.000000
0.945057 -0.297187 -0.136187 0.000000 0.219147 0.885068 -0.410644 10.914100 0.242573 0.358237 0.901568 1.211700 0.000000 0.000000 0.000000 1.000000
0.936209 -0.279289 -0.213332 0.000000 0.180204 0.902631 -0.390875 10.914100 0.301727 0.327497 0.895381 1.211700 0.000000 0.000000 0.000000 1.000000
0.931311 -0.222084 -0.288684 0.000000 0.119058 0.934680 -0.334960 10.914100 0.344216 0.277582 0.896919 1.211700 0.000000 0.000000 0.000000 1.000000
0.912070 -0.172179 -0.372134 0.000000 0.083620 0.966596 -0.242279 10.914100 0.401418 0.189858 0.896001 1.211700 0.000000 0.000000 0.000000 1.000000
0.879664 -0.134739 -0.456109 -0.000000 0.083845 0.987944 -0.130142 10.914100 0.468146 0.076239 0.880356 1.211700 0.000000 0.000000 0.000000 1.000000
0.856106 -0.094089 -0.508163 0.000000 0.107012 0.994250 -0.003807 10.914100 0.505600 -0.051120 0.861252 1.211700 0.000000 0.000000 0.000000 1.000000
0.866646 -0.060878 -0.495195 0.000000 0.147823 0.979294 0.138316 10.914100 0.476521 -0.193073 0.857701 1.211700 0.000000 0.000000 0.000000 1.000000
0.907175 -0.059426 -0.416535 0.000000 0.193438 0.938056 0.287460 10.914100 0.373650 -0.341351 0.862476 1.211700 0.000000 0.000000 0.000000 1.000000
0.946719 -0.088632 -0.309624 -0.000000 0.221222 0.877656 0.425182 10.914100 0.234059 -0.471024 0.850502 1.211700 0.000000 0.000000 0.000000 1.000000
0.968900 -0.131122 -0.209857 0.000000 0.225915 0.814773 0.533954 10.914100 0.100972 -0.564758 0.819056 1.211700 0.000000 0.000000 0.000000 1.000000
0.978295 -0.175154 -0.110720 0.000000 0.205873 0.760866 0.615385 10.914100 -0.023544 -0.624823 0.780411 1.211700 0.000000 0.000000 0.000000 1.000000
0.978760 -0.204749 0.010319 0.000000 0.144305 0.723824 0.674726 10.914100 -0.145619 -0.658906 0.737996 1.211700 0.000000 0.000000 0.000000 1.000000
0.968696 -0.201984 0.144328 0.000000 0.046173 0.717830 0.694686 10.914100 -0.243919 -0.666275 0.704685 1.211700 0.000000 0.000000 0.000000 1.000000
0.947916 -0.175244 0.265981 0.000000 -0.043616 0.755768 0.653386 10.914100 -0.315521 -0.630955 0.708761 1.211700 0.000000 0.000000 0.000000 1.000000
0.912465 -0.154820 0.378732 0.000000 -0.088641 0.828861 0.552388 10.914100 -0.399437 -0.537606 0.742583 1.211700 0.000000 0.000000 0.000000 1.000000
0.852244 -0.142233 0.503437 0.000000 -0.093125 0.905714 0.413534 10.914100 -0.514789 -0.399314 0.758644 1.211700 0.000000 0.000000 0.000000 1.000000
0.768615 -0.101388 0.631626 0.000000 -0.079585 0.964535 0.251672 10.914100 -0.634742 -0.243707 0.733287 1.211700 0.000000 0.000000 0.000000 1.000000
0.690106 -0.014258 0.723568 0.000000 -0.051017 0.996360 0.068292 10.914100 -0.721908 -0.084043 0.686867 1.211700 0.000000 0.000000 0.000000 1.000000
0.653454 0.093279 0.751197 0.000000 -0.006531 0.993036 -0.117628 10.914100 -0.756938 0.071959 0.649513 1.211700 0.000000 0.000000 0.000000 1.000000
0.663052 0.186146 0.725060 0.000000 0.032014 0.960651 -0.275906 10.914100 -0.747888 0.206152 0.631003 1.211700 0.000000 0.000000 0.000000 1.000000
0.690369 0.250898 0.678558 0.000000 0.046256 0.920711 -0.387495 10.914100 -0.721977 0.298902 0.624025 1.211700 0.000000 0.000000 0.000000 1.000000
0.716092 0.285841 0.636795 0.000000 0.041698 0.893158 -0.447806 10.914100 -0.696760 0.347224 0.627664 1.211700 0.000000 0.000000 0.000000 1.000000
0.751380 0.286820 0.594274 0.000000 0.033151 0.883049 -0.468109 10.914100 -0.659036 0.371428 0.653997 1.211700 0.000000 0.000000 0.000000 1.000000
0.809931 0.259737 0.525880 0.000000 0.026481 0.879493 -0.475175 10.914100 -0.585928 0.398784 0.705450 1.211700 0.000000 0.000000 0.000000 1.000000
0.873640 0.230565 0.428477 0.000000 0.013407 0.868862 -0.494873 10.914100 -0.486387 0.438086 0.755981 1.211700 0.000000 0.000000 0.000000 1.000000
0.917311 0.214126 0.335693 -0.000000 -0.008483 0.853407 -0.521177 10.914100 -0.398080 0.475234 0.784656 1.211700 0.000000 0.000000 0.000000 1.000000
0.947588 0.178597 0.264914 -0.000000 -0.013374 0.850615 -0.525620 10.914100 -0.319214 0.494528 0.808421 1.211700 0.000000 0.000000 0.000000 1.000000
0.980008 0.074570 0.184456 -0.000000 0.028014 0.866151 -0.498997 10.914100 -0.196977 0.494188 0.846746 1.211700 0.000000 0.000000 0.000000 1.000000
0.992245 -0.111747 0.054436 0.000000 0.124199 0.873599 -0.470531 10.914100 0.005025 0.473643 0.880703 1.211700 0.000000 0.000000 0.000000 1.000000</float_array>
        <technique_common>
