<?xml version="1.0" encoding="utf-8"?>
<COLLADA xmlns="http://www.collada.org/2005/11/COLLADASchema" version="1.4.1">
  <asset>
    <contributor>
      <author>Mixamo</author>
      <authoring_tool>COLLADA Mixamo exporter</authoring_tool>
      <comments/>
    </contributor>
    <created>2024-12-02T03:36:09Z</created>
    <modified>2024-12-02T03:36:09Z</modified>
    <revision/>
    <title/>
    <unit meter="0.010000"/>
    <up_axis>Y_UP</up_axis>
  </asset>
  <library_animations>
    <animation id="mixamorig_Hips-anim" name="mixamorig_Hips">
      <source id="mixamorig_Hips-Matrix-animation-input">
        <float_array id="mixamorig_Hips-Matrix-animation-input-array" count="106">

0.000000 0.033333 0.066667 0.100000 0.133333 0.166667 0.200000 0.233333 0.266667 0.300000 0.333333 0.366667 0.400000 0.433333 0.466667 0.500000
0.533333 0.566667 0.600000 0.633333 0.666667 0.700000 0.733333 0.766667 0.800000 0.833333 0.866667 0.900000 0.933333 0.966667 1.000000 1.033333
1.066667 1.100000 1.133333 1.166667 1.200000 1.233333 1.266667 1.300000 1.333333 1.366667 1.400000 1.433333 1.466667 1.500000 1.533333 1.566667
1.600000 1.633333 1.666667 1.700000 1.733333 1.766667 1.800000 1.833333 1.866667 1.900000 1.933333 1.966667 2.000000 2.033333 2.066667 2.100000
2.133333 2.166667 2.200000 2.233333 2.266667 2.300000 2.333333 2.366667 2.400000 2.433333 2.466667 2.500000 2.533333 2.566667 2.600000 2.633333
2.666667 2.700000 2.733333 2.766667 2.800000 2.833333 2.866667 2.900000 2.933333 2.966667 3.000000 3.033333 3.066667 3.100000 3.133333 3.166667
3.200000 3.233333 3.266667 3.300000 3.333333 3.366667 3.400000 3.433333 3.466667 3.500000</float_array>
        <technique_common>
          <accessor source="#mixamorig_Hips-Matrix-animation-input-array" count="106">
            <param name="TIME" type="float"/>
          </accessor>
        </technique_common>
      </source>
      <source id="mixamorig_Hips-Matrix-animation-output-transform">
        <float_array id="mixamorig_Hips-Matrix-animation-output-transform-array" count="1696">

0.521746 -0.062064 -0.850840 0.184666 0.073347 0.996921 -0.027743 105.218552 0.849942 -0.047932 0.524692 0.169503 0.000000 0.000000 0.000000 1.000000
0.543947 -0.038076 -0.838255 0.410793 0.043824 0.998896 -0.016935 104.992836 0.837974 -0.027524 0.545015 -0.520747 0.000000 0.000000 0.000000 1.000000
0.561909 -0.018252 -0.826997 0.439685 0.017132 0.999799 -0.010426 104.309547 0.827021 -0.008310 0.562109 -1.472839 0.000000 0.000000 0.000000 1.000000
0.579957 0.006524 -0.814621 -2.321969 -0.005222 0.999977 0.004291 104.194382 0.814630 0.001766 0.579978 -0.479224 0.000000 0.000000 0.000000 1.000000
0.605189 0.050070 -0.794506 -6.895569 -0.030836 0.998746 0.039454 104.254372 0.795484 0.000622 0.605974 2.680069 0.000000 0.000000 0.000000 1.000000
0.640047 0.098934 -0.761940 -10.778484 -0.051518 0.994970 0.085915 104.445511 0.766607 -0.015736 0.641924 6.236872 0.000000 0.000000 0.000000 1.000000
0.656272 0.092983 -0.748773 -13.516497 -0.047706 0.995506 0.081810 104.728958 0.753015 -0.017969 0.657759 9.962114 0.000000 0.000000 0.000000 1.000000
0.678063 0.115782 -0.725827 -15.814323 -0.059105 0.992906 0.103170 104.940430 0.732623 -0.027055 0.680096 13.540667 0.000000 0.000000 0.000000 1.000000
0.717718 0.134913 -0.683139 -17.333941 -0.073820 0.990265 0.118011 105.115776 0.692410 -0.034270 0.720690 16.107927 0.000000 0.000000 0.000000 1.000000
0.745975 0.149450 -0.648989 -18.368124 -0.090742 0.988216 0.123264 105.311150 0.659763 -0.033061 0.750746 17.807602 0.000000 0.000000 0.000000 1.000000
0.749054 0.155513 -0.643999 -19.158506 -0.102287 0.987551 0.119501 105.467064 0.654565 -0.023640 0.755636 18.935379 0.000000 0.000000 0.000000 1.000000
0.732227 0.162410 -0.661412 -19.800098 -0.118501 0.986719 0.111101 105.575829 0.670672 -0.002973 0.741748 19.702871 0.000000 0.000000 0.000000 1.000000
0.711854 0.174795 -0.680228 -20.419088 -0.135805 0.984513 0.110867 105.641342 0.689072 0.013457 0.724568 20.154797 0.000000 0.000000 0.000000 1.000000
0.698719 0.181216 -0.692064 -20.919357 -0.145430 0.983166 0.110612 105.636993 0.700458 0.023360 0.713311 20.105230 0.000000 0.000000 0.000000 1.000000
0.691908 0.178867 -0.699479 -21.488207 -0.145884 0.983478 0.107185 105.609657 0.707094 0.027881 0.706570 19.740885 0.000000 0.000000 0.000000 1.000000
0.691020 0.170201 -0.702512 -22.055264 -0.140155 0.984988 0.100776 105.562057 0.709118 0.028823 0.704501 19.296379 0.000000 0.000000 0.000000 1.000000
0.697048 0.165251 -0.697722 -22.520132 -0.140688 0.985686 0.092902 105.514130 0.703087 0.033404 0.710319 18.872715 0.000000 0.000000 0.000000 1.000000
0.709076 0.173609 -0.683426 -22.898987 -0.153374 0.983985 0.090829 105.466682 0.688250 0.040415 0.724347 18.481131 0.000000 0.000000 0.000000 1.000000
0.729828 0.167540 -0.662783 -23.354929 -0.153760 0.984893 0.079650 105.407272 0.666115 0.043779 0.744564 18.083183 0.000000 0.000000 0.000000 1.000000
0.752490 0.161069 -0.638605 -24.075430 -0.148744 0.986144 0.073455 105.373116 0.641588 0.039714 0.766021 17.676655 0.000000 0.000000 0.000000 1.000000
0.771015 0.157742 -0.616972 -24.966377 -0.152714 0.986365 0.061342 105.367065 0.618235 0.046925 0.784591 17.315538 0.000000 0.000000 0.000000 1.000000
0.782314 0.153312 -0.603722 -25.977537 -0.155106 0.986654 0.049566 105.367592 0.603263 0.054864 0.795653 16.956934 0.000000 0.000000 0.000000 1.000000
0.789088 0.155596 -0.594248 -27.143404 -0.159858 0.986071 0.045917 105.315636 0.593115 0.058763 0.802970 16.604757 0.000000 0.000000 0.000000 1.000000
0.796309 0.153067 -0.585204 -28.234783 -0.161922 0.986087 0.037590 105.146851 0.582816 0.064824 0.810015 16.269175 0.000000 0.000000 0.000000 1.000000
0.801364 0.153830 -0.578059 -29.442823 -0.165055 0.985715 0.033498 104.922058 0.574955 0.068567 0.815307 15.953968 0.000000 0.000000 0.000000 1.000000
0.803848 0.152264 -0.575017 -30.700148 -0.165456 0.985769 0.029731 104.640564 0.571361 0.071241 0.817601 15.660178 0.000000 0.000000 0.000000 1.000000
0.804112 0.151231 -0.574920 -32.059525 -0.165714 0.985789 0.027533 104.346138 0.570914 0.073133 0.817746 15.507345 0.000000 0.000000 0.000000 1.000000
0.801957 0.153066 -0.577440 -33.525185 -0.166942 0.985529 0.029389 104.005348 0.573582 0.072831 0.815904 15.508791 0.000000 0.000000 0.000000 1.000000
0.796753 0.155027 -0.584081 -35.116692 -0.168294 0.985220 0.031926 103.620552 0.580398 0.072860 0.811067 15.560452 0.000000 0.000000 0.000000 1.000000
0.787038 0.156858 -0.596629 -36.808712 -0.169122 0.984943 0.035852 103.111687 0.593269 0.072686 0.801716 15.747859 0.000000 0.000000 0.000000 1.000000
0.774309 0.160084 -0.612224 -38.653255 -0.169192 0.984624 0.043472 102.451088 0.609770 0.069923 0.789488 16.029266 0.000000 0.000000 0.000000 1.000000
0.755397 0.162798 -0.634722 -40.601181 -0.168096 0.984376 0.052426 101.468300 0.633340 0.067092 0.770960 16.369930 0.000000 0.000000 0.000000 1.000000
0.733633 0.165940 -0.658974 -42.724476 -0.166972 0.984017 0.061901 99.906433 0.658713 0.064618 0.749614 16.802237 0.000000 0.000000 0.000000 1.000000
0.708786 0.168905 -0.684904 -45.134304 -0.163248 0.983830 0.073683 98.185226 0.686274 0.059584 0.724898 17.331858 0.000000 0.000000 0.000000 1.000000
0.679880 0.165625 -0.714375 -47.662567 -0.154177 0.984671 0.081560 96.001175 0.716933 0.054689 0.694994 17.779877 0.000000 0.000000 0.000000 1.000000
0.648006 0.163501 -0.743879 -50.358757 -0.143559 0.985400 0.091529 93.060051 0.747983 0.047479 0.662017 18.181265 0.000000 0.000000 0.000000 1.000000
0.609896 0.160264 -0.776107 -53.144253 -0.130619 0.986273 0.101018 89.265503 0.781643 0.039764 0.622458 18.480116 0.000000 0.000000 0.000000 1.000000
0.564266 0.150132 -0.811827 -56.067173 -0.114292 0.988064 0.103284 84.787422 0.817643 0.034506 0.574690 18.805141 0.000000 0.000000 0.000000 1.000000
0.505252 0.147961 -0.850193 -59.188469 -0.099842 0.988599 0.112713 79.895035 0.857177 0.027937 0.514264 19.199539 0.000000 0.000000 0.000000 1.000000
0.439917 0.146581 -0.885995 -62.641132 -0.084164 0.988976 0.121830 74.866959 0.894086 0.020974 0.447404 19.814005 0.000000 0.000000 0.000000 1.000000
0.374371 0.143483 -0.916111 -66.201492 -0.074312 0.989421 0.124597 69.799858 0.924297 0.021433 0.381073 20.491230 0.000000 0.000000 0.000000 1.000000
0.289656 0.113309 -0.950400 -69.511627 -0.051097 0.993382 0.102861 64.829575 0.955766 0.018768 0.293529 21.174309 0.000000 0.000000 0.000000 1.000000
0.213028 0.083128 -0.973503 -73.002136 -0.034166 0.996398 0.077606 60.145424 0.976449 0.016728 0.215101 21.752338 0.000000 0.000000 0.000000 1.000000
0.149659 0.059262 -0.986960 -76.494102 -0.016163 0.998215 0.057487 55.793163 0.988606 0.007349 0.150349 22.246058 0.000000 0.000000 0.000000 1.000000
0.107487 0.041102 -0.993357 -79.032143 -0.010937 0.999134 0.040157 52.081879 0.994146 0.006548 0.107844 22.830261 0.000000 0.000000 0.000000 1.000000
0.076808 -0.030645 -0.996575 -81.144852 -0.007449 0.999482 -0.031309 51.740974 0.997018 0.009828 0.076540 23.235332 0.000000 0.000000 0.000000 1.000000
0.045942 -0.073673 -0.996224 -84.068100 -0.007233 0.997226 -0.074081 52.773170 0.998918 0.010609 0.045281 22.719196 0.000000 0.000000 0.000000 1.000000
0.016483 -0.131765 -0.991144 -87.781555 -0.032350 0.990689 -0.132243 54.379570 0.999341 0.034243 0.012067 22.547068 0.000000 0.000000 0.000000 1.000000
-0.015336 -0.182590 -0.983069 -91.830986 -0.059052 0.981634 -0.181403 56.299400 0.998137 0.055271 -0.025836 23.007139 0.000000 0.000000 0.000000 1.000000
-0.043468 -0.233781 -0.971317 -95.616356 -0.066972 0.970731 -0.230643 57.756466 0.996808 0.055025 -0.057853 23.733925 0.000000 0.000000 0.000000 1.000000
-0.033996 -0.298253 -0.953881 -99.313896 -0.050726 0.953718 -0.296394 58.525238 0.998134 0.038310 -0.047552 24.388769 0.000000 0.000000 0.000000 1.000000
-0.035835 -0.331042 -0.942935 -103.250511 -0.041324 0.943225 -0.329573 58.299965 0.998503 0.027155 -0.047481 24.545879 0.000000 0.000000 0.000000 1.000000
-0.015806 -0.377657 -0.925811 -107.225883 -0.034523 0.925580 -0.376974 57.192989 0.999279 0.026004 -0.027668 24.708872 0.000000 0.000000 0.000000 1.000000
0.009750 -0.420112 -0.907420 -111.425743 -0.025214 0.907071 -0.420222 55.368374 0.999635 0.026977 -0.001748 24.858814 0.000000 0.000000 0.000000 1.000000
0.016238 -0.473754 -0.880507 -116.006271 -0.028752 0.880038 -0.474032 53.248367 0.999455 0.033013 0.000669 24.927156 0.000000 0.000000 0.000000 1.000000
0.000499 -0.539868 -0.841750 -121.011253 -0.040817 0.841037 -0.539435 51.001637 0.999167 0.034627 -0.021616 25.053772 0.000000 0.000000 0.000000 1.000000
-0.011685 -0.605998 -0.795380 -126.187836 -0.051255 0.794752 -0.604766 48.318222 0.998617 0.033700 -0.040347 25.313559 0.000000 0.000000 0.000000 1.000000
-0.008066 -0.680616 -0.732596 -131.383682 -0.048448 0.732025 -0.679553 45.122128 0.998793 0.030012 -0.038880 25.573257 0.000000 0.000000 0.000000 1.000000
0.009668 -0.755512 -0.655063 -136.591522 -0.037817 0.654349 -0.755247 41.029446 0.999238 0.032075 -0.022245 25.814327 0.000000 0.000000 0.000000 1.000000
0.013628 -0.824862 -0.565170 -141.662018 -0.025201 0.564759 -0.824871 36.285446 0.999590 0.025484 -0.013091 26.184988 0.000000 0.000000 0.000000 1.000000
0.021496 -0.888193 -0.458967 -146.621536 -0.015938 0.458710 -0.888443 31.171383 0.999642 0.026413 -0.004295 26.811457 0.000000 0.000000 0.000000 1.000000
0.042646 -0.944335 -0.326210 -151.591858 0.014361 0.327053 -0.944897 24.936392 0.998987 0.035611 0.027509 27.598188 0.000000 0.000000 0.000000 1.000000
0.051701 -0.995368 -0.081055 -155.570221 0.043169 0.083315 -0.995588 20.882401 0.997729 0.047974 0.047276 27.847631 0.000000 0.000000 0.000000 1.000000
0.035576 -0.992296 0.118674 -159.613907 0.057678 -0.116513 -0.991513 22.966242 0.997701 0.042119 0.053088 28.053167 0.000000 0.000000 0.000000 1.000000
0.015833 -0.981468 0.190969 -163.683853 0.065424 -0.189566 -0.979686 26.915762 0.997732 0.028005 0.061210 28.084240 0.000000 0.000000 0.000000 1.000000
0.007496 -0.969194 0.246186 -167.973099 0.057525 -0.245367 -0.967722 31.374649 0.998316 0.021416 0.053914 27.702106 0.000000 0.000000 0.000000 1.000000
0.010505 -0.954254 0.298813 -171.885254 0.024135 -0.298501 -0.954104 35.736359 0.999654 0.017235 0.019895 27.715500 0.000000 0.000000 0.000000 1.000000
0.005649 -0.938956 0.343991 -175.586945 0.022153 -0.343795 -0.938783 39.221222 0.999739 0.012923 0.018858 28.014383 0.000000 0.000000 0.000000 1.000000
-0.000406 -0.925368 0.379071 -178.779938 0.029836 -0.378913 -0.924951 41.549564 0.999555 0.010934 0.027764 28.450199 0.000000 0.000000 0.000000 1.000000
-0.002779 -0.909171 0.416414 -181.835175 -0.005890 -0.416393 -0.909165 42.878792 0.999979 -0.004980 -0.004198 29.147541 0.000000 0.000000 0.000000 1.000000
0.007752 -0.900241 0.435323 -184.310867 -0.061630 -0.434939 -0.898349 42.893417 0.998069 -0.019865 -0.058853 29.872507 0.000000 0.000000 0.000000 1.000000
0.024464 -0.898440 0.438414 -185.696289 -0.109203 -0.438323 -0.892159 42.372929 0.993718 -0.026050 -0.108835 30.536287 0.000000 0.000000 0.000000 1.000000
0.032204 -0.900626 0.433401 -185.845428 -0.139234 -0.433440 -0.890361 41.278103 0.989736 -0.031671 -0.139356 31.238520 0.000000 0.000000 0.000000 1.000000
0.025378 -0.907455 0.419382 -184.891190 -0.157986 -0.417886 -0.894657 39.705070 0.987115 -0.043552 -0.153970 32.075668 0.000000 0.000000 0.000000 1.000000
0.015729 -0.920670 0.390025 -182.986847 -0.171045 -0.386801 -0.906161 37.538223 0.985138 -0.052459 -0.163560 32.737347 0.000000 0.000000 0.000000 1.000000
0.003136 -0.938999 0.343906 -180.325165 -0.187318 -0.338372 -0.922180 34.916370 0.982294 -0.061528 -0.176953 33.343834 0.000000 0.000000 0.000000 1.000000
-0.018547 -0.962489 0.270684 -177.128326 -0.205449 -0.261285 -0.943144 31.699448 0.978492 -0.073104 -0.192896 33.973717 0.000000 0.000000 0.000000 1.000000
-0.056396 -0.980265 0.189473 -173.743225 -0.222096 -0.172702 -0.959608 28.164032 0.973392 -0.096199 -0.207973 34.875546 0.000000 0.000000 0.000000 1.000000
-0.104092 -0.983946 0.144966 -171.907043 -0.203215 -0.121642 -0.971549 25.319767 0.973585 -0.130590 -0.187291 35.109077 0.000000 0.000000 0.000000 1.000000
-0.118272 -0.986064 0.117002 -170.203247 -0.188600 -0.093377 -0.977605 22.643478 0.974906 -0.137690 -0.174928 34.923100 0.000000 0.000000 0.000000 1.000000
-0.118806 -0.986517 0.112555 -169.485580 -0.200579 -0.087176 -0.975791 20.515064 0.972447 -0.138506 -0.187517 35.601025 0.000000 0.000000 0.000000 1.000000
-0.121129 -0.983871 0.131625 -169.251953 -0.223757 -0.102125 -0.969280 19.693295 0.967089 -0.146860 -0.207778 36.466587 0.000000 0.000000 0.000000 1.000000
-0.108095 -0.985094 0.133812 -167.907745 -0.216810 -0.108001 -0.970221 19.950304 0.970211 -0.133888 -0.201903 36.016365 0.000000 0.000000 0.000000 1.000000
-0.085944 -0.992720 0.084385 -166.685165 -0.184899 -0.067335 -0.980448 20.076260 0.978992 -0.099866 -0.177766 35.385311 0.000000 0.000000 0.000000 1.000000
-0.062149 -0.997825 0.021974 -166.084641 -0.137650 -0.013237 -0.990392 19.747257 0.988529 -0.064577 -0.136528 34.398190 0.000000 0.000000 0.000000 1.000000
-0.052329 -0.998618 0.004927 -165.909988 -0.100108 0.000337 -0.994977 19.155890 0.993600 -0.052560 -0.099987 33.359436 0.000000 0.000000 0.000000 1.000000
-0.038904 -0.999237 0.003363 -165.870621 -0.080139 -0.000234 -0.996784 18.730890 0.996024 -0.039049 -0.080069 32.471889 0.000000 0.000000 0.000000 1.000000
-0.031063 -0.999452 0.011468 -165.962585 -0.078121 -0.009011 -0.996903 18.570402 0.996460 -0.031862 -0.077798 32.079861 0.000000 0.000000 0.000000 1.000000
-0.027877 -0.999084 0.032472 -166.316284 -0.068704 -0.030493 -0.997171 18.752165 0.997248 -0.030029 -0.067791 31.798845 0.000000 0.000000 0.000000 1.000000
-0.022528 -0.998260 0.054490 -166.772308 -0.046122 -0.053408 -0.997507 19.039759 0.998682 -0.024985 -0.044838 31.348722 0.000000 0.000000 0.000000 1.000000
-0.016841 -0.997732 0.065177 -167.053635 -0.022219 -0.064797 -0.997651 19.013325 0.999611 -0.018250 -0.021077 30.889824 0.000000 0.000000 0.000000 1.000000
-0.014106 -0.997682 0.066568 -167.315094 -0.008148 -0.066458 -0.997756 18.867790 0.999867 -0.014617 -0.007192 30.586245 0.000000 0.000000 0.000000 1.000000
-0.017838 -0.997734 0.064875 -167.501297 -0.005504 -0.064787 -0.997884 18.784849 0.999826 -0.018157 -0.004336 30.569569 0.000000 0.000000 0.000000 1.000000
-0.023960 -0.997527 0.066068 -167.567551 -0.012187 -0.065790 -0.997759 18.816517 0.999639 -0.024711 -0.010581 30.806471 0.000000 0.000000 0.000000 1.000000
-0.028933 -0.997045 0.071159 -167.592682 -0.024507 -0.070460 -0.997214 18.927849 0.999281 -0.030596 -0.022396 31.136110 0.000000 0.000000 0.000000 1.000000
-0.033505 -0.996655 0.074534 -167.544937 -0.040385 -0.073165 -0.996502 19.005089 0.998622 -0.036398 -0.037798 31.558447 0.000000 0.000000 0.000000 1.000000
-0.036629 -0.996684 0.072662 -167.553406 -0.056386 -0.070534 -0.995914 19.084517 0.997737 -0.040576 -0.053616 31.946863 0.000000 0.000000 0.000000 1.000000
-0.038132 -0.996881 0.069100 -167.571869 -0.068476 -0.066381 -0.995442 19.112831 0.996924 -0.042690 -0.065731 32.261063 0.000000 0.000000 0.000000 1.000000
-0.038903 -0.996916 0.068158 -167.605621 -0.077596 -0.064990 -0.994864 19.114220 0.996226 -0.043992 -0.074828 32.478497 0.000000 0.000000 0.000000 1.000000
-0.040853 -0.996640 0.070993 -167.641724 -0.081291 -0.067501 -0.994402 19.139246 0.995853 -0.046395 -0.078260 32.663795 0.000000 0.000000 0.000000 1.000000
-0.042570 -0.996301 0.074641 -167.709198 -0.082143 -0.070966 -0.994091 19.190929 0.995711 -0.048450 -0.078819 32.801323 0.000000 0.000000 0.000000 1.000000
-0.043200 -0.996183 0.075855 -167.773193 -0.080281 -0.072219 -0.994153 19.217800 0.995836 -0.049037 -0.076855 32.820782 0.000000 0.000000 0.000000 1.000000
-0.042463 -0.996201 0.076024 -167.846237 -0.075904 -0.072656 -0.994465 19.226646 0.996211 -0.047998 -0.072531 32.722176 0.000000 0.000000 0.000000 1.000000
-0.040945 -0.996322 0.075269 -167.887970 -0.072184 -0.072185 -0.994776 19.237152 0.996551 -0.046165 -0.068962 32.551979 0.000000 0.000000 0.000000 1.000000
-0.039398 -0.996480 0.073999 -167.904404 -0.067405 -0.071237 -0.995179 19.244747 0.996948 -0.044196 -0.064361 32.376816 0.000000 0.000000 0.000000 1.000000
-0.038525 -0.996574 0.073181 -167.908371 -0.061229 -0.070743 -0.995614 19.243908 0.997380 -0.042836 -0.058294 32.240837 0.000000 0.000000 0.000000 1.000000</float_array>
        <technique_common>
          <accessor source="#mixamorig_Hips-Matrix-animation-output-transform-array" count="106" stride="16">
            <param type="float4x4"/>
          </accessor>
        </technique_common>
      </source>
      <source id="mixamorig_Hips-Interpolations">
        <Name_array id="mixamorig_Hips-Interpolations-array" count="106">
 LINEAR LINEAR LINEAR LINEAR LINEAR LINEAR LINEAR LINEAR LINEAR LINEAR LINEAR
LINEAR LINEAR LINEAR LINEAR LINEAR LINEAR LINEAR LINEAR LINEAR LINEAR LINEAR LINEAR
LINEAR LINEAR LINEAR LINEAR LINEAR LINEAR LINEAR LINEAR LINEAR LINEAR LINEAR LINEAR
LINEAR LINEAR LINEAR LINEAR LINEAR LINEAR LINEAR LINEAR LINEAR LINEAR LINEAR LINEAR
LINEAR LINEAR LINEAR LINEAR LINEAR LINEAR LINEAR LINEAR LINEAR LINEAR LINEAR LINEAR
LINEAR LINEAR LINEAR LINEAR LINEAR LINEAR LINEAR LINEAR LINEAR LINEAR LINEAR LINEAR
LINEAR LINEAR LINEAR LINEAR LINEAR LINEAR LINEAR LINEAR LINEAR LINEAR LINEAR LINEAR
LINEAR LINEAR LINEAR LINEAR LINEAR LINEAR LINEAR LINEAR LINEAR LINEAR LINEAR LINEAR
LINEAR LINEAR LINEAR LINEAR LINEAR LINEAR LINEAR LINEAR LINEAR LINEAR LINEAR</Name_array>
        <technique_common>
          <accessor source="#mixamorig_Hips-Interpolations-array" count="106">
            <param type="name"/>
          </accessor>
        </technique_common>
      </source>
      <sampler id="mixamorig_Hips-Matrix-animation-transform">
        <input semantic="INPUT" source="#mixamorig_Hips-Matrix-animation-input"/>
        <input semantic="OUTPUT" source="#mixamorig_Hips-Matrix-animation-output-transform"/>
        <input semantic="INTERPOLATION" source="#mixamorig_Hips-Interpolations"/>
      </sampler>
      <channel source="#mixamorig_Hips-Matrix-animation-transform" target="mixamorig_Hips/matrix"/>
    </animation>
    <animation id="mixamorig_Spine-anim" name="mixamorig_Spine">
      <source id="mixamorig_Spine-Matrix-animation-input">
        <float_array id="mixamorig_Spine-Matrix-animation-input-array" count="106">

0.000000 0.033333 0.066667 0.100000 0.133333 0.166667 0.200000 0.233333 0.266667 0.300000 0.333333 0.366667 0.400000 0.433333 0.466667 0.500000
0.533333 0.566667 0.600000 0.633333 0.666667 0.700000 0.733333 0.766667 0.800000 0.833333 0.866667 0.900000 0.933333 0.966667 1.000000 1.033333
1.066667 1.100000 1.133333 1.166667 1.200000 1.233333 1.266667 1.300000 1.333333 1.366667 1.400000 1.433333 1.466667 1.500000 1.533333 1.566667
1.600000 1.633333 1.666667 1.700000 1.733333 1.766667 1.800000 1.833333 1.866667 1.900000 1.933333 1.966667 2.000000 2.033333 2.066667 2.100000
2.133333 2.166667 2.200000 2.233333 2.266667 2.300000 2.333333 2.366667 2.400000 2.433333 2.466667 2.500000 2.533333 2.566667 2.600000 2.633333
2.666667 2.700000 2.733333 2.766667 2.800000 2.833333 2.866667 2.900000 2.933333 2.966667 3.000000 3.033333 3.066667 3.100000 3.133333 3.166667
3.200000 3.233333 3.266667 3.300000 3.333333 3.366667 3.400000 3.433333 3.466667 3.500000</float_array>
        <technique_common>
          <accessor source="#mixamorig_Spine-Matrix-animation-input-array" count="106">
            <param name="TIME" type="float"/>
          </accessor>
        </technique_common>
      </source>
      <source id="mixamorig_Spine-Matrix-animation-output-transform">
        <float_array id="mixamorig_Spine-Matrix-animation-output-transform-array" count="1696">

0.998630 0.052229 0.003332 -0.000900 -0.050905 0.984147 -0.169895 9.938600 -0.012152 0.169492 0.985457 0.799700 0.000000 0.000000 0.000000 1.000000
0.998471 0.055144 -0.003930 -0.000900 -0.055032 0.984645 -0.165669 9.938600 -0.005266 0.165632 0.986174 0.799700 0.000000 0.000000 0.000000 1.000000
0.998003 0.060745 -0.017298 -0.000900 -0.062700 0.985856 -0.155422 9.938600 0.007612 0.156196 0.987697 0.799700 0.000000 0.000000 0.000000 1.000000
0.997542 0.064595 -0.027159 -0.000900 -0.067833 0.987381 -0.143099 9.938600 0.017573 0.144590 0.989336 0.799700 0.000000 0.000000 0.000000 1.000000
0.997560 0.063156 -0.029765 -0.000900 -0.066463 0.989575 -0.127764 9.938600 0.021386 0.129430 0.991358 0.799700 0.000000 0.000000 0.000000 1.000000
0.998117 0.054556 -0.028024 -0.000900 -0.057045 0.993607 -0.097423 9.938600 0.022530 0.098838 0.994848 0.799700 0.000000 0.000000 0.000000 1.000000
0.998845 0.042049 -0.023257 -0.000900 -0.043403 0.997184 -0.061150 9.938600 0.020620 0.062089 0.997858 0.799700 0.000000 0.000000 0.000000 1.000000
0.999559 0.023155 -0.018594 -0.000900 -0.023853 0.998984 -0.038240 9.938600 0.017689 0.038667 0.999096 0.799700 0.000000 0.000000 0.000000 1.000000
0.999877 0.002886 -0.015391 -0.000900 -0.003421 0.999386 -0.034864 9.938600 0.015280 0.034912 0.999274 0.799700 0.000000 0.000000 0.000000 1.000000
0.999806 -0.013291 -0.014561 -0.000900 0.012695 0.999109 -0.040253 9.938600 0.015083 0.040060 0.999083 0.799700 0.000000 0.000000 0.000000 1.000000
0.999645 -0.021849 -0.015230 -0.000900 0.021170 0.998833 -0.043408 9.938600 0.016161 0.043070 0.998941 0.799700 0.000000 0.000000 0.000000 1.000000
0.999546 -0.025687 -0.015773 -0.000900 0.024989 0.998764 -0.042967 9.938600 0.016857 0.042553 0.998952 0.799700 0.000000 0.000000 0.000000 1.000000
0.999476 -0.028587 -0.015191 -0.000900 0.027912 0.998688 -0.042923 9.938600 0.016398 0.042477 0.998963 0.799700 0.000000 0.000000 0.000000 1.000000
0.999474 -0.029551 -0.013381 -0.000900 0.028931 0.998597 -0.044346 9.938600 0.014673 0.043935 0.998927 0.799700 0.000000 0.000000 0.000000 1.000000
0.999592 -0.026359 -0.011028 -0.000900 0.025837 0.998650 -0.045059 9.938600 0.012201 0.044756 0.998923 0.799700 0.000000 0.000000 0.000000 1.000000
0.999772 -0.020050 -0.007353 -0.000900 0.019698 0.998783 -0.045216 9.938600 0.008250 0.045061 0.998950 0.799700 0.000000 0.000000 0.000000 1.000000
0.999873 -0.015896 -0.001314 -0.000900 0.015814 0.998701 -0.048431 9.938600 0.002083 0.048404 0.998826 0.799700 0.000000 0.000000 0.000000 1.000000
0.999856 -0.015580 0.006772 -0.000900 0.015934 0.998319 -0.055727 9.938600 -0.005892 0.055827 0.998423 0.799700 0.000000 0.000000 0.000000 1.000000
0.999797 -0.012452 0.015833 -0.000900 0.013428 0.997916 -0.063118 9.938600 -0.015014 0.063318 0.997880 0.799700 0.000000 0.000000 0.000000 1.000000
0.999704 -0.005911 0.023608 -0.000900 0.007506 0.997653 -0.068059 9.938600 -0.023151 0.068216 0.997402 0.799700 0.000000 0.000000 0.000000 1.000000
0.999553 -0.001979 0.029842 -0.000900 0.004061 0.997548 -0.069871 9.938600 -0.029630 0.069961 0.997110 0.799700 0.000000 0.000000 0.000000 1.000000
0.999383 -0.000512 0.035122 -0.000900 0.002926 0.997631 -0.068724 9.938600 -0.035003 0.068785 0.997017 0.799700 0.000000 0.000000 0.000000 1.000000
0.999240 0.000681 0.038975 -0.000900 0.001936 0.997747 -0.067066 9.938600 -0.038933 0.067091 0.996987 0.799700 0.000000 0.000000 0.000000 1.000000
0.999171 0.002381 0.040638 -0.000900 0.000360 0.997731 -0.067321 9.938600 -0.040706 0.067280 0.996903 0.799700 0.000000 0.000000 0.000000 1.000000
0.999195 0.004374 0.039865 -0.000900 -0.001601 0.997593 -0.069330 9.938600 -0.040073 0.069210 0.996797 0.799700 0.000000 0.000000 0.000000 1.000000
0.999215 0.006458 0.039083 -0.000900 -0.003662 0.997456 -0.071190 9.938600 -0.039443 0.070991 0.996697 0.799700 0.000000 0.000000 0.000000 1.000000
0.999099 0.007342 0.041789 -0.000900 -0.004412 0.997552 -0.069786 9.938600 -0.042199 0.069539 0.996686 0.799700 0.000000 0.000000 0.000000 1.000000
0.998831 0.006244 0.047932 -0.000900 -0.003106 0.997863 -0.065274 9.938600 -0.048237 0.065048 0.996716 0.799700 0.000000 0.000000 0.000000 1.000000
0.998510 0.003425 0.054457 -0.000900 -0.000136 0.998181 -0.060294 9.938600 -0.054564 0.060197 0.996694 0.799700 0.000000 0.000000 0.000000 1.000000
0.998262 -0.000002 0.058931 -0.000900 0.003343 0.998392 -0.056593 9.938600 -0.058836 0.056692 0.996657 0.799700 0.000000 0.000000 0.000000 1.000000
0.998137 -0.004023 0.060888 -0.000900 0.007328 0.998505 -0.054164 9.938600 -0.060579 0.054510 0.996674 0.799700 0.000000 0.000000 0.000000 1.000000
0.998069 -0.008583 0.061511 -0.000900 0.011776 0.998591 -0.051734 9.938600 -0.060980 0.052359 0.996765 0.799700 0.000000 0.000000 0.000000 1.000000
0.997993 -0.013339 0.061907 -0.000900 0.016351 0.998694 -0.048408 9.938600 -0.061181 0.049323 0.996907 0.799700 0.000000 0.000000 0.000000 1.000000
0.997934 -0.018026 0.061662 -0.000900 0.020798 0.998788 -0.044611 9.938600 -0.060783 0.045801 0.997100 0.799700 0.000000 0.000000 0.000000 1.000000
0.997872 -0.021590 0.061519 -0.000900 0.024165 0.998849 -0.041426 9.938600 -0.060554 0.042824 0.997246 0.799700 0.000000 0.000000 0.000000 1.000000
0.997774 -0.023059 0.062579 -0.000900 0.025532 0.998912 -0.039024 9.938600 -0.061611 0.040535 0.997277 0.799700 0.000000 0.000000 0.000000 1.000000
0.997593 -0.023764 0.065143 -0.000900 0.026230 0.998961 -0.037264 9.938600 -0.064190 0.038883 0.997180 0.799700 0.000000 0.000000 0.000000 1.000000
0.997279 -0.023982 0.069708 -0.000900 0.026638 0.998944 -0.037427 9.938600 -0.068737 0.039182 0.996865 0.799700 0.000000 0.000000 0.000000 1.000000
0.996950 -0.026249 0.073493 -0.000900 0.029341 0.998715 -0.041316 9.938600 -0.072314 0.043347 0.996440 0.799700 0.000000 0.000000 0.000000 1.000000
0.996740 -0.030340 0.074764 -0.000900 0.034090 0.998197 -0.049405 9.938600 -0.073130 0.051793 0.995977 0.799700 0.000000 0.000000 0.000000 1.000000
0.996732 -0.034426 0.073076 -0.000900 0.038842 0.997449 -0.059894 9.938600 -0.070828 0.062536 0.995526 0.799700 0.000000 0.000000 0.000000 1.000000
0.997050 -0.035874 0.067860 -0.000900 0.040717 0.996617 -0.071388 9.938600 -0.065069 0.073940 0.995138 0.799700 0.000000 0.000000 0.000000 1.000000
0.997600 -0.033711 0.060477 -0.000900 0.038763 0.995677 -0.084411 9.938600 -0.057370 0.086553 0.994594 0.799700 0.000000 0.000000 0.000000 1.000000
0.998166 -0.027594 0.053873 -0.000900 0.032953 0.994314 -0.101262 9.938600 -0.050772 0.102852 0.993400 0.799700 0.000000 0.000000 0.000000 1.000000
0.998753 -0.019158 0.046104 -0.000900 0.024640 0.992293 -0.121440 9.938600 -0.043422 0.122425 0.991527 0.799700 0.000000 0.000000 0.000000 1.000000
0.999370 -0.006347 0.034912 -0.000900 0.011104 0.990398 -0.137799 9.938600 -0.033702 0.138099 0.989845 0.799700 0.000000 0.000000 0.000000 1.000000
0.999636 0.010018 0.025064 -0.000900 -0.006314 0.989600 -0.143708 9.938600 -0.026243 0.143497 0.989303 0.799700 0.000000 0.000000 0.000000 1.000000
0.999645 0.020713 0.016730 -0.000900 -0.018180 0.990057 -0.139488 9.938600 -0.019453 0.139134 0.990082 0.799700 0.000000 0.000000 0.000000 1.000000
0.999732 0.020441 0.010835 -0.000900 -0.018905 0.991761 -0.126698 9.938600 -0.013336 0.126459 0.991882 0.799700 0.000000 0.000000 0.000000 1.000000
0.999864 0.015196 0.006482 -0.000900 -0.014361 0.993423 -0.113594 9.938600 -0.008165 0.113485 0.993506 0.799700 0.000000 0.000000 0.000000 1.000000
0.999898 0.013981 0.002837 -0.000900 -0.013609 0.994459 -0.104244 9.938600 -0.004279 0.104195 0.994548 0.799700 0.000000 0.000000 0.000000 1.000000
0.999858 0.016831 0.000221 -0.000900 -0.016725 0.994849 -0.099977 9.938600 -0.001902 0.099959 0.994990 0.799700 0.000000 0.000000 0.000000 1.000000
0.999829 0.018379 -0.001869 -0.000900 -0.018474 0.994863 -0.099525 9.938600 0.000030 0.099543 0.995033 0.799700 0.000000 0.000000 0.000000 1.000000
0.999870 0.015798 -0.003360 -0.000900 -0.016052 0.995011 -0.098464 9.938600 0.001788 0.098505 0.995135 0.799700 0.000000 0.000000 0.000000 1.000000
0.999937 0.010733 -0.003378 -0.000900 -0.011007 0.995375 -0.095430 9.938600 0.002338 0.095461 0.995430 0.799700 0.000000 0.000000 0.000000 1.000000
0.999978 0.006436 -0.001263 -0.000900 -0.006523 0.995911 -0.090105 9.938600 0.000678 0.090111 0.995931 0.799700 0.000000 0.000000 0.000000 1.000000
0.999997 0.001950 0.001158 -0.000900 -0.001848 0.996581 -0.082597 9.938600 -0.001315 0.082595 0.996582 0.799700 0.000000 0.000000 0.000000 1.000000
0.999992 -0.002943 0.002840 -0.000900 0.003146 0.997218 -0.074479 9.938600 -0.002613 0.074487 0.997219 0.799700 0.000000 0.000000 0.000000 1.000000
0.999950 -0.008708 0.004963 -0.000900 0.009026 0.997642 -0.068036 9.938600 -0.004359 0.068078 0.997670 0.799700 0.000000 0.000000 0.000000 1.000000
0.999850 -0.014052 0.010131 -0.000900 0.014679 0.997793 -0.064761 9.938600 -0.009198 0.064900 0.997849 0.799700 0.000000 0.000000 0.000000 1.000000
0.999580 -0.024825 0.014975 -0.000900 0.025686 0.997848 -0.060332 9.938600 -0.013445 0.060691 0.998066 0.799700 0.000000 0.000000 0.000000 1.000000
0.999033 -0.039156 0.019986 -0.000900 0.040135 0.997880 -0.051231 9.938600 -0.017937 0.051983 0.998487 0.799700 0.000000 0.000000 0.000000 1.000000
0.998432 -0.050426 0.024325 -0.000900 0.051364 0.997893 -0.039628 9.938600 -0.022275 0.040815 0.998918 0.799700 0.000000 0.000000 0.000000 1.000000
0.998292 -0.052996 0.024577 -0.000900 0.053838 0.997937 -0.034972 9.938600 -0.022673 0.036236 0.999086 0.799700 0.000000 0.000000 0.000000 1.000000
0.998750 -0.047546 0.015443 -0.000900 0.048176 0.997898 -0.043346 9.938600 -0.013350 0.044035 0.998941 0.799700 0.000000 0.000000 0.000000 1.000000
0.999246 -0.038735 0.002818 -0.000900 0.038831 0.997758 -0.054508 9.938600 -0.000700 0.054576 0.998509 0.799700 0.000000 0.000000 0.000000 1.000000
0.999578 -0.028807 -0.003651 -0.000900 0.028577 0.998218 -0.052388 9.938600 0.005154 0.052262 0.998620 0.799700 0.000000 0.000000 0.000000 1.000000
0.999759 -0.021733 -0.002959 -0.000900 0.021597 0.998972 -0.039855 9.938600 0.003822 0.039781 0.999201 0.799700 0.000000 0.000000 0.000000 1.000000
0.999848 -0.017435 -0.000074 -0.000900 0.017425 0.999425 -0.029075 9.938600 0.000580 0.029069 0.999577 0.799700 0.000000 0.000000 0.000000 1.000000
0.999915 -0.011803 0.005595 -0.000900 0.011911 0.999735 -0.019689 9.938600 -0.005362 0.019754 0.999790 0.799700 0.000000 0.000000 0.000000 1.000000
0.999872 -0.005580 0.015019 -0.000900 0.005744 0.999924 -0.010872 9.938600 -0.014957 0.010957 0.999828 0.799700 0.000000 0.000000 0.000000 1.000000
0.999710 -0.003716 0.023811 -0.000900 0.003746 0.999992 -0.001206 9.938600 -0.023806 0.001295 0.999716 0.799700 0.000000 0.000000 0.000000 1.000000
0.999564 -0.006690 0.028764 -0.000900 0.006399 0.999928 0.010171 9.938600 -0.028830 -0.009982 0.999534 0.799700 0.000000 0.000000 0.000000 1.000000
0.999403 -0.010563 0.032885 -0.000900 0.009887 0.999738 0.020633 9.938600 -0.033095 -0.020296 0.999246 0.799700 0.000000 0.000000 0.000000 1.000000
0.999237 -0.013036 0.036829 -0.000900 0.012137 0.999626 0.024522 9.938600 -0.037135 -0.024057 0.999021 0.799700 0.000000 0.000000 0.000000 1.000000
0.999130 -0.013348 0.039520 -0.000900 0.012717 0.999789 0.016153 9.938600 -0.039727 -0.015637 0.999088 0.799700 0.000000 0.000000 0.000000 1.000000
0.999101 -0.010216 0.041144 -0.000900 0.010438 0.999932 -0.005192 9.938600 -0.041089 0.005617 0.999140 0.799700 0.000000 0.000000 0.000000 1.000000
0.999163 -0.002547 0.040818 -0.000900 0.003849 0.999485 -0.031855 9.938600 -0.040716 0.031986 0.998659 0.799700 0.000000 0.000000 0.000000 1.000000
0.999138 0.013943 0.039106 -0.000900 -0.011842 0.998500 -0.053461 9.938600 -0.039793 0.052952 0.997804 0.799700 0.000000 0.000000 0.000000 1.000000
0.999040 0.026991 0.034492 -0.000900 -0.024793 0.997729 -0.062630 9.938600 -0.036104 0.061714 0.997441 0.799700 0.000000 0.000000 0.000000 1.000000
0.999154 0.026966 0.031052 -0.000900 -0.025049 0.997850 -0.060556 9.938600 -0.032618 0.059727 0.997682 0.799700 0.000000 0.000000 0.000000 1.000000
0.999240 0.022793 0.031627 -0.000900 -0.020993 0.998204 -0.056111 9.938600 -0.032849 0.055405 0.997923 0.799700 0.000000 0.000000 0.000000 1.000000
0.999284 0.019434 0.032472 -0.000900 -0.017403 0.997944 -0.061688 9.938600 -0.033604 0.061078 0.997567 0.799700 0.000000 0.000000 0.000000 1.000000
0.999423 0.014285 0.030814 -0.000900 -0.011697 0.996513 -0.082618 9.938600 -0.031887 0.082210 0.996105 0.799700 0.000000 0.000000 0.000000 1.000000
0.999617 0.006131 0.026989 -0.000900 -0.003076 0.993726 -0.111800 9.938600 -0.027505 0.111674 0.993364 0.799700 0.000000 0.000000 0.000000 1.000000
0.999768 0.003093 0.021313 -0.000900 -0.000313 0.991613 -0.129240 9.938600 -0.021534 0.129203 0.991384 0.799700 0.000000 0.000000 0.000000 1.000000
0.999841 -0.001215 0.017807 -0.000900 0.003568 0.991151 -0.132695 9.938600 -0.017488 0.132737 0.990997 0.799700 0.000000 0.000000 0.000000 1.000000
0.999860 -0.005566 0.015772 -0.000900 0.007525 0.991875 -0.126992 9.938600 -0.014937 0.127093 0.991778 0.799700 0.000000 0.000000 0.000000 1.000000
0.999894 -0.005920 0.013291 -0.000900 0.007436 0.993090 -0.117118 9.938600 -0.012506 0.117204 0.993029 0.799700 0.000000 0.000000 0.000000 1.000000
0.999924 -0.006742 0.010273 -0.000900 0.007797 0.994294 -0.106388 9.938600 -0.009497 0.106460 0.994272 0.799700 0.000000 0.000000 0.000000 1.000000
0.999948 -0.007333 0.007142 -0.000900 0.007997 0.995167 -0.097867 9.938600 -0.006389 0.097919 0.995174 0.799700 0.000000 0.000000 0.000000 1.000000
0.999957 -0.007842 0.004932 -0.000900 0.008268 0.995613 -0.093199 9.938600 -0.004180 0.093235 0.995635 0.799700 0.000000 0.000000 0.000000 1.000000
0.999961 -0.007779 0.004073 -0.000900 0.008120 0.995753 -0.091707 9.938600 -0.003342 0.091737 0.995778 0.799700 0.000000 0.000000 0.000000 1.000000
0.999961 -0.007379 0.004760 -0.000900 0.007784 0.995763 -0.091628 9.938600 -0.004063 0.091662 0.995782 0.799700 0.000000 0.000000 0.000000 1.000000
0.999955 -0.006959 0.006517 -0.000900 0.007528 0.995759 -0.091692 9.938600 -0.005851 0.091737 0.995766 0.799700 0.000000 0.000000 0.000000 1.000000
0.999940 -0.006514 0.008781 -0.000900 0.007298 0.995703 -0.092314 9.938600 -0.008142 0.092373 0.995691 0.799700 0.000000 0.000000 0.000000 1.000000
0.999922 -0.005918 0.011013 -0.000900 0.006930 0.995525 -0.094242 9.938600 -0.010406 0.094311 0.995488 0.799700 0.000000 0.000000 0.000000 1.000000
0.999903 -0.005390 0.012871 -0.000900 0.006612 0.995278 -0.096837 9.938600 -0.012288 0.096913 0.995217 0.799700 0.000000 0.000000 0.000000 1.000000
0.999888 -0.004914 0.014149 -0.000900 0.006287 0.995098 -0.098695 9.938600 -0.013595 0.098773 0.995017 0.799700 0.000000 0.000000 0.000000 1.000000
0.999882 -0.004427 0.014731 -0.000900 0.005874 0.995004 -0.099659 9.938600 -0.014216 0.099734 0.994913 0.799700 0.000000 0.000000 0.000000 1.000000
0.999883 -0.004090 0.014773 -0.000900 0.005552 0.994937 -0.100352 9.938600 -0.014288 0.100422 0.994842 0.799700 0.000000 0.000000 0.000000 1.000000
0.999887 -0.004070 0.014496 -0.000900 0.005511 0.994894 -0.100777 9.938600 -0.014012 0.100845 0.994803 0.799700 0.000000 0.000000 0.000000 1.000000
0.999893 -0.004298 0.014007 -0.000900 0.005692 0.994865 -0.101053 9.938600 -0.013501 0.101122 0.994782 0.799700 0.000000 0.000000 0.000000 1.000000
0.999900 -0.004623 0.013385 -0.000900 0.005955 0.994842 -0.101257 9.938600 -0.012848 0.101327 0.994770 0.799700 0.000000 0.000000 0.000000 1.000000
0.999909 -0.004932 0.012577 -0.000900 0.006182 0.994827 -0.101391 9.938600 -0.012012 0.101459 0.994767 0.799700 0.000000 0.000000 0.000000 1.000000
0.999919 -0.005030 0.011732 -0.000900 0.006195 0.994822 -0.101439 9.938600 -0.011161 0.101504 0.994773 0.799700 0.000000 0.000000 0.000000 1.000000</float_array>
        <technique_common>
          <accessor source="#mixamorig_Spine-Matrix-animation-output-transform-array" count="106" stride="16">
            <param type="float4x4"/>
          </accessor>
        </technique_common>
      </source>
      <source id="mixamorig_Spine-Interpolations">
        <Name_array id="mixamorig_Spine-Interpolations-array" count="106">
 LINEAR LINEAR LINEAR LINEAR LINEAR LINEAR LINEAR LINEAR LINEAR LINEAR LINEAR
LINEAR LINEAR LINEAR LINEAR LINEAR LINEAR LINEAR LINEAR LINEAR LINEAR LINEAR LINEAR
LINEAR LINEAR LINEAR LINEAR LINEAR LINEAR LINEAR LINEAR LINEAR LINEAR LINEAR LINEAR
LINEAR LINEAR LINEAR LINEAR LINEAR LINEAR LINEAR LINEAR LINEAR LINEAR LINEAR LINEAR
LINEAR LINEAR LINEAR LINEAR LINEAR LINEAR LINEAR LINEAR LINEAR LINEAR LINEAR LINEAR
LINEAR LINEAR LINEAR LINEAR LINEAR LINEAR LINEAR LINEAR LINEAR LINEAR LINEAR LINEAR
LINEAR LINEAR LINEAR LINEAR LINEAR LINEAR LINEAR LINEAR LINEAR LINEAR LINEAR LINEAR
LINEAR LINEAR LINEAR LINEAR LINEAR LINEAR LINEAR LINEAR LINEAR LINEAR LINEAR LINEAR
LINEAR LINEAR LINEAR LINEAR LINEAR LINEAR LINEAR LINEAR LINEAR LINEAR LINEAR</Name_array>
        <technique_common>
          <accessor source="#mixamorig_Spine-Interpolations-array" count="106">
            <param type="name"/>
          </accessor>
        </technique_common>
      </source>
      <sampler id="mixamorig_Spine-Matrix-animation-transform">
        <input semantic="INPUT" source="#mixamorig_Spine-Matrix-animation-input"/>
        <input semantic="OUTPUT" source="#mixamorig_Spine-Matrix-animation-output-transform"/>
        <input semantic="INTERPOLATION" source="#mixamorig_Spine-Interpolations"/>
      </sampler>
      <channel source="#mixamorig_Spine-Matrix-animation-transform" target="mixamorig_Spine/matrix"/>
    </animation>
    <animation id="mixamorig_Spine1-anim" name="mixamorig_Spine1">
      <source id="mixamorig_Spine1-Matrix-animation-input">
        <float_array id="mixamorig_Spine1-Matrix-animation-input-array" count="106">

0.000000 0.033333 0.066667 0.100000 0.133333 0.166667 0.200000 0.233333 0.266667 0.300000 0.333333 0.366667 0.400000 0.433333 0.466667 0.500000
0.533333 0.566667 0.600000 0.633333 0.666667 0.700000 0.733333 0.766667 0.800000 0.833333 0.866667 0.900000 0.933333 0.966667 1.000000 1.033333
1.066667 1.100000 1.133333 1.166667 1.200000 1.233333 1.266667 1.300000 1.333333 1.366667 1.400000 1.433333 1.466667 1.500000 1.533333 1.566667
1.600000 1.633333 1.666667 1.700000 1.733333 1.766667 1.800000 1.833333 1.866667 1.900000 1.933333 1.966667 2.000000 2.033333 2.066667 2.100000
