<?xml version="1.0" encoding="utf-8"?>
<COLLADA xmlns="http://www.collada.org/2005/11/COLLADASchema" version="1.4.1">
  <asset>
    <contributor>
      <author>Mixamo</author>
      <authoring_tool>COLLADA Mixamo exporter</authoring_tool>
      <comments/>
    </contributor>
    <created>2024-12-02T03:46:24Z</created>
    <modified>2024-12-02T03:46:24Z</modified>
    <revision/>
    <title/>
    <unit meter="0.010000"/>
    <up_axis>Y_UP</up_axis>
  </asset>
  <library_animations>
    <animation id="mixamorig_Hips-anim" name="mixamorig_Hips">
      <source id="mixamorig_Hips-Matrix-animation-input">
        <float_array id="mixamorig_Hips-Matrix-animation-input-array" count="35">

0.000000 0.033333 0.066667 0.100000 0.133333 0.166667 0.200000 0.233333 0.266667 0.300000 0.333333 0.366667 0.400000 0.433333 0.466667 0.500000
0.533333 0.566667 0.600000 0.633333 0.666667 0.700000 0.733333 0.766667 0.800000 0.833333 0.866667 0.900000 0.933333 0.966667 1.000000 1.033333
1.066667 1.100000 1.133333</float_array>
        <technique_common>
          <accessor source="#mixamorig_Hips-Matrix-animation-input-array" count="35">
            <param name="TIME" type="float"/>
          </accessor>
        </technique_common>
      </source>
      <source id="mixamorig_Hips-Matrix-animation-output-transform">
        <float_array id="mixamorig_Hips-Matrix-animation-output-transform-array" count="560">

0.897002 0.029162 -0.441064 0.372822 -0.045283 0.998634 -0.026066 106.704002 0.439701 0.043354 0.897097 -0.376942 0.000000 0.000000 0.000000 1.000000
0.891097 0.015481 -0.453549 0.742548 -0.036320 0.998645 -0.037272 107.768791 0.452358 0.049686 0.890451 6.047943 0.000000 0.000000 0.000000 1.000000
0.884183 0.001813 -0.467137 1.171664 -0.028760 0.998307 -0.050561 108.867126 0.466254 0.058140 0.882738 13.050614 0.000000 0.000000 0.000000 1.000000
0.876661 -0.010526 -0.480993 1.659830 -0.023820 0.997585 -0.065247 110.138130 0.480518 0.068657 0.874293 20.229719 0.000000 0.000000 0.000000 1.000000
0.868991 -0.022296 -0.494326 2.156499 -0.018165 0.996874 -0.076897 111.559509 0.494495 0.075802 0.865869 27.347292 0.000000 0.000000 0.000000 1.000000
0.859795 -0.029573 -0.509783 2.700481 -0.017148 0.996086 -0.086706 112.865944 0.510352 0.083291 0.855923 34.589249 0.000000 0.000000 0.000000 1.000000
0.849484 -0.032319 -0.526623 3.380701 -0.016054 0.996077 -0.087026 113.607597 0.527369 0.082382 0.845633 42.044701 0.000000 0.000000 0.000000 1.000000
0.838009 -0.025433 -0.545064 4.087839 -0.017597 0.997134 -0.073581 113.660927 0.545373 0.071253 0.835159 49.661510 0.000000 0.000000 0.000000 1.000000
0.826264 -0.017707 -0.563005 4.793027 -0.017736 0.998192 -0.057423 112.957184 0.563004 0.057432 0.824456 57.570473 0.000000 0.000000 0.000000 1.000000
0.818165 -0.012994 -0.574837 5.542277 -0.015465 0.998886 -0.044591 111.227142 0.574776 0.045372 0.817052 65.858536 0.000000 0.000000 0.000000 1.000000
0.814024 -0.014983 -0.580638 6.304436 -0.008525 0.999251 -0.037737 109.161438 0.580769 0.035669 0.813287 74.167747 0.000000 0.000000 0.000000 1.000000
0.821573 -0.033916 -0.569094 7.045996 0.010151 0.998941 -0.044879 107.605667 0.570013 0.031094 0.821047 81.602226 0.000000 0.000000 0.000000 1.000000
0.828451 -0.038075 -0.558765 7.507583 0.026435 0.999233 -0.028896 106.185982 0.559437 0.009168 0.828822 88.610329 0.000000 0.000000 0.000000 1.000000
0.823979 -0.047266 -0.564646 7.897782 0.042410 0.998864 -0.021725 104.870384 0.565031 -0.006045 0.825047 95.313889 0.000000 0.000000 0.000000 1.000000
0.817151 -0.073120 -0.571768 8.179061 0.067810 0.997228 -0.030617 104.226997 0.572422 -0.013753 0.819844 101.749588 0.000000 0.000000 0.000000 1.000000
0.821844 -0.080983 -0.563927 8.154560 0.069708 0.996702 -0.041542 104.395027 0.565432 -0.005169 0.824779 109.173187 0.000000 0.000000 0.000000 1.000000
0.831002 -0.079126 -0.550614 7.997963 0.064141 0.996859 -0.046450 105.210411 0.552560 0.003283 0.833467 117.122406 0.000000 0.000000 0.000000 1.000000
0.841330 -0.074304 -0.535390 7.744241 0.060473 0.997227 -0.043371 106.546707 0.537128 0.004113 0.843491 125.508049 0.000000 0.000000 0.000000 1.000000
0.848904 -0.067896 -0.524169 7.456344 0.051924 0.997631 -0.045132 108.359695 0.525991 0.011096 0.850418 134.226120 0.000000 0.000000 0.000000 1.000000
0.856330 -0.059888 -0.512944 7.038230 0.039579 0.997943 -0.050439 110.243637 0.514910 0.022890 0.856939 142.968445 0.000000 0.000000 0.000000 1.000000
0.861940 -0.048595 -0.504676 6.582370 0.021200 0.997980 -0.059886 111.920387 0.506567 0.040919 0.861229 151.475952 0.000000 0.000000 0.000000 1.000000
0.864790 -0.033818 -0.500994 6.172498 -0.001264 0.997580 -0.069522 113.032608 0.502132 0.060755 0.862654 159.530243 0.000000 0.000000 0.000000 1.000000
0.867388 -0.018446 -0.497290 5.806092 -0.022653 0.996813 -0.076486 112.937561 0.497116 0.077608 0.864206 167.063309 0.000000 0.000000 0.000000 1.000000
0.876137 -0.011757 -0.481919 5.288245 -0.029478 0.996525 -0.077903 111.682419 0.481161 0.082460 0.872746 174.703934 0.000000 0.000000 0.000000 1.000000
0.887028 -0.004675 -0.461692 4.702870 -0.033785 0.996611 -0.075001 110.366051 0.460478 0.082127 0.883864 181.903214 0.000000 0.000000 0.000000 1.000000
0.900661 0.002149 -0.434518 4.083803 -0.035985 0.996922 -0.069660 108.671249 0.433030 0.078376 0.897965 188.777588 0.000000 0.000000 0.000000 1.000000
0.913685 0.012225 -0.406239 3.462225 -0.040910 0.997237 -0.062000 106.997421 0.404359 0.073268 0.911661 195.032883 0.000000 0.000000 0.000000 1.000000
0.923250 0.022837 -0.383520 2.833138 -0.046174 0.997592 -0.051752 105.696838 0.381415 0.065489 0.922081 201.008316 0.000000 0.000000 0.000000 1.000000
0.922717 0.031840 -0.384161 2.258034 -0.045959 0.998561 -0.027627 105.111168 0.382729 0.043147 0.922853 206.952835 0.000000 0.000000 0.000000 1.000000
0.916962 0.037866 -0.397173 1.757351 -0.043204 0.999056 -0.004499 104.747520 0.396628 0.021285 0.917733 213.005829 0.000000 0.000000 0.000000 1.000000
0.912266 0.044584 -0.407166 1.326300 -0.048205 0.998837 0.001365 104.618614 0.406753 0.018383 0.913353 218.861435 0.000000 0.000000 0.000000 1.000000
0.906966 0.046753 -0.418602 0.959912 -0.050926 0.998702 0.001204 104.893776 0.418115 0.020226 0.908169 225.035278 0.000000 0.000000 0.000000 1.000000
0.902439 0.042844 -0.428682 0.665674 -0.049043 0.998791 -0.003420 105.462242 0.428017 0.024110 0.903449 231.242584 0.000000 0.000000 0.000000 1.000000
0.899352 0.035287 -0.435799 0.461429 -0.046052 0.998839 -0.014161 106.136742 0.434794 0.032805 0.899932 237.095688 0.000000 0.000000 0.000000 1.000000
0.897002 0.029162 -0.441064 0.372724 -0.045283 0.998634 -0.026066 106.704109 0.439701 0.043354 0.897097 242.733826 0.000000 0.000000 0.000000 1.000000</float_array>
        <technique_common>
          <accessor source="#mixamorig_Hips-Matrix-animation-output-transform-array" count="35" stride="16">
            <param type="float4x4"/>
          </accessor>
        </technique_common>
      </source>
      <source id="mixamorig_Hips-Interpolations">
        <Name_array id="mixamorig_Hips-Interpolations-array" count="35">
 LINEAR LINEAR LINEAR LINEAR LINEAR LINEAR LINEAR LINEAR LINEAR LINEAR LINEAR
LINEAR LINEAR LINEAR LINEAR LINEAR LINEAR LINEAR LINEAR LINEAR LINEAR LINEAR LINEAR
LINEAR LINEAR LINEAR LINEAR LINEAR LINEAR LINEAR LINEAR LINEAR LINEAR LINEAR LINEAR</Name_array>
        <technique_common>
          <accessor source="#mixamorig_Hips-Interpolations-array" count="35">
            <param type="name"/>
          </accessor>
        </technique_common>
      </source>
      <sampler id="mixamorig_Hips-Matrix-animation-transform">
        <input semantic="INPUT" source="#mixamorig_Hips-Matrix-animation-input"/>
        <input semantic="OUTPUT" source="#mixamorig_Hips-Matrix-animation-output-transform"/>
        <input semantic="INTERPOLATION" source="#mixamorig_Hips-Interpolations"/>
      </sampler>
      <channel source="#mixamorig_Hips-Matrix-animation-transform" target="mixamorig_Hips/matrix"/>
    </animation>
    <animation id="mixamorig_Spine-anim" name="mixamorig_Spine">
      <source id="mixamorig_Spine-Matrix-animation-input">
        <float_array id="mixamorig_Spine-Matrix-animation-input-array" count="35">

0.000000 0.033333 0.066667 0.100000 0.133333 0.166667 0.200000 0.233333 0.266667 0.300000 0.333333 0.366667 0.400000 0.433333 0.466667 0.500000
0.533333 0.566667 0.600000 0.633333 0.666667 0.700000 0.733333 0.766667 0.800000 0.833333 0.866667 0.900000 0.933333 0.966667 1.000000 1.033333
1.066667 1.100000 1.133333</float_array>
        <technique_common>
          <accessor source="#mixamorig_Spine-Matrix-animation-input-array" count="35">
            <param name="TIME" type="float"/>
          </accessor>
        </technique_common>
      </source>
      <source id="mixamorig_Spine-Matrix-animation-output-transform">
        <float_array id="mixamorig_Spine-Matrix-animation-output-transform-array" count="560">

0.991284 0.105709 -0.078618 -0.000900 -0.120798 0.967476 -0.222258 9.938600 0.052566 0.229818 0.971813 0.799700 0.000000 0.000000 0.000000 1.000000
0.990514 0.114604 -0.075813 -0.000900 -0.128934 0.965933 -0.224386 9.938600 0.047515 0.232033 0.971547 0.799700 0.000000 0.000000 0.000000 1.000000
0.990711 0.115720 -0.071422 -0.000900 -0.128412 0.968943 -0.211330 9.938600 0.044749 0.218539 0.974802 0.799700 0.000000 0.000000 0.000000 1.000000
0.992279 0.104838 -0.066270 -0.000900 -0.115536 0.975638 -0.186498 9.938600 0.045103 0.192714 0.980218 0.799700 0.000000 0.000000 0.000000 1.000000
0.993627 0.094272 -0.061793 -0.000900 -0.103267 0.981076 -0.163784 9.938600 0.045183 0.169121 0.984559 0.799700 0.000000 0.000000 0.000000 1.000000
0.995067 0.080693 -0.057705 -0.000900 -0.088291 0.985591 -0.144275 9.938600 0.045232 0.148658 0.987854 0.799700 0.000000 0.000000 0.000000 1.000000
0.996121 0.070433 -0.052738 -0.000900 -0.077205 0.987155 -0.139876 9.938600 0.042209 0.143405 0.988764 0.799700 0.000000 0.000000 0.000000 1.000000
0.997164 0.059251 -0.046397 -0.000900 -0.065788 0.985699 -0.155144 9.938600 0.036541 0.157757 0.986802 0.799700 0.000000 0.000000 0.000000 1.000000
0.997973 0.049215 -0.040351 -0.000900 -0.055316 0.984310 -0.167551 9.938600 0.031471 0.169444 0.985037 0.799700 0.000000 0.000000 0.000000 1.000000
0.998251 0.046954 -0.035915 -0.000900 -0.052468 0.983634 -0.172368 9.938600 0.027234 0.173951 0.984378 0.799700 0.000000 0.000000 0.000000 1.000000
0.997792 0.057499 -0.033250 -0.000900 -0.062345 0.983426 -0.170256 9.938600 0.022910 0.171953 0.984839 0.799700 0.000000 0.000000 0.000000 1.000000
0.995200 0.090352 -0.037595 -0.000900 -0.095369 0.981583 -0.165528 9.938600 0.021946 0.168318 0.985488 0.799700 0.000000 0.000000 0.000000 1.000000
0.991186 0.125274 -0.043083 -0.000900 -0.131342 0.971740 -0.196140 9.938600 0.017294 0.200070 0.979629 0.799700 0.000000 0.000000 0.000000 1.000000
0.985240 0.164257 -0.048184 -0.000900 -0.170781 0.962387 -0.211292 9.938600 0.011665 0.216402 0.976235 0.799700 0.000000 0.000000 0.000000 1.000000
0.975512 0.212890 -0.055266 -0.000900 -0.219719 0.954657 -0.200883 9.938600 0.009994 0.208107 0.978055 0.799700 0.000000 0.000000 0.000000 1.000000
0.973546 0.220517 -0.059829 -0.000900 -0.227852 0.956501 -0.182179 9.938600 0.017052 0.190992 0.981443 0.799700 0.000000 0.000000 0.000000 1.000000
0.975840 0.209761 -0.061128 -0.000900 -0.217055 0.962702 -0.161532 9.938600 0.024965 0.170898 0.984972 0.799700 0.000000 0.000000 0.000000 1.000000
0.978689 0.195013 -0.064329 -0.000900 -0.202736 0.967420 -0.151648 9.938600 0.032660 0.161458 0.986339 0.799700 0.000000 0.000000 0.000000 1.000000
0.981839 0.177607 -0.066699 -0.000900 -0.185536 0.972312 -0.142081 9.938600 0.039617 0.151875 0.987605 0.799700 0.000000 0.000000 0.000000 1.000000
0.985169 0.157587 -0.067883 -0.000900 -0.165323 0.977679 -0.129659 9.938600 0.045935 0.138958 0.989232 0.799700 0.000000 0.000000 0.000000 1.000000
0.988738 0.133217 -0.068193 -0.000900 -0.140480 0.983266 -0.115993 9.938600 0.051599 0.124266 0.990906 0.799700 0.000000 0.000000 0.000000 1.000000
0.992357 0.104612 -0.065453 -0.000900 -0.111316 0.987797 -0.108932 9.938600 0.053259 0.115386 0.991892 0.799700 0.000000 0.000000 0.000000 1.000000
0.995221 0.074964 -0.062569 -0.000900 -0.080776 0.992079 -0.096199 9.938600 0.054862 0.100793 0.993394 0.799700 0.000000 0.000000 0.000000 1.000000
0.996438 0.054692 -0.064195 -0.000900 -0.059839 0.994899 -0.081211 9.938600 0.059426 0.084763 0.994627 0.799700 0.000000 0.000000 0.000000 1.000000
0.997198 0.033983 -0.066641 -0.000900 -0.038599 0.996853 -0.069238 9.938600 0.064078 0.071616 0.995372 0.799700 0.000000 0.000000 0.000000 1.000000
0.997284 0.013759 -0.072349 -0.000900 -0.017951 0.998178 -0.057606 9.938600 0.071425 0.058748 0.995714 0.799700 0.000000 0.000000 0.000000 1.000000
0.996887 -0.010084 -0.078202 -0.000900 0.006219 0.998754 -0.049511 9.938600 0.078604 0.048871 0.995707 0.799700 0.000000 0.000000 0.000000 1.000000
0.996170 -0.030933 -0.081780 -0.000900 0.027037 0.998466 -0.048324 9.938600 0.083150 0.045927 0.995478 0.799700 0.000000 0.000000 0.000000 1.000000
0.996084 -0.031149 -0.082746 -0.000900 0.025668 0.997456 -0.066502 9.938600 0.084607 0.064118 0.994349 0.799700 0.000000 0.000000 0.000000 1.000000
0.996413 -0.012177 -0.083739 -0.000900 0.004085 0.995360 -0.096132 9.938600 0.084521 0.095445 0.991840 0.799700 0.000000 0.000000 0.000000 1.000000
0.996463 0.005297 -0.083870 -0.000900 -0.015647 0.992254 -0.123234 9.938600 0.082568 0.124111 0.988827 0.799700 0.000000 0.000000 0.000000 1.000000
0.996262 0.026913 -0.082083 -0.000900 -0.038959 0.988087 -0.148884 9.938600 0.077098 0.151526 0.985442 0.799700 0.000000 0.000000 0.000000 1.000000
0.995428 0.052479 -0.079803 -0.000900 -0.065717 0.982633 -0.173534 9.938600 0.069311 0.177985 0.981589 0.799700 0.000000 0.000000 0.000000 1.000000
0.993699 0.079707 -0.078793 -0.000900 -0.093948 0.975735 -0.197777 9.938600 0.061117 0.203934 0.977075 0.799700 0.000000 0.000000 0.000000 1.000000
0.991284 0.105709 -0.078618 -0.000900 -0.120797 0.967476 -0.222258 9.938600 0.052567 0.229818 0.971813 0.799700 0.000000 0.000000 0.000000 1.000000</float_array>
        <technique_common>
          <accessor source="#mixamorig_Spine-Matrix-animation-output-transform-array" count="35" stride="16">
            <param type="float4x4"/>
          </accessor>
        </technique_common>
      </source>
      <source id="mixamorig_Spine-Interpolations">
        <Name_array id="mixamorig_Spine-Interpolations-array" count="35">
 LINEAR LINEAR LINEAR LINEAR LINEAR LINEAR LINEAR LINEAR LINEAR LINEAR LINEAR
LINEAR LINEAR LINEAR LINEAR LINEAR LINEAR LINEAR LINEAR LINEAR LINEAR LINEAR LINEAR
LINEAR LINEAR LINEAR LINEAR LINEAR LINEAR LINEAR LINEAR LINEAR LINEAR LINEAR LINEAR</Name_array>
        <technique_common>
          <accessor source="#mixamorig_Spine-Interpolations-array" count="35">
            <param type="name"/>
          </accessor>
        </technique_common>
      </source>
      <sampler id="mixamorig_Spine-Matrix-animation-transform">
        <input semantic="INPUT" source="#mixamorig_Spine-Matrix-animation-input"/>
        <input semantic="OUTPUT" source="#mixamorig_Spine-Matrix-animation-output-transform"/>
        <input semantic="INTERPOLATION" source="#mixamorig_Spine-Interpolations"/>
      </sampler>
      <channel source="#mixamorig_Spine-Matrix-animation-transform" target="mixamorig_Spine/matrix"/>
    </animation>
    <animation id="mixamorig_Spine1-anim" name="mixamorig_Spine1">
      <source id="mixamorig_Spine1-Matrix-animation-input">
        <float_array id="mixamorig_Spine1-Matrix-animation-input-array" count="35">

0.000000 0.033333 0.066667 0.100000 0.133333 0.166667 0.200000 0.233333 0.266667 0.300000 0.333333 0.366667 0.400000 0.433333 0.466667 0.500000
0.533333 0.566667 0.600000 0.633333 0.666667 0.700000 0.733333 0.766667 0.800000 0.833333 0.866667 0.900000 0.933333 0.966667 1.000000 1.033333
1.066667 1.100000 1.133333</float_array>
        <technique_common>
          <accessor source="#mixamorig_Spine1-Matrix-animation-input-array" count="35">
            <param name="TIME" type="float"/>
          </accessor>
        </technique_common>
      </source>
      <source id="mixamorig_Spine1-Matrix-animation-output-transform">
        <float_array id="mixamorig_Spine1-Matrix-animation-output-transform-array" count="560">

0.989459 -0.057230 -0.133025 0.000000 0.064020 0.996825 0.047337 11.597900 0.129894 -0.055354 0.989982 0.000000 0.000000 0.000000 0.000000 1.000000
0.990120 -0.057961 -0.127680 0.000000 0.065170 0.996465 0.053022 11.597900 0.124155 -0.060819 0.990397 -0.000000 0.000000 0.000000 0.000000 1.000000
0.991051 -0.055371 -0.121461 0.000000 0.062002 0.996746 0.051515 11.597900 0.118213 -0.058585 0.991259 0.000000 0.000000 0.000000 0.000000 1.000000
0.992147 -0.047504 -0.115704 0.000000 0.053005 0.997583 0.044935 11.597900 0.113289 -0.050715 0.992267 0.000000 0.000000 0.000000 0.000000 1.000000
0.993286 -0.038734 -0.109011 0.000000 0.043170 0.998321 0.038629 11.597900 0.107331 -0.043076 0.993290 0.000000 0.000000 0.000000 0.000000 1.000000
0.994267 -0.030203 -0.102572 -0.000000 0.033775 0.998876 0.033262 11.597900 0.101452 -0.036535 0.994169 0.000000 0.000000 0.000000 0.000000 1.000000
0.995161 -0.022875 -0.095557 0.000000 0.026058 0.999142 0.032196 11.597900 0.094739 -0.034530 0.994903 0.000000 0.000000 0.000000 0.000000 1.000000
0.996092 -0.016620 -0.086738 -0.000000 0.019766 0.999173 0.035533 11.597900 0.086076 -0.037109 0.995597 0.000000 0.000000 0.000000 0.000000 1.000000
0.996912 -0.011228 -0.077721 0.000000 0.014304 0.999131 0.039142 11.597900 0.077214 -0.040132 0.996207 0.000000 0.000000 0.000000 0.000000 1.000000
0.997306 -0.010559 -0.072593 0.000000 0.013676 0.998999 0.042583 11.597900 0.072070 -0.043461 0.996452 0.000000 0.000000 0.000000 0.000000 1.000000
0.997429 -0.018860 -0.069140 0.000000 0.022000 0.998747 0.044940 11.597900 0.068206 -0.046346 0.996594 0.000000 0.000000 0.000000 0.000000 1.000000
0.996885 -0.029956 -0.072961 0.000000 0.033374 0.998380 0.046088 11.597900 0.071463 -0.048379 0.996269 -0.000000 0.000000 0.000000 0.000000 1.000000
0.996329 -0.041843 -0.074680 0.000000 0.045731 0.997644 0.051129 11.597900 0.072365 -0.054357 0.995896 0.000000 0.000000 0.000000 0.000000 1.000000
0.995978 -0.052512 -0.072591 0.000000 0.056430 0.996998 0.053018 11.597900 0.069589 -0.056901 0.995952 -0.000000 0.000000 0.000000 0.000000 1.000000
0.995535 -0.059385 -0.073378 0.000000 0.063081 0.996799 0.049124 11.597900 0.070226 -0.053533 0.996094 0.000000 0.000000 0.000000 0.000000 1.000000
0.994855 -0.060817 -0.081020 0.000000 0.064232 0.997124 0.040221 11.597900 0.078341 -0.045218 0.995901 -0.000000 0.000000 0.000000 0.000000 1.000000
0.994453 -0.059107 -0.087006 -0.000000 0.061898 0.997640 0.029728 11.597900 0.085044 -0.034948 0.995764 0.000000 0.000000 0.000000 0.000000 1.000000
0.993862 -0.056724 -0.094981 0.000000 0.059020 0.998024 0.021541 11.597900 0.093571 -0.027014 0.995246 0.000000 0.000000 0.000000 0.000000 1.000000
0.993555 -0.053767 -0.099792 -0.000000 0.055575 0.998335 0.015425 11.597900 0.098797 -0.020872 0.994889 -0.000000 0.000000 0.000000 0.000000 1.000000
0.993485 -0.050360 -0.102231 0.000000 0.051504 0.998636 0.008581 11.597900 0.101659 -0.013790 0.994724 0.000000 0.000000 0.000000 0.000000 1.000000
0.993535 -0.046643 -0.103503 0.000000 0.047263 0.998876 0.003551 11.597900 0.103221 -0.008420 0.994623 0.000000 0.000000 0.000000 0.000000 1.000000
0.993851 -0.042638 -0.102186 0.000000 0.043324 0.999051 0.004502 11.597900 0.101898 -0.008901 0.994755 0.000000 0.000000 0.000000 0.000000 1.000000
0.993861 -0.038670 -0.103655 0.000000 0.039377 0.999213 0.004786 11.597900 0.103388 -0.008839 0.994602 -0.000000 0.000000 0.000000 0.000000 1.000000
0.993400 -0.034885 -0.109271 0.000000 0.035649 0.999352 0.005038 11.597900 0.109025 -0.008901 0.993999 -0.000000 0.000000 0.000000 0.000000 1.000000
0.992727 -0.031249 -0.116259 0.000000 0.031924 0.999482 0.003949 11.597900 0.116075 -0.007632 0.993211 -0.000000 0.000000 0.000000 0.000000 1.000000
0.991717 -0.027882 -0.125381 0.000000 0.028309 0.999598 0.001623 11.597900 0.125285 -0.005159 0.992107 0.000000 0.000000 0.000000 0.000000 1.000000
0.990727 -0.024736 -0.133598 0.000000 0.024759 0.999692 -0.001487 11.597900 0.133594 -0.001834 0.991034 0.000000 0.000000 0.000000 0.000000 1.000000
0.990293 -0.022121 -0.137224 0.000000 0.021584 0.999752 -0.005400 11.597900 0.137310 0.002386 0.990525 0.000000 0.000000 0.000000 0.000000 1.000000
0.990348 -0.021095 -0.136989 -0.000000 0.019980 0.999755 -0.009508 11.597900 0.137156 0.006679 0.990527 0.000000 0.000000 0.000000 0.000000 1.000000
0.990331 -0.024874 -0.136477 0.000000 0.024533 0.999690 -0.004186 11.597900 0.136539 0.000798 0.990634 -0.000000 0.000000 0.000000 0.000000 1.000000
0.990259 -0.030517 -0.135850 0.000000 0.031421 0.999496 0.004511 11.597900 0.135644 -0.008736 0.990719 0.000000 0.000000 0.000000 0.000000 1.000000
0.990123 -0.037294 -0.135150 0.000000 0.039619 0.999109 0.014555 11.597900 0.134487 -0.019766 0.990718 0.000000 0.000000 0.000000 0.000000 1.000000
0.989926 -0.044476 -0.134417 0.000000 0.048312 0.998509 0.025405 11.597900 0.133087 -0.031643 0.990599 0.000000 0.000000 0.000000 0.000000 1.000000
0.989692 -0.051336 -0.133695 0.000000 0.056686 0.997724 0.036518 11.597900 0.131516 -0.043720 0.990350 0.000000 0.000000 0.000000 0.000000 1.000000
0.989459 -0.057230 -0.133025 0.000000 0.064020 0.996825 0.047337 11.597900 0.129893 -0.055354 0.989982 -0.000000 0.000000 0.000000 0.000000 1.000000</float_array>
        <technique_common>
          <accessor source="#mixamorig_Spine1-Matrix-animation-output-transform-array" count="35" stride="16">
            <param type="float4x4"/>
          </accessor>
        </technique_common>
      </source>
      <source id="mixamorig_Spine1-Interpolations">
        <Name_array id="mixamorig_Spine1-Interpolations-array" count="35">
 LINEAR LINEAR LINEAR LINEAR LINEAR LINEAR LINEAR LINEAR LINEAR LINEAR LINEAR
LINEAR LINEAR LINEAR LINEAR LINEAR LINEAR LINEAR LINEAR LINEAR LINEAR LINEAR LINEAR
LINEAR LINEAR LINEAR LINEAR LINEAR LINEAR LINEAR LINEAR LINEAR LINEAR LINEAR LINEAR</Name_array>
        <technique_common>
          <accessor source="#mixamorig_Spine1-Interpolations-array" count="35">
            <param type="name"/>
          </accessor>
        </technique_common>
      </source>
      <sampler id="mixamorig_Spine1-Matrix-animation-transform">
        <input semantic="INPUT" source="#mixamorig_Spine1-Matrix-animation-input"/>
        <input semantic="OUTPUT" source="#mixamorig_Spine1-Matrix-animation-output-transform"/>
        <input semantic="INTERPOLATION" source="#mixamorig_Spine1-Interpolations"/>
      </sampler>
      <channel source="#mixamorig_Spine1-Matrix-animation-transform" target="mixamorig_Spine1/matrix"/>
    </animation>
    <animation id="mixamorig_Spine2-anim" name="mixamorig_Spine2">
      <source id="mixamorig_Spine2-Matrix-animation-input">
        <float_array id="mixamorig_Spine2-Matrix-animation-input-array" count="35">

0.000000 0.033333 0.066667 0.100000 0.133333 0.166667 0.200000 0.233333 0.266667 0.300000 0.333333 0.366667 0.400000 0.433333 0.466667 0.500000
0.533333 0.566667 0.600000 0.633333 0.666667 0.700000 0.733333 0.766667 0.800000 0.833333 0.866667 0.900000 0.933333 0.966667 1.000000 1.033333
1.066667 1.100000 1.133333</float_array>
        <technique_common>
          <accessor source="#mixamorig_Spine2-Matrix-animation-input-array" count="35">
            <param name="TIME" type="float"/>
          </accessor>
        </technique_common>
      </source>
      <source id="mixamorig_Spine2-Matrix-animation-output-transform">
        <float_array id="mixamorig_Spine2-Matrix-animation-output-transform-array" count="560">

0.989510 -0.073189 -0.124552 -0.000000 0.062059 0.993914 -0.091011 13.290100 0.130455 0.082326 0.988030 -0.000000 0.000000 0.000000 0.000000 1.000000
0.990121 -0.073521 -0.119392 0.000000 0.063537 0.994320 -0.085383 13.290100 0.124992 0.076954 0.989169 0.000000 0.000000 0.000000 0.000000 1.000000
0.991064 -0.069530 -0.113831 0.000000 0.059873 0.994480 -0.086172 13.290100 0.119194 0.078586 0.989756 0.000000 0.000000 0.000000 0.000000 1.000000
0.992126 -0.059922 -0.109975 0.000000 0.049970 0.994585 -0.091123 13.290100 0.114840 0.084910 0.989748 0.000000 0.000000 0.000000 0.000000 1.000000
0.993271 -0.049435 -0.104729 0.000000 0.039398 0.994619 -0.095821 13.290100 0.108903 0.091051 0.989874 0.000000 0.000000 0.000000 0.000000 1.000000
0.994290 -0.039394 -0.099179 0.000000 0.029458 0.994578 -0.099732 13.290100 0.102570 0.096240 0.990059 0.000000 0.000000 0.000000 0.000000 1.000000
0.995207 -0.031177 -0.092690 -0.000000 0.021849 0.994748 -0.099998 13.290100 0.095321 0.097494 0.990661 -0.000000 0.000000 0.000000 0.000000 1.000000
0.996149 -0.024834 -0.084091 0.000000 0.016692 0.995223 -0.096187 13.290100 0.086078 0.094413 0.991805 -0.000000 0.000000 0.000000 0.000000 1.000000
0.996935 -0.019020 -0.075893 0.000000 0.011986 0.995679 -0.092085 13.290100 0.077316 0.090893 0.992855 -0.000000 0.000000 0.000000 0.000000 1.000000
0.997323 -0.018056 -0.070865 0.000000 0.011734 0.995994 -0.088643 13.290100 0.072181 0.087574 0.993539 0.000000 0.000000 0.000000 0.000000 1.000000
0.997445 -0.025920 -0.066571 0.000000 0.020095 0.996030 -0.086720 13.290100 0.068554 0.085160 0.994006 -0.000000 0.000000 0.000000 0.000000 1.000000
0.996906 -0.036783 -0.069465 0.000000 0.030698 0.995760 -0.086710 13.290100 0.072360 0.084310 0.993809 0.000000 0.000000 0.000000 0.000000 1.000000
0.996345 -0.049041 -0.069946 -0.000000 0.043181 0.995617 -0.082963 13.290100 0.073708 0.079639 0.994095 -0.000000 0.000000 0.000000 0.000000 1.000000
0.995968 -0.060483 -0.066254 0.000000 0.054954 0.995090 -0.082319 13.290100 0.070908 0.078346 0.994401 0.000000 0.000000 0.000000 0.000000 1.000000
0.995572 -0.067479 -0.065447 0.000000 0.061624 0.994239 -0.087704 13.290100 0.070988 0.083282 0.993994 -0.000000 0.000000 0.000000 0.000000 1.000000
0.994979 -0.068613 -0.072866 -0.000000 0.061373 0.993358 -0.097335 13.290100 0.079060 0.092375 0.992581 -0.000000 0.000000 0.000000 0.000000 1.000000
0.994618 -0.066337 -0.079595 0.000000 0.057588 0.992527 -0.107583 13.290100 0.086137 0.102420 0.991005 0.000000 0.000000 0.000000 0.000000 1.000000
0.994080 -0.063334 -0.088277 0.000000 0.052945 0.991904 -0.115429 13.290100 0.094873 0.110072 0.989385 0.000000 0.000000 0.000000 0.000000 1.000000
0.993689 -0.060042 -0.094747 0.000000 0.048447 0.991560 -0.120259 13.290100 0.101168 0.114910 0.988211 0.000000 0.000000 0.000000 0.000000 1.000000
0.993512 -0.056570 -0.098660 0.000000 0.043982 0.991131 -0.125397 13.290100 0.104879 0.120245 0.987189 0.000000 0.000000 0.000000 0.000000 1.000000
0.993418 -0.052928 -0.101579 0.000000 0.039643 0.990902 -0.128613 13.290100 0.107462 0.123740 0.986479 0.000000 0.000000 0.000000 0.000000 1.000000
0.993757 -0.049387 -0.100042 0.000000 0.036481 0.991237 -0.126956 13.290100 0.105435 0.122514 0.986850 0.000000 0.000000 0.000000 0.000000 1.000000
0.993816 -0.045661 -0.101218 0.000000 0.032674 0.991436 -0.126439 13.290100 0.106124 0.122349 0.986797 -0.000000 0.000000 0.000000 0.000000 1.000000
0.993428 -0.041763 -0.106569 0.000000 0.028138 0.991594 -0.126296 13.290100 0.110948 0.122467 0.986252 0.000000 0.000000 0.000000 0.000000 1.000000
0.992784 -0.037908 -0.113768 0.000000 0.023327 0.991646 -0.126861 13.290100 0.117627 0.123291 0.985375 0.000000 0.000000 0.000000 0.000000 1.000000
0.991735 -0.034142 -0.123680 0.000000 0.018179 0.991612 -0.127968 13.290100 0.127012 0.124662 0.984036 0.000000 0.000000 0.000000 0.000000 1.000000
0.990674 -0.030858 -0.132717 -0.000000 0.013507 0.991461 -0.129699 13.290100 0.135586 0.126697 0.982631 -0.000000 0.000000 0.000000 0.000000 1.000000
0.990209 -0.028645 -0.136625 0.000000 0.010381 0.991121 -0.132560 13.290100 0.139209 0.129844 0.981713 0.000000 0.000000 0.000000 0.000000 1.000000
0.990311 -0.028208 -0.135972 0.000000 0.009408 0.990531 -0.136963 13.290100 0.138548 0.134357 0.981200 0.000000 0.000000 0.000000 0.000000 1.000000
0.990357 -0.033076 -0.134533 0.000000 0.014991 0.990965 -0.133283 13.290100 0.137726 0.129981 0.981905 0.000000 0.000000 0.000000 0.000000 1.000000
0.990341 -0.040014 -0.132754 0.000000 0.023124 0.991709 -0.126407 13.290100 0.136712 0.122116 0.983055 0.000000 0.000000 0.000000 0.000000 1.000000
0.990241 -0.048247 -0.130750 0.000000 0.032743 0.992446 -0.118235 13.290100 0.135467 0.112800 0.984340 0.000000 0.000000 0.000000 0.000000 1.000000
0.990053 -0.057002 -0.128633 0.000000 0.042980 0.993083 -0.109264 13.290100 0.133972 0.102648 0.985655 0.000000 0.000000 0.000000 0.000000 1.000000
0.989798 -0.065506 -0.126525 0.000000 0.052972 0.993576 -0.100005 13.290100 0.132263 0.092282 0.986910 -0.000000 0.000000 0.000000 0.000000 1.000000
0.989510 -0.073189 -0.124552 0.000000 0.062059 0.993914 -0.091011 13.290100 0.130455 0.082326 0.988030 0.000000 0.000000 0.000000 0.000000 1.000000</float_array>
        <technique_common>
          <accessor source="#mixamorig_Spine2-Matrix-animation-output-transform-array" count="35" stride="16">
            <param type="float4x4"/>
          </accessor>
        </technique_common>
      </source>
      <source id="mixamorig_Spine2-Interpolations">
        <Name_array id="mixamorig_Spine2-Interpolations-array" count="35">
 LINEAR LINEAR LINEAR LINEAR LINEAR LINEAR LINEAR LINEAR LINEAR LINEAR LINEAR
LINEAR LINEAR LINEAR LINEAR LINEAR LINEAR LINEAR LINEAR LINEAR LINEAR LINEAR LINEAR
LINEAR LINEAR LINEAR LINEAR LINEAR LINEAR LINEAR LINEAR LINEAR LINEAR LINEAR LINEAR</Name_array>
        <technique_common>
          <accessor source="#mixamorig_Spine2-Interpolations-array" count="35">
            <param type="name"/>
          </accessor>
        </technique_common>
      </source>
      <sampler id="mixamorig_Spine2-Matrix-animation-transform">
        <input semantic="INPUT" source="#mixamorig_Spine2-Matrix-animation-input"/>
        <input semantic="OUTPUT" source="#mixamorig_Spine2-Matrix-animation-output-transform"/>
        <input semantic="INTERPOLATION" source="#mixamorig_Spine2-Interpolations"/>
      </sampler>
      <channel source="#mixamorig_Spine2-Matrix-animation-transform" target="mixamorig_Spine2/matrix"/>
    </animation>
    <animation id="mixamorig_Neck-anim" name="mixamorig_Neck">
      <source id="mixamorig_Neck-Matrix-animation-input">
        <float_array id="mixamorig_Neck-Matrix-animation-input-array" count="35">

0.000000 0.033333 0.066667 0.100000 0.133333 0.166667 0.200000 0.233333 0.266667 0.300000 0.333333 0.366667 0.400000 0.433333 0.466667 0.500000
0.533333 0.566667 0.600000 0.633333 0.666667 0.700000 0.733333 0.766667 0.800000 0.833333 0.866667 0.900000 0.933333 0.966667 1.000000 1.033333
1.066667 1.100000 1.133333</float_array>
        <technique_common>
          <accessor source="#mixamorig_Neck-Matrix-animation-input-array" count="35">
            <param name="TIME" type="float"/>
          </accessor>
        </technique_common>
      </source>
      <source id="mixamorig_Neck-Matrix-animation-output-transform">
        <float_array id="mixamorig_Neck-Matrix-animation-output-transform-array" count="560">

0.973061 0.064035 0.221476 0.000000 -0.032299 0.989043 -0.144054 14.907100 -0.228274 0.133020 0.964467 -5.902900 0.000000 0.000000 0.000000 1.000000
0.972577 0.071763 0.221234 0.000000 -0.039497 0.988353 -0.146963 14.907100 -0.229204 0.134194 0.964084 -5.902900 0.000000 0.000000 0.000000 1.000000
0.972305 0.078677 0.220075 0.000000 -0.046265 0.987794 -0.148737 14.907100 -0.229091 0.134436 0.964077 -5.902900 0.000000 0.000000 0.000000 1.000000
0.971561 0.085643 0.220757 0.000000 -0.052973 0.987284 -0.149881 14.907100 -0.230786 0.133924 0.963744 -5.902900 0.000000 0.000000 0.000000 1.000000
0.971479 0.087871 0.220246 -0.000000 -0.054861 0.986895 -0.151753 14.907100 -0.230694 0.135342 0.963568 -5.902900 0.000000 0.000000 0.000000 1.000000
0.970929 0.090753 0.221496 0.000000 -0.056640 0.986167 -0.155781 14.907100 -0.232569 0.138706 0.962638 -5.902900 0.000000 0.000000 0.000000 1.000000
0.970355 0.094502 0.222443 -0.000000 -0.058729 0.984997 -0.162271 14.907100 -0.234440 0.144397 0.961347 -5.902900 0.000000 0.000000 0.000000 1.000000
0.969671 0.100286 0.222890 0.000000 -0.063019 0.983695 -0.168440 14.907100 -0.236148 0.149286 0.960181 -5.902900 0.000000 0.000000 0.000000 1.000000
0.970135 0.098094 0.221848 0.000000 -0.059160 0.982648 -0.175792 14.907100 -0.235243 0.157417 0.959104 -5.902900 0.000000 0.000000 0.000000 1.000000
0.972236 0.086339 0.217491 0.000000 -0.045896 0.981748 -0.184565 14.907100 -0.229456 0.169459 0.958454 -5.902900 0.000000 0.000000 0.000000 1.000000
0.973733 0.082893 0.212066 0.000000 -0.043084 0.981628 -0.185876 14.907100 -0.223578 0.171857 0.959416 -5.902900 0.000000 0.000000 0.000000 1.000000
0.974065 0.083607 0.210256 -0.000000 -0.045583 0.982686 -0.179585 14.907100 -0.221630 0.165344 0.961011 -5.902900 0.000000 0.000000 0.000000 1.000000
0.974950 0.082641 0.206503 0.000000 -0.046271 0.983460 -0.175116 14.907100 -0.217559 0.161174 0.962648 -5.902900 0.000000 0.000000 0.000000 1.000000
0.975321 0.081160 0.205334 0.000000 -0.045842 0.984161 -0.171248 14.907100 -0.215980 0.157609 0.963593 -5.902900 0.000000 0.000000 0.000000 1.000000
0.975635 0.077024 0.205437 0.000000 -0.041677 0.984365 -0.171139 14.907100 -0.215407 0.158407 0.963591 -5.902900 0.000000 0.000000 0.000000 1.000000
0.973709 0.084521 0.211536 0.000000 -0.049776 0.985122 -0.164492 14.907100 -0.222292 0.149638 0.963429 -5.902900 0.000000 0.000000 0.000000 1.000000
0.973613 0.084048 0.212163 -0.000000 -0.048765 0.984858 -0.166366 14.907100 -0.222933 0.151630 0.962969 -5.902900 0.000000 0.000000 0.000000 1.000000
0.972860 0.085476 0.215029 0.000000 -0.049353 0.984538 -0.168076 14.907100 -0.226071 0.152903 0.962036 -5.902900 0.000000 0.000000 0.000000 1.000000
0.972429 0.086505 0.216563 -0.000000 -0.049209 0.983861 -0.172038 14.907100 -0.227950 0.156638 0.960991 -5.902900 0.000000 0.000000 0.000000 1.000000
0.971698 0.091616 0.217739 0.000000 -0.053357 0.983031 -0.175506 14.907100 -0.230123 0.158920 0.960098 -5.902900 0.000000 0.000000 0.000000 1.000000
0.971207 0.095045 0.218456 0.000000 -0.056222 0.982510 -0.177517 14.907100 -0.231508 0.160124 0.959565 -5.902900 0.000000 0.000000 0.000000 1.000000
0.971283 0.099153 0.216284 0.000000 -0.060495 0.982069 -0.178551 14.907100 -0.230110 0.160339 0.959865 -5.902900 0.000000 0.000000 0.000000 1.000000
0.971651 0.101211 0.213658 0.000000 -0.063307 0.982113 -0.177333 14.907100 -0.227785 0.158780 0.960678 -5.902900 0.000000 0.000000 0.000000 1.000000
0.972385 0.100130 0.210812 0.000000 -0.063556 0.982759 -0.173625 14.907100 -0.224563 0.155432 0.961984 -5.902900 0.000000 0.000000 0.000000 1.000000
0.972960 0.097873 0.209213 0.000000 -0.063037 0.983917 -0.167135 14.907100 -0.222207 0.149428 0.963481 -5.902900 0.000000 0.000000 0.000000 1.000000
0.973059 0.095788 0.209717 0.000000 -0.062468 0.985120 -0.160111 14.907100 -0.221933 0.142697 0.964564 -5.902900 0.000000 0.000000 0.000000 1.000000
0.973042 0.093435 0.210855 -0.000000 -0.061479 0.986261 -0.153330 14.907100 -0.222285 0.136233 0.965417 -5.902900 0.000000 0.000000 0.000000 1.000000
0.973445 0.091318 0.209920 0.000000 -0.059880 0.986638 -0.151526 14.907100 -0.220952 0.134932 0.965906 -5.902900 0.000000 0.000000 0.000000 1.000000
0.973488 0.087916 0.211166 -0.000000 -0.055866 0.986613 -0.153213 14.907100 -0.221809 0.137354 0.965367 -5.902900 0.000000 0.000000 0.000000 1.000000
0.973243 0.085018 0.213473 0.000000 -0.051544 0.986134 -0.157746 14.907100 -0.223925 0.142522 0.964129 -5.902900 0.000000 0.000000 0.000000 1.000000
0.973260 0.079723 0.215428 0.000000 -0.044877 0.985761 -0.162056 14.907100 -0.225280 0.148055 0.962979 -5.902900 0.000000 0.000000 0.000000 1.000000
0.973171 0.075613 0.217306 0.000000 -0.040364 0.985917 -0.162290 14.907100 -0.226517 0.149164 0.962518 -5.902900 0.000000 0.000000 0.000000 1.000000
0.972493 0.075709 0.220283 0.000000 -0.041165 0.986680 -0.157381 14.907100 -0.229264 0.143984 0.962656 -5.902900 0.000000 0.000000 0.000000 1.000000
0.971748 0.075585 0.223592 0.000000 -0.042063 0.987630 -0.151057 14.907100 -0.232243 0.137385 0.962906 -5.902900 0.000000 0.000000 0.000000 1.000000
0.973054 0.064085 0.221492 0.000000 -0.032325 0.989028 -0.144148 14.907100 -0.228299 0.133104 0.964449 -5.902900 0.000000 0.000000 0.000000 1.000000</float_array>
        <technique_common>
          <accessor source="#mixamorig_Neck-Matrix-animation-output-transform-array" count="35" stride="16">
            <param type="float4x4"/>
          </accessor>
        </technique_common>
      </source>
      <source id="mixamorig_Neck-Interpolations">
        <Name_array id="mixamorig_Neck-Interpolations-array" count="35">
 LINEAR LINEAR LINEAR LINEAR LINEAR LINEAR LINEAR LINEAR LINEAR LINEAR LINEAR
LINEAR LINEAR LINEAR LINEAR LINEAR LINEAR LINEAR LINEAR LINEAR LINEAR LINEAR LINEAR
LINEAR LINEAR LINEAR LINEAR LINEAR LINEAR LINEAR LINEAR LINEAR LINEAR LINEAR LINEAR</Name_array>
        <technique_common>
          <accessor source="#mixamorig_Neck-Interpolations-array" count="35">
            <param type="name"/>
          </accessor>
        </technique_common>
      </source>
      <sampler id="mixamorig_Neck-Matrix-animation-transform">
        <input semantic="INPUT" source="#mixamorig_Neck-Matrix-animation-input"/>
        <input semantic="OUTPUT" source="#mixamorig_Neck-Matrix-animation-output-transform"/>
        <input semantic="INTERPOLATION" source="#mixamorig_Neck-Interpolations"/>
      </sampler>
      <channel source="#mixamorig_Neck-Matrix-animation-transform" target="mixamorig_Neck/matrix"/>
    </animation>
    <animation id="mixamorig_Head-anim" name="mixamorig_Head">
      <source id="mixamorig_Head-Matrix-animation-input">
        <float_array id="mixamorig_Head-Matrix-animation-input-array" count="35">

0.000000 0.033333 0.066667 0.100000 0.133333 0.166667 0.200000 0.233333 0.266667 0.300000 0.333333 0.366667 0.400000 0.433333 0.466667 0.500000
0.533333 0.566667 0.600000 0.633333 0.666667 0.700000 0.733333 0.766667 0.800000 0.833333 0.866667 0.900000 0.933333 0.966667 1.000000 1.033333
1.066667 1.100000 1.133333</float_array>
        <technique_common>
          <accessor source="#mixamorig_Head-Matrix-animation-input-array" count="35">
            <param name="TIME" type="float"/>
          </accessor>
        </technique_common>
      </source>
      <source id="mixamorig_Head-Matrix-animation-output-transform">
        <float_array id="mixamorig_Head-Matrix-animation-output-transform-array" count="560">

0.847633 -0.084213 0.523858 -0.000000 -0.043287 0.973057 0.226466 10.914100 -0.528815 -0.214636 0.821149 1.211700 0.000000 0.000000 0.000000 1.000000
0.848514 -0.087746 0.521847 -0.000000 -0.042194 0.971798 0.232010 10.914100 -0.527488 -0.218882 0.820882 1.211700 0.000000 0.000000 0.000000 1.000000
0.848949 -0.088983 0.520929 0.000000 -0.043019 0.970816 0.235937 10.914100 -0.526720 -0.222708 0.820345 1.211700 0.000000 0.000000 0.000000 1.000000
0.848621 -0.089744 0.521333 -0.000000 -0.043969 0.970129 0.238573 10.914100 -0.527170 -0.225381 0.819326 1.211700 0.000000 0.000000 0.000000 1.000000
0.848827 -0.087590 0.521365 0.000000 -0.047079 0.969738 0.239566 10.914100 -0.526571 -0.227895 0.819016 1.211700 0.000000 0.000000 0.000000 1.000000
0.848130 -0.086194 0.522729 -0.000000 -0.050733 0.968928 0.242084 10.914100 -0.527353 -0.231839 0.817404 1.211700 0.000000 0.000000 0.000000 1.000000
0.847981 -0.087073 0.522826 -0.000000 -0.052701 0.967674 0.246636 10.914100 -0.527401 -0.236696 0.815980 1.211700 0.000000 0.000000 0.000000 1.000000
0.849662 -0.091419 0.519342 0.000000 -0.050185 0.966370 0.252213 10.914100 -0.524934 -0.240359 0.816500 1.211700 0.000000 0.000000 0.000000 1.000000
0.850819 -0.088904 0.517883 0.000000 -0.051393 0.966778 0.250397 10.914100 -0.522939 -0.239658 0.817984 1.211700 0.000000 0.000000 0.000000 1.000000
