<?xml version="1.0" encoding="utf-8"?>
<COLLADA xmlns="http://www.collada.org/2005/11/COLLADASchema" version="1.4.1">
  <asset>
    <contributor>
      <author>Mixamo</author>
      <authoring_tool>COLLADA Mixamo exporter</authoring_tool>
      <comments/>
    </contributor>
    <created>2024-12-02T04:01:03Z</created>
    <modified>2024-12-02T04:01:03Z</modified>
    <revision/>
    <title/>
    <unit meter="0.010000"/>
    <up_axis>Y_UP</up_axis>
  </asset>
  <library_animations>
    <animation id="mixamorig_Hips-anim" name="mixamorig_Hips">
      <source id="mixamorig_Hips-Matrix-animation-input">
        <float_array id="mixamorig_Hips-Matrix-animation-input-array" count="36">

0.000000 0.033333 0.066667 0.100000 0.133333 0.166667 0.200000 0.233333 0.266667 0.300000 0.333333 0.366667 0.400000 0.433333 0.466667 0.500000
0.533333 0.566667 0.600000 0.633333 0.666667 0.700000 0.733333 0.766667 0.800000 0.833333 0.866667 0.900000 0.933333 0.966667 1.000000 1.033333
1.066667 1.100000 1.133333 1.166667</float_array>
        <technique_common>
          <accessor source="#mixamorig_Hips-Matrix-animation-input-array" count="36">
            <param name="TIME" type="float"/>
          </accessor>
        </technique_common>
      </source>
      <source id="mixamorig_Hips-Matrix-animation-output-transform">
        <float_array id="mixamorig_Hips-Matrix-animation-output-transform-array" count="576">

0.824795 -0.190908 -0.532229 1.454849 -0.034642 0.922448 -0.384563 94.312576 0.564370 0.335623 0.754217 -0.382276 0.000000 0.000000 0.000000 1.000000
0.814286 -0.218682 -0.537695 7.334768 -0.019721 0.915363 -0.402147 94.663628 0.580129 0.338067 0.741054 -0.086282 0.000000 0.000000 0.000000 1.000000
0.801526 -0.240557 -0.547438 13.560683 -0.012694 0.908458 -0.417783 94.920700 0.597825 0.341813 0.725100 0.454186 0.000000 0.000000 0.000000 1.000000
0.787334 -0.254885 -0.561372 20.324945 -0.015718 0.901946 -0.431562 95.158974 0.616326 0.348607 0.706127 1.242382 0.000000 0.000000 0.000000 1.000000
0.772920 -0.261561 -0.578084 27.547682 -0.026491 0.896983 -0.441271 95.424309 0.633951 0.356381 0.686366 2.313137 0.000000 0.000000 0.000000 1.000000
0.759273 -0.262203 -0.595612 35.590355 -0.037418 0.896136 -0.442200 95.578918 0.649695 0.358037 0.670601 3.551587 0.000000 0.000000 0.000000 1.000000
0.747043 -0.259965 -0.611837 44.615608 -0.043737 0.899152 -0.435446 95.639526 0.663335 0.352057 0.660335 4.743467 0.000000 0.000000 0.000000 1.000000
0.737117 -0.256541 -0.625176 54.409039 -0.044998 0.904451 -0.424197 95.870331 0.674265 0.340814 0.655143 5.792974 0.000000 0.000000 0.000000 1.000000
0.729239 -0.252316 -0.636040 64.628479 -0.042550 0.911011 -0.410181 95.985497 0.682935 0.326184 0.653608 6.815838 0.000000 0.000000 0.000000 1.000000
0.723253 -0.244374 -0.645900 74.815742 -0.041562 0.918197 -0.393937 95.651108 0.689331 0.311760 0.653933 7.857597 0.000000 0.000000 0.000000 1.000000
0.719980 -0.235048 -0.652979 84.167496 -0.037658 0.926280 -0.374949 95.164154 0.692972 0.294546 0.658052 8.765947 0.000000 0.000000 0.000000 1.000000
0.718334 -0.228436 -0.657125 92.195488 -0.029196 0.933824 -0.356541 94.507591 0.695086 0.275301 0.664127 9.516493 0.000000 0.000000 0.000000 1.000000
0.718083 -0.225876 -0.658283 98.799484 -0.017271 0.939792 -0.341310 93.595322 0.695743 0.256459 0.670948 9.963272 0.000000 0.000000 0.000000 1.000000
0.718327 -0.227013 -0.657625 104.529526 -0.003832 0.943959 -0.330041 92.692062 0.695695 0.239598 0.677201 9.952750 0.000000 0.000000 0.000000 1.000000
0.718278 -0.230844 -0.656344 109.980042 0.009185 0.946418 -0.322814 91.900703 0.695695 0.225842 0.681912 9.644552 0.000000 0.000000 0.000000 1.000000
0.718186 -0.237308 -0.654136 115.252068 0.019923 0.946679 -0.321563 91.210602 0.695566 0.217910 0.684619 9.118259 0.000000 0.000000 0.000000 1.000000
0.718808 -0.244530 -0.650784 120.347672 0.024907 0.944556 -0.327403 90.592667 0.694762 0.219131 0.685045 8.409080 0.000000 0.000000 0.000000 1.000000
0.721023 -0.252045 -0.645445 125.956879 0.026591 0.940876 -0.337706 90.123642 0.692401 0.226331 0.685095 7.639103 0.000000 0.000000 0.000000 1.000000
0.727357 -0.255766 -0.636817 130.855606 0.023742 0.936777 -0.349122 90.407997 0.685848 0.238817 0.687444 7.190853 0.000000 0.000000 0.000000 1.000000
0.736122 -0.257879 -0.625797 135.614182 0.020145 0.932513 -0.360574 91.285004 0.676549 0.252819 0.691639 7.013100 0.000000 0.000000 0.000000 1.000000
0.747082 -0.259511 -0.611983 140.412308 0.018726 0.928497 -0.370868 92.425888 0.664468 0.265609 0.698523 6.981750 0.000000 0.000000 0.000000 1.000000
0.761183 -0.261287 -0.593574 145.308441 0.022423 0.925305 -0.378560 93.552231 0.648150 0.274844 0.710185 6.697343 0.000000 0.000000 0.000000 1.000000
0.780390 -0.255904 -0.570530 150.236496 0.023933 0.923976 -0.381702 94.845451 0.624835 0.284222 0.727186 6.211940 0.000000 0.000000 0.000000 1.000000
0.802082 -0.239591 -0.547047 155.151428 0.016768 0.924672 -0.380395 96.393906 0.596978 0.295935 0.745681 5.624523 0.000000 0.000000 0.000000 1.000000
0.822197 -0.216980 -0.526224 160.304321 0.002707 0.925973 -0.377580 97.969368 0.569196 0.309020 0.761920 4.981199 0.000000 0.000000 0.000000 1.000000
0.834796 -0.192778 -0.515705 166.356537 -0.016584 0.927464 -0.373544 98.854172 0.550309 0.320385 0.771047 4.195198 0.000000 0.000000 0.000000 1.000000
0.837073 -0.173093 -0.518987 172.946365 -0.036461 0.928871 -0.368604 98.762321 0.545875 0.327471 0.771222 3.304757 0.000000 0.000000 0.000000 1.000000
0.834856 -0.159285 -0.526920 179.329498 -0.051279 0.930553 -0.362548 98.639435 0.548075 0.329696 0.768709 2.380727 0.000000 0.000000 0.000000 1.000000
0.835723 -0.152192 -0.527640 185.080978 -0.056054 0.932169 -0.357657 98.570946 0.546282 0.328478 0.770505 1.584052 0.000000 0.000000 0.000000 1.000000
0.838589 -0.148396 -0.524164 190.282196 -0.055966 0.933624 -0.353857 98.343430 0.541883 0.326076 0.774621 0.906677 0.000000 0.000000 0.000000 1.000000
0.842889 -0.148764 -0.517114 194.873352 -0.051061 0.934573 -0.352088 97.819710 0.535659 0.323175 0.780146 0.512028 0.000000 0.000000 0.000000 1.000000
0.845354 -0.152667 -0.511926 199.066650 -0.044987 0.934545 -0.352990 97.095177 0.532308 0.321432 0.783154 0.348342 0.000000 0.000000 0.000000 1.000000
0.843363 -0.158204 -0.513527 203.103653 -0.042362 0.933127 -0.357043 96.291969 0.535671 0.322871 0.780263 0.243597 0.000000 0.000000 0.000000 1.000000
0.837948 -0.165200 -0.520146 206.997116 -0.042150 0.930648 -0.363479 95.447891 0.544120 0.326501 0.772872 0.135681 0.000000 0.000000 0.000000 1.000000
0.831451 -0.175948 -0.527003 211.042374 -0.040068 0.927073 -0.372733 94.747894 0.554152 0.331025 0.763766 -0.072641 0.000000 0.000000 0.000000 1.000000
0.824795 -0.190904 -0.532230 215.410385 -0.034647 0.922449 -0.384562 94.312714 0.564369 0.335625 0.754217 -0.382141 0.000000 0.000000 0.000000 1.000000</float_array>
        <technique_common>
          <accessor source="#mixamorig_Hips-Matrix-animation-output-transform-array" count="36" stride="16">
            <param type="float4x4"/>
          </accessor>
        </technique_common>
      </source>
      <source id="mixamorig_Hips-Interpolations">
        <Name_array id="mixamorig_Hips-Interpolations-array" count="36">
 LINEAR LINEAR LINEAR LINEAR LINEAR LINEAR LINEAR LINEAR LINEAR LINEAR LINEAR
LINEAR LINEAR LINEAR LINEAR LINEAR LINEAR LINEAR LINEAR LINEAR LINEAR LINEAR LINEAR
LINEAR LINEAR LINEAR LINEAR LINEAR LINEAR LINEAR LINEAR LINEAR LINEAR LINEAR LINEAR
LINEAR</Name_array>
        <technique_common>
          <accessor source="#mixamorig_Hips-Interpolations-array" count="36">
            <param type="name"/>
          </accessor>
        </technique_common>
      </source>
      <sampler id="mixamorig_Hips-Matrix-animation-transform">
        <input semantic="INPUT" source="#mixamorig_Hips-Matrix-animation-input"/>
        <input semantic="OUTPUT" source="#mixamorig_Hips-Matrix-animation-output-transform"/>
        <input semantic="INTERPOLATION" source="#mixamorig_Hips-Interpolations"/>
      </sampler>
      <channel source="#mixamorig_Hips-Matrix-animation-transform" target="mixamorig_Hips/matrix"/>
    </animation>
    <animation id="mixamorig_Spine-anim" name="mixamorig_Spine">
      <source id="mixamorig_Spine-Matrix-animation-input">
        <float_array id="mixamorig_Spine-Matrix-animation-input-array" count="36">

0.000000 0.033333 0.066667 0.100000 0.133333 0.166667 0.200000 0.233333 0.266667 0.300000 0.333333 0.366667 0.400000 0.433333 0.466667 0.500000
0.533333 0.566667 0.600000 0.633333 0.666667 0.700000 0.733333 0.766667 0.800000 0.833333 0.866667 0.900000 0.933333 0.966667 1.000000 1.033333
1.066667 1.100000 1.133333 1.166667</float_array>
        <technique_common>
          <accessor source="#mixamorig_Spine-Matrix-animation-input-array" count="36">
            <param name="TIME" type="float"/>
          </accessor>
        </technique_common>
      </source>
      <source id="mixamorig_Spine-Matrix-animation-output-transform">
        <float_array id="mixamorig_Spine-Matrix-animation-output-transform-array" count="576">

0.994801 0.101770 -0.003706 -0.000900 -0.090852 0.870463 -0.483777 9.938600 -0.046008 0.481599 0.875183 0.799700 0.000000 0.000000 0.000000 1.000000
0.990074 0.139353 -0.018304 -0.000900 -0.131519 0.872639 -0.470324 9.938600 -0.049568 0.468063 0.882304 0.799700 0.000000 0.000000 0.000000 1.000000
0.985539 0.167052 -0.028400 -0.000900 -0.161718 0.877226 -0.452019 9.938600 -0.050598 0.450075 0.891556 0.799700 0.000000 0.000000 0.000000 1.000000
0.982476 0.183040 -0.035188 -0.000900 -0.180578 0.887934 -0.423042 9.938600 -0.046189 0.421982 0.905427 0.799700 0.000000 0.000000 0.000000 1.000000
0.980995 0.189936 -0.039653 -0.000900 -0.190463 0.903621 -0.383657 9.938600 -0.037039 0.383918 0.922624 0.799700 0.000000 0.000000 0.000000 1.000000
0.980223 0.193642 -0.040825 -0.000900 -0.195538 0.915933 -0.350474 9.938600 -0.030474 0.351526 0.935682 0.799700 0.000000 0.000000 0.000000 1.000000
0.979252 0.198790 -0.039351 -0.000900 -0.200442 0.921590 -0.332406 9.938600 -0.029813 0.333397 0.942315 0.799700 0.000000 0.000000 0.000000 1.000000
0.977934 0.205722 -0.036368 -0.000900 -0.206153 0.922083 -0.327511 9.938600 -0.033842 0.327782 0.944147 0.799700 0.000000 0.000000 0.000000 1.000000
0.976424 0.213445 -0.032220 -0.000900 -0.211859 0.918960 -0.332608 9.938600 -0.041385 0.331592 0.942515 0.799700 0.000000 0.000000 0.000000 1.000000
0.975903 0.216711 -0.025499 -0.000900 -0.212092 0.914592 -0.344293 9.938600 -0.051291 0.341404 0.938516 0.799700 0.000000 0.000000 0.000000 1.000000
0.975966 0.217067 -0.019304 -0.000900 -0.209091 0.907763 -0.363659 9.938600 -0.061415 0.358955 0.931332 0.799700 0.000000 0.000000 0.000000 1.000000
0.975883 0.217645 -0.016795 -0.000900 -0.207187 0.899267 -0.385217 9.938600 -0.068737 0.379406 0.922673 0.799700 0.000000 0.000000 0.000000 1.000000
0.975913 0.217402 -0.018160 -0.000900 -0.205786 0.889734 -0.407462 9.938600 -0.072426 0.401385 0.913041 0.799700 0.000000 0.000000 0.000000 1.000000
0.976217 0.215759 -0.021185 -0.000900 -0.203726 0.879556 -0.429974 9.938600 -0.074138 0.424063 0.902593 0.799700 0.000000 0.000000 0.000000 1.000000
0.976706 0.213220 -0.024132 -0.000900 -0.201153 0.870618 -0.448957 9.938600 -0.074717 0.443353 0.893228 0.799700 0.000000 0.000000 0.000000 1.000000
0.977718 0.208238 -0.026554 -0.000900 -0.196912 0.865906 -0.459817 9.938600 -0.072758 0.454800 0.887617 0.799700 0.000000 0.000000 0.000000 1.000000
0.979778 0.198313 -0.026595 -0.000900 -0.188148 0.867908 -0.459713 9.938600 -0.068085 0.455420 0.887669 0.799700 0.000000 0.000000 0.000000 1.000000
0.982243 0.186114 -0.023683 -0.000900 -0.176775 0.875798 -0.449142 9.938600 -0.062850 0.445353 0.893147 0.799700 0.000000 0.000000 0.000000 1.000000
0.985678 0.167621 -0.018489 -0.000900 -0.158922 0.886612 -0.434353 9.938600 -0.056415 0.431071 0.900553 0.799700 0.000000 0.000000 0.000000 1.000000
0.989166 0.146238 -0.012851 -0.000900 -0.138188 0.898009 -0.417713 9.938600 -0.049545 0.414963 0.908488 0.799700 0.000000 0.000000 0.000000 1.000000
0.992324 0.123381 -0.008379 -0.000900 -0.116353 0.908550 -0.401246 9.938600 -0.041893 0.399141 0.915932 0.799700 0.000000 0.000000 0.000000 1.000000
0.994989 0.099754 -0.006844 -0.000900 -0.094614 0.917170 -0.387100 9.938600 -0.032338 0.385808 0.922012 0.799700 0.000000 0.000000 0.000000 1.000000
0.997611 0.068929 -0.004609 -0.000900 -0.065514 0.922809 -0.379647 9.938600 -0.021916 0.379042 0.925120 0.799700 0.000000 0.000000 0.000000 1.000000
0.999544 0.030161 0.001491 -0.000900 -0.027324 0.924322 -0.380634 9.938600 -0.012858 0.380420 0.924724 0.799700 0.000000 0.000000 0.000000 1.000000
0.999879 -0.012261 0.009529 -0.000900 0.014967 0.924473 -0.380953 9.938600 -0.004139 0.381050 0.924545 0.799700 0.000000 0.000000 0.000000 1.000000
0.998709 -0.047958 0.016747 -0.000900 0.050729 0.924418 -0.377993 9.938600 0.002647 0.378355 0.925657 0.799700 0.000000 0.000000 0.000000 1.000000
0.997592 -0.065308 0.023355 -0.000900 0.069282 0.922499 -0.379731 9.938600 0.003255 0.380434 0.924802 0.799700 0.000000 0.000000 0.000000 1.000000
0.997488 -0.065600 0.026734 -0.000900 0.070833 0.919157 -0.387470 9.938600 0.000845 0.388390 0.921495 0.799700 0.000000 0.000000 0.000000 1.000000
0.998110 -0.055885 0.025572 -0.000900 0.061445 0.915750 -0.397022 9.938600 -0.001230 0.397842 0.917453 0.799700 0.000000 0.000000 0.000000 1.000000
0.998853 -0.041721 0.023488 -0.000900 0.047676 0.911773 -0.407918 9.938600 -0.004397 0.408570 0.912716 0.799700 0.000000 0.000000 0.000000 1.000000
0.999429 -0.025112 0.022618 -0.000900 0.032333 0.905247 -0.423654 9.938600 -0.009836 0.424143 0.905542 0.799700 0.000000 0.000000 0.000000 1.000000
0.999726 -0.006872 0.022360 -0.000900 0.016104 0.895492 -0.444785 9.938600 -0.016966 0.445024 0.895358 0.799700 0.000000 0.000000 0.000000 1.000000
0.999655 0.016519 0.020399 -0.000900 -0.005156 0.885590 -0.464438 9.938600 -0.025737 0.464173 0.885371 0.799700 0.000000 0.000000 0.000000 1.000000
0.998924 0.043493 0.016125 -0.000900 -0.030515 0.877977 -0.477729 9.938600 -0.034935 0.476723 0.878359 0.799700 0.000000 0.000000 0.000000 1.000000
0.997388 0.071796 0.007957 -0.000900 -0.059013 0.873380 -0.483451 9.938600 -0.041659 0.481719 0.875335 0.799700 0.000000 0.000000 0.000000 1.000000
0.994801 0.101770 -0.003707 -0.000900 -0.090853 0.870463 -0.483776 9.938600 -0.046007 0.481598 0.875184 0.799700 0.000000 0.000000 0.000000 1.000000</float_array>
        <technique_common>
          <accessor source="#mixamorig_Spine-Matrix-animation-output-transform-array" count="36" stride="16">
            <param type="float4x4"/>
          </accessor>
        </technique_common>
      </source>
      <source id="mixamorig_Spine-Interpolations">
        <Name_array id="mixamorig_Spine-Interpolations-array" count="36">
 LINEAR LINEAR LINEAR LINEAR LINEAR LINEAR LINEAR LINEAR LINEAR LINEAR LINEAR
LINEAR LINEAR LINEAR LINEAR LINEAR LINEAR LINEAR LINEAR LINEAR LINEAR LINEAR LINEAR
LINEAR LINEAR LINEAR LINEAR LINEAR LINEAR LINEAR LINEAR LINEAR LINEAR LINEAR LINEAR
LINEAR</Name_array>
        <technique_common>
          <accessor source="#mixamorig_Spine-Interpolations-array" count="36">
            <param type="name"/>
          </accessor>
        </technique_common>
      </source>
      <sampler id="mixamorig_Spine-Matrix-animation-transform">
        <input semantic="INPUT" source="#mixamorig_Spine-Matrix-animation-input"/>
        <input semantic="OUTPUT" source="#mixamorig_Spine-Matrix-animation-output-transform"/>
        <input semantic="INTERPOLATION" source="#mixamorig_Spine-Interpolations"/>
      </sampler>
      <channel source="#mixamorig_Spine-Matrix-animation-transform" target="mixamorig_Spine/matrix"/>
    </animation>
    <animation id="mixamorig_Spine1-anim" name="mixamorig_Spine1">
      <source id="mixamorig_Spine1-Matrix-animation-input">
        <float_array id="mixamorig_Spine1-Matrix-animation-input-array" count="36">

0.000000 0.033333 0.066667 0.100000 0.133333 0.166667 0.200000 0.233333 0.266667 0.300000 0.333333 0.366667 0.400000 0.433333 0.466667 0.500000
0.533333 0.566667 0.600000 0.633333 0.666667 0.700000 0.733333 0.766667 0.800000 0.833333 0.866667 0.900000 0.933333 0.966667 1.000000 1.033333
1.066667 1.100000 1.133333 1.166667</float_array>
        <technique_common>
          <accessor source="#mixamorig_Spine1-Matrix-animation-input-array" count="36">
            <param name="TIME" type="float"/>
          </accessor>
        </technique_common>
      </source>
      <source id="mixamorig_Spine1-Matrix-animation-output-transform">
        <float_array id="mixamorig_Spine1-Matrix-animation-output-transform-array" count="576">

0.995656 -0.016958 -0.091553 0.000000 0.024762 0.996091 0.084795 11.597900 0.089757 -0.086694 0.992183 0.000000 0.000000 0.000000 0.000000 1.000000
0.995759 -0.022955 -0.089094 0.000000 0.030187 0.996282 0.080686 11.597900 0.086911 -0.083033 0.992750 0.000000 0.000000 0.000000 0.000000 1.000000
0.995937 -0.026444 -0.086080 0.000000 0.032964 0.996621 0.075228 11.597900 0.083800 -0.077760 0.993444 0.000000 0.000000 0.000000 0.000000 1.000000
0.996243 -0.027635 -0.082079 0.000000 0.033137 0.997240 0.066435 11.597900 0.080017 -0.068905 0.994409 0.000000 0.000000 0.000000 0.000000 1.000000
0.996590 -0.028116 -0.077569 -0.000000 0.032342 0.998030 0.053764 11.597900 0.075904 -0.056089 0.995536 0.000000 0.000000 0.000000 0.000000 1.000000
0.996908 -0.029003 -0.073025 0.000000 0.032157 0.998583 0.042397 11.597900 0.071692 -0.044614 0.996429 -0.000000 0.000000 0.000000 0.000000 1.000000
0.997195 -0.029892 -0.068613 0.000000 0.032326 0.998877 0.034634 11.597900 0.067501 -0.036754 0.997042 0.000000 0.000000 0.000000 0.000000 1.000000
0.997429 -0.030060 -0.065049 0.000000 0.031958 0.999088 0.028325 11.597900 0.064138 -0.030331 0.997480 0.000000 0.000000 0.000000 0.000000 1.000000
0.997629 -0.029505 -0.062176 0.000000 0.030974 0.999260 0.022795 11.597900 0.061457 -0.024666 0.997805 0.000000 0.000000 0.000000 0.000000 1.000000
0.997836 -0.028316 -0.059343 0.000000 0.029423 0.999407 0.017864 11.597900 0.058802 -0.019571 0.998078 -0.000000 0.000000 0.000000 0.000000 1.000000
0.998062 -0.026246 -0.056419 0.000000 0.027064 0.999539 0.013788 11.597900 0.056031 -0.015288 0.998312 0.000000 0.000000 0.000000 0.000000 1.000000
0.998256 -0.023702 -0.054065 0.000000 0.024353 0.999638 0.011424 11.597900 0.053774 -0.012721 0.998472 0.000000 0.000000 0.000000 0.000000 1.000000
0.998364 -0.020761 -0.053281 0.000000 0.021469 0.999688 0.012753 11.597900 0.053000 -0.013877 0.998498 -0.000000 0.000000 0.000000 0.000000 1.000000
0.998372 -0.017473 -0.054302 0.000000 0.018487 0.999663 0.018216 11.597900 0.053966 -0.019191 0.998358 -0.000000 0.000000 0.000000 0.000000 1.000000
0.998310 -0.014322 -0.056327 0.000000 0.015752 0.999563 0.025018 11.597900 0.055944 -0.025863 0.998099 0.000000 0.000000 0.000000 0.000000 1.000000
0.998175 -0.011766 -0.059227 0.000000 0.013659 0.999406 0.031654 11.597900 0.058820 -0.032405 0.997743 0.000000 0.000000 0.000000 0.000000 1.000000
0.997974 -0.009533 -0.062901 0.000000 0.011833 0.999271 0.036298 11.597900 0.062509 -0.036968 0.997359 0.000000 0.000000 0.000000 0.000000 1.000000
0.997725 -0.006254 -0.067129 -0.000000 0.008700 0.999306 0.036211 11.597900 0.066856 -0.036713 0.997087 0.000000 0.000000 0.000000 0.000000 1.000000
0.997409 -0.002008 -0.071910 0.000000 0.004456 0.999415 0.033902 11.597900 0.071800 -0.034135 0.996835 -0.000000 0.000000 0.000000 0.000000 1.000000
0.997005 0.003344 -0.077268 -0.000000 -0.001001 0.999539 0.030335 11.597900 0.077334 -0.030167 0.996549 0.000000 0.000000 0.000000 0.000000 1.000000
0.996444 0.010686 -0.083577 0.000000 -0.008547 0.999628 0.025903 11.597900 0.083823 -0.025097 0.996165 0.000000 0.000000 0.000000 0.000000 1.000000
0.995607 0.020614 -0.091333 0.000000 -0.018754 0.999600 0.021175 11.597900 0.091733 -0.019369 0.995595 0.000000 0.000000 0.000000 0.000000 1.000000
0.994497 0.030299 -0.100291 0.000000 -0.028560 0.999416 0.018737 11.597900 0.100800 -0.015770 0.994782 -0.000000 0.000000 0.000000 0.000000 1.000000
0.993421 0.035222 -0.108968 -0.000000 -0.033199 0.999242 0.020328 11.597900 0.109601 -0.016576 0.993837 0.000000 0.000000 0.000000 0.000000 1.000000
0.992487 0.038731 -0.116059 0.000000 -0.036396 0.999091 0.022179 11.597900 0.116812 -0.017788 0.992995 0.000000 0.000000 0.000000 0.000000 1.000000
0.992245 0.040557 -0.117499 -0.000000 -0.038019 0.998995 0.023756 11.597900 0.118344 -0.019105 0.992789 0.000000 0.000000 0.000000 0.000000 1.000000
0.992853 0.039802 -0.112510 0.000000 -0.037030 0.998960 0.026616 11.597900 0.113452 -0.022260 0.993294 0.000000 0.000000 0.000000 0.000000 1.000000
0.993781 0.035991 -0.105377 0.000000 -0.033073 0.999023 0.029309 11.597900 0.106329 -0.025642 0.994000 -0.000000 0.000000 0.000000 0.000000 1.000000
0.994483 0.029549 -0.100652 -0.000000 -0.026457 0.999140 0.031920 11.597900 0.101509 -0.029081 0.994410 -0.000000 0.000000 0.000000 0.000000 1.000000
0.994982 0.021719 -0.097667 0.000000 -0.018347 0.999209 0.035289 11.597900 0.098356 -0.033320 0.994593 0.000000 0.000000 0.000000 0.000000 1.000000
0.995246 0.013531 -0.096446 0.000000 -0.009383 0.999016 0.043340 11.597900 0.096938 -0.042229 0.994394 0.000000 0.000000 0.000000 0.000000 1.000000
0.995330 0.006254 -0.096325 -0.000000 -0.000775 0.998384 0.056816 11.597900 0.096525 -0.056476 0.993727 -0.000000 0.000000 0.000000 0.000000 1.000000
0.995386 -0.000576 -0.095952 0.000000 0.007347 0.997504 0.070230 11.597900 0.095672 -0.070611 0.992905 -0.000000 0.000000 0.000000 0.000000 1.000000
0.995474 -0.006551 -0.094804 0.000000 0.014117 0.996746 0.079359 11.597900 0.093976 -0.080338 0.992328 0.000000 0.000000 0.000000 0.000000 1.000000
0.995574 -0.011774 -0.093244 0.000000 0.019610 0.996309 0.083572 11.597900 0.091916 -0.085031 0.992130 0.000000 0.000000 0.000000 0.000000 1.000000
0.995656 -0.016958 -0.091552 -0.000000 0.024762 0.996091 0.084795 11.597900 0.089757 -0.086693 0.992183 -0.000000 0.000000 0.000000 0.000000 1.000000</float_array>
        <technique_common>
          <accessor source="#mixamorig_Spine1-Matrix-animation-output-transform-array" count="36" stride="16">
            <param type="float4x4"/>
          </accessor>
        </technique_common>
      </source>
      <source id="mixamorig_Spine1-Interpolations">
        <Name_array id="mixamorig_Spine1-Interpolations-array" count="36">
 LINEAR LINEAR LINEAR LINEAR LINEAR LINEAR LINEAR LINEAR LINEAR LINEAR LINEAR
LINEAR LINEAR LINEAR LINEAR LINEAR LINEAR LINEAR LINEAR LINEAR LINEAR LINEAR LINEAR
LINEAR LINEAR LINEAR LINEAR LINEAR LINEAR LINEAR LINEAR LINEAR LINEAR LINEAR LINEAR
LINEAR</Name_array>
        <technique_common>
          <accessor source="#mixamorig_Spine1-Interpolations-array" count="36">
            <param type="name"/>
          </accessor>
        </technique_common>
      </source>
      <sampler id="mixamorig_Spine1-Matrix-animation-transform">
        <input semantic="INPUT" source="#mixamorig_Spine1-Matrix-animation-input"/>
        <input semantic="OUTPUT" source="#mixamorig_Spine1-Matrix-animation-output-transform"/>
        <input semantic="INTERPOLATION" source="#mixamorig_Spine1-Interpolations"/>
      </sampler>
      <channel source="#mixamorig_Spine1-Matrix-animation-transform" target="mixamorig_Spine1/matrix"/>
    </animation>
    <animation id="mixamorig_Spine2-anim" name="mixamorig_Spine2">
      <source id="mixamorig_Spine2-Matrix-animation-input">
        <float_array id="mixamorig_Spine2-Matrix-animation-input-array" count="36">

0.000000 0.033333 0.066667 0.100000 0.133333 0.166667 0.200000 0.233333 0.266667 0.300000 0.333333 0.366667 0.400000 0.433333 0.466667 0.500000
0.533333 0.566667 0.600000 0.633333 0.666667 0.700000 0.733333 0.766667 0.800000 0.833333 0.866667 0.900000 0.933333 0.966667 1.000000 1.033333
1.066667 1.100000 1.133333 1.166667</float_array>
        <technique_common>
          <accessor source="#mixamorig_Spine2-Matrix-animation-input-array" count="36">
            <param name="TIME" type="float"/>
          </accessor>
        </technique_common>
      </source>
      <source id="mixamorig_Spine2-Matrix-animation-output-transform">
        <float_array id="mixamorig_Spine2-Matrix-animation-output-transform-array" count="576">

0.995470 -0.035712 -0.088118 0.000000 0.031305 0.998214 -0.050890 13.290100 0.089778 0.047901 0.994809 0.000000 0.000000 0.000000 0.000000 1.000000
0.995480 -0.039902 -0.086185 -0.000000 0.035062 0.997761 -0.056961 13.290100 0.088265 0.053682 0.994649 -0.000000 0.000000 0.000000 0.000000 1.000000
0.995588 -0.041314 -0.084248 0.000000 0.035992 0.997317 -0.063743 13.290100 0.086655 0.060430 0.994404 0.000000 0.000000 0.000000 0.000000 1.000000
0.995833 -0.039764 -0.082071 0.000000 0.033784 0.996759 -0.073001 13.290100 0.084708 0.069925 0.993949 0.000000 0.000000 0.000000 0.000000 1.000000
0.996130 -0.037071 -0.079688 -0.000000 0.030220 0.995878 -0.085515 13.290100 0.082529 0.082776 0.993145 -0.000000 0.000000 0.000000 0.000000 1.000000
0.996439 -0.035524 -0.076473 0.000000 0.028041 0.994910 -0.096791 13.290100 0.079522 0.094302 0.992363 -0.000000 0.000000 0.000000 0.000000 1.000000
0.996761 -0.035023 -0.072396 0.000000 0.027319 0.994119 -0.104793 13.290100 0.075640 0.102476 0.991855 0.000000 0.000000 0.000000 0.000000 1.000000
0.997049 -0.034502 -0.068575 0.000000 0.026713 0.993415 -0.111416 13.290100 0.071967 0.109255 0.991405 0.000000 0.000000 0.000000 0.000000 1.000000
0.997309 -0.033696 -0.065116 0.000000 0.025889 0.992769 -0.117218 13.290100 0.068595 0.115216 0.990969 0.000000 0.000000 0.000000 0.000000 1.000000
0.997567 -0.032377 -0.061735 0.000000 0.024642 0.992203 -0.122176 13.290100 0.065209 0.120357 0.990587 -0.000000 0.000000 0.000000 0.000000 1.000000
0.997833 -0.030255 -0.058423 0.000000 0.022700 0.991784 -0.125896 13.290100 0.061752 0.124297 0.990322 -0.000000 0.000000 0.000000 0.000000 1.000000
0.998056 -0.027846 -0.055754 0.000000 0.020526 0.991586 -0.127810 13.290100 0.058844 0.126417 0.990230 0.000000 0.000000 0.000000 0.000000 1.000000
0.998180 -0.025501 -0.054649 0.000000 0.018434 0.991844 -0.126115 13.290100 0.057419 0.124878 0.990509 0.000000 0.000000 0.000000 0.000000 1.000000
0.998194 -0.023324 -0.055354 0.000000 0.016517 0.992591 -0.120377 13.290100 0.057752 0.119245 0.991184 0.000000 0.000000 0.000000 0.000000 1.000000
0.998131 -0.021414 -0.057231 0.000000 0.014816 0.993448 -0.113318 13.290100 0.059283 0.112258 0.991909 0.000000 0.000000 0.000000 0.000000 1.000000
0.997976 -0.020003 -0.060357 0.000000 0.013493 0.994232 -0.106398 13.290100 0.062137 0.105368 0.992490 0.000000 0.000000 0.000000 0.000000 1.000000
0.997725 -0.018642 -0.064781 0.000000 0.012012 0.994786 -0.101279 13.290100 0.066332 0.100270 0.992747 0.000000 0.000000 0.000000 0.000000 1.000000
0.997401 -0.015838 -0.070282 0.000000 0.008720 0.994905 -0.100443 13.290100 0.071515 0.099569 0.992457 0.000000 0.000000 0.000000 0.000000 1.000000
0.996995 -0.011958 -0.076538 0.000000 0.004132 0.994817 -0.101599 13.290100 0.077357 0.100978 0.991877 0.000000 0.000000 0.000000 0.000000 1.000000
0.996481 -0.006971 -0.083534 0.000000 -0.001747 0.994594 -0.103830 13.290100 0.083806 0.103610 0.991081 0.000000 0.000000 0.000000 0.000000 1.000000
0.995786 -0.000115 -0.091708 0.000000 -0.009710 0.994245 -0.106687 13.290100 0.091192 0.107128 0.990054 -0.000000 0.000000 0.000000 0.000000 1.000000
0.994791 0.009023 -0.101533 -0.000000 -0.020187 0.993785 -0.109470 13.290100 0.099914 0.110949 0.988791 0.000000 0.000000 0.000000 0.000000 1.000000
0.993549 0.017251 -0.112085 0.000000 -0.029620 0.993530 -0.109644 13.290100 0.109468 0.112256 0.987631 0.000000 0.000000 0.000000 0.000000 1.000000
0.992447 0.019939 -0.121041 0.000000 -0.032877 0.993838 -0.105857 13.290100 0.118184 0.109037 0.986987 -0.000000 0.000000 0.000000 0.000000 1.000000
0.991521 0.021391 -0.128175 0.000000 -0.034613 0.994199 -0.101835 13.290100 0.125253 0.105408 0.986509 0.000000 0.000000 0.000000 0.000000 1.000000
0.991312 0.022413 -0.129610 -0.000000 -0.035359 0.994512 -0.098462 13.290100 0.126692 0.102189 0.986664 0.000000 0.000000 0.000000 0.000000 1.000000
0.992001 0.022230 -0.124258 0.000000 -0.034184 0.994898 -0.094916 13.290100 0.121514 0.098405 0.987700 0.000000 0.000000 0.000000 0.000000 1.000000
0.993033 0.019415 -0.116228 0.000000 -0.030295 0.995244 -0.092585 13.290100 0.113878 0.095461 0.988898 0.000000 0.000000 0.000000 0.000000 1.000000
0.993845 0.013376 -0.109971 -0.000000 -0.023466 0.995577 -0.090974 13.290100 0.108268 0.092995 0.989763 0.000000 0.000000 0.000000 0.000000 1.000000
0.994457 0.005460 -0.105005 0.000000 -0.014860 0.995926 -0.088942 13.290100 0.104092 0.090009 0.990486 -0.000000 0.000000 0.000000 0.000000 1.000000
0.994869 -0.003639 -0.101110 0.000000 -0.004751 0.996570 -0.082612 13.290100 0.101063 0.082668 0.991439 0.000000 0.000000 0.000000 0.000000 1.000000
0.995109 -0.012398 -0.098006 0.000000 0.005428 0.997456 -0.071073 13.290100 0.098638 0.070194 0.992645 -0.000000 0.000000 0.000000 0.000000 1.000000
0.995255 -0.020328 -0.095156 0.000000 0.014679 0.998108 -0.059700 13.290100 0.096190 0.058020 0.993671 0.000000 0.000000 0.000000 0.000000 1.000000
0.995362 -0.026594 -0.092447 -0.000000 0.021794 0.998381 -0.052547 13.290100 0.093695 0.050288 0.994330 0.000000 0.000000 0.000000 0.000000 1.000000
0.995435 -0.031383 -0.090138 0.000000 0.026929 0.998375 -0.050219 13.290100 0.091568 0.047562 0.994662 -0.000000 0.000000 0.000000 0.000000 1.000000
0.995470 -0.035712 -0.088118 0.000000 0.031305 0.998214 -0.050889 13.290100 0.089778 0.047900 0.994809 0.000000 0.000000 0.000000 0.000000 1.000000</float_array>
        <technique_common>
          <accessor source="#mixamorig_Spine2-Matrix-animation-output-transform-array" count="36" stride="16">
            <param type="float4x4"/>
          </accessor>
        </technique_common>
      </source>
      <source id="mixamorig_Spine2-Interpolations">
        <Name_array id="mixamorig_Spine2-Interpolations-array" count="36">
 LINEAR LINEAR LINEAR LINEAR LINEAR LINEAR LINEAR LINEAR LINEAR LINEAR LINEAR
LINEAR LINEAR LINEAR LINEAR LINEAR LINEAR LINEAR LINEAR LINEAR LINEAR LINEAR LINEAR
LINEAR LINEAR LINEAR LINEAR LINEAR LINEAR LINEAR LINEAR LINEAR LINEAR LINEAR LINEAR
LINEAR</Name_array>
        <technique_common>
          <accessor source="#mixamorig_Spine2-Interpolations-array" count="36">
            <param type="name"/>
          </accessor>
        </technique_common>
      </source>
      <sampler id="mixamorig_Spine2-Matrix-animation-transform">
        <input semantic="INPUT" source="#mixamorig_Spine2-Matrix-animation-input"/>
        <input semantic="OUTPUT" source="#mixamorig_Spine2-Matrix-animation-output-transform"/>
        <input semantic="INTERPOLATION" source="#mixamorig_Spine2-Interpolations"/>
      </sampler>
      <channel source="#mixamorig_Spine2-Matrix-animation-transform" target="mixamorig_Spine2/matrix"/>
    </animation>
    <animation id="mixamorig_Neck-anim" name="mixamorig_Neck">
      <source id="mixamorig_Neck-Matrix-animation-input">
        <float_array id="mixamorig_Neck-Matrix-animation-input-array" count="36">

0.000000 0.033333 0.066667 0.100000 0.133333 0.166667 0.200000 0.233333 0.266667 0.300000 0.333333 0.366667 0.400000 0.433333 0.466667 0.500000
0.533333 0.566667 0.600000 0.633333 0.666667 0.700000 0.733333 0.766667 0.800000 0.833333 0.866667 0.900000 0.933333 0.966667 1.000000 1.033333
1.066667 1.100000 1.133333 1.166667</float_array>
        <technique_common>
          <accessor source="#mixamorig_Neck-Matrix-animation-input-array" count="36">
            <param name="TIME" type="float"/>
          </accessor>
        </technique_common>
      </source>
      <source id="mixamorig_Neck-Matrix-animation-output-transform">
        <float_array id="mixamorig_Neck-Matrix-animation-output-transform-array" count="576">

0.943097 0.012984 0.332264 0.000000 -0.067588 0.985863 0.153317 14.907100 -0.325576 -0.167050 0.930642 -5.902900 0.000000 0.000000 0.000000 1.000000
0.941517 0.031178 0.335520 -0.000000 -0.087502 0.984175 0.154089 14.907100 -0.325406 -0.174436 0.929346 -5.902900 0.000000 0.000000 0.000000 1.000000
0.939896 0.041100 0.338978 0.000000 -0.099116 0.982826 0.155659 14.907100 -0.326759 -0.179902 0.927828 -5.902900 0.000000 0.000000 0.000000 1.000000
0.938274 0.045031 0.342949 -0.000000 -0.104325 0.982159 0.156458 14.907100 -0.329785 -0.182579 0.926233 -5.902900 0.000000 0.000000 0.000000 1.000000
0.936557 0.044742 0.347647 -0.000000 -0.106348 0.981339 0.160202 14.907100 -0.333991 -0.187010 0.923838 -5.902900 0.000000 0.000000 0.000000 1.000000
0.934829 0.045229 0.352205 -0.000000 -0.107072 0.981594 0.158139 14.907100 -0.338570 -0.185544 0.922466 -5.902900 0.000000 0.000000 0.000000 1.000000
0.933803 0.046808 0.354713 0.000000 -0.104936 0.983636 0.146450 14.907100 -0.342053 -0.173978 0.923434 -5.902900 0.000000 0.000000 0.000000 1.000000
0.934094 0.039022 0.354887 0.000000 -0.092830 0.986367 0.135879 14.907100 -0.344746 -0.159868 0.924982 -5.902900 0.000000 0.000000 0.000000 1.000000
0.935398 0.021615 0.352935 -0.000000 -0.071494 0.989076 0.128910 14.907100 -0.346293 -0.145815 0.926725 -5.902900 0.000000 0.000000 0.000000 1.000000
0.937194 -0.003870 0.348788 0.000000 -0.043511 0.990831 0.127908 14.907100 -0.346085 -0.135051 0.928432 -5.902900 0.000000 0.000000 0.000000 1.000000
0.938678 -0.034211 0.343092 0.000000 -0.011828 0.991285 0.131205 14.907100 -0.344591 -0.127217 0.930093 -5.902900 0.000000 0.000000 0.000000 1.000000
0.938983 -0.061745 0.338377 -0.000000 0.016641 0.990759 0.134610 14.907100 -0.343562 -0.120766 0.931333 -5.902900 0.000000 0.000000 0.000000 1.000000
0.938042 -0.079471 0.337287 -0.000000 0.035175 0.990156 0.135473 14.907100 -0.344733 -0.115215 0.931603 -5.902900 0.000000 0.000000 0.000000 1.000000
0.936392 -0.085839 0.340296 0.000000 0.042191 0.990129 0.133661 14.907100 -0.348410 -0.110802 0.930770 -5.902900 0.000000 0.000000 0.000000 1.000000
0.934918 -0.084488 0.344659 -0.000000 0.041265 0.990539 0.130881 14.907100 -0.352456 -0.108141 0.929559 -5.902900 0.000000 0.000000 0.000000 1.000000
0.934191 -0.074285 0.348955 0.000000 0.031091 0.991313 0.127794 14.907100 -0.355417 -0.108535 0.928385 -5.902900 0.000000 0.000000 0.000000 1.000000
0.933970 -0.053514 0.353323 0.000000 0.010315 0.992349 0.123033 14.907100 -0.357204 -0.111264 0.927376 -5.902900 0.000000 0.000000 0.000000 1.000000
0.933017 -0.025703 0.358912 0.000000 -0.016469 0.993350 0.113951 14.907100 -0.359454 -0.112229 0.926389 -5.902900 0.000000 0.000000 0.000000 1.000000
0.930697 0.004865 0.365760 0.000000 -0.045179 0.993784 0.101743 14.907100 -0.362992 -0.111217 0.925131 -5.902900 0.000000 0.000000 0.000000 1.000000
0.927742 0.031637 0.371879 0.000000 -0.070469 0.993327 0.091296 14.907100 -0.366510 -0.110905 0.923781 -5.902900 0.000000 0.000000 0.000000 1.000000
0.926147 0.043608 0.374633 0.000000 -0.083370 0.992393 0.090587 14.907100 -0.367833 -0.115130 0.922737 -5.902900 0.000000 0.000000 0.000000 1.000000
0.927595 0.032942 0.372133 0.000000 -0.077343 0.991457 0.105024 14.907100 -0.365494 -0.126202 0.922219 -5.902900 0.000000 0.000000 0.000000 1.000000
0.930498 0.009759 0.366166 0.000000 -0.061063 0.989790 0.128792 14.907100 -0.361170 -0.142200 0.921594 -5.902900 0.000000 0.000000 0.000000 1.000000
0.932342 -0.004991 0.361543 0.000000 -0.052907 0.987260 0.150065 14.907100 -0.357686 -0.159040 0.920200 -5.902900 0.000000 0.000000 0.000000 1.000000
0.934510 -0.014664 0.355635 -0.000000 -0.047156 0.985243 0.164538 14.907100 -0.352800 -0.170533 0.920027 -5.902900 0.000000 0.000000 0.000000 1.000000
0.936886 -0.012979 0.349395 0.000000 -0.046378 0.985867 0.160984 14.907100 -0.346546 -0.167028 0.923042 -5.902900 0.000000 0.000000 0.000000 1.000000
0.938591 -0.002517 0.345023 -0.000000 -0.049666 0.988574 0.142321 14.907100 -0.341439 -0.150717 0.927741 -5.902900 0.000000 0.000000 0.000000 1.000000
0.939230 0.009684 0.343151 0.000000 -0.054095 0.991288 0.120088 14.907100 -0.338998 -0.131353 0.931572 -5.902900 0.000000 0.000000 0.000000 1.000000
0.939698 0.017096 0.341578 0.000000 -0.056400 0.992822 0.105470 14.907100 -0.337323 -0.118375 0.933917 -5.902900 0.000000 0.000000 0.000000 1.000000
0.940695 0.016945 0.338830 -0.000000 -0.055843 0.992863 0.105383 14.907100 -0.334625 -0.118054 0.934927 -5.902900 0.000000 0.000000 0.000000 1.000000
0.941373 0.016288 0.336975 0.000000 -0.057138 0.992102 0.111667 14.907100 -0.332494 -0.124374 0.934868 -5.902900 0.000000 0.000000 0.000000 1.000000
0.941367 0.016470 0.336982 0.000000 -0.060893 0.990699 0.121686 14.907100 -0.331843 -0.135071 0.933614 -5.902900 0.000000 0.000000 0.000000 1.000000
0.941600 0.013734 0.336453 0.000000 -0.061727 0.989277 0.132367 14.907100 -0.331027 -0.145405 0.932351 -5.902900 0.000000 0.000000 0.000000 1.000000
0.942347 0.008923 0.334519 0.000000 -0.059596 0.988139 0.141525 14.907100 -0.329288 -0.153302 0.931702 -5.902900 0.000000 0.000000 0.000000 1.000000
0.942933 0.008190 0.332881 0.000000 -0.060982 0.987037 0.148456 14.907100 -0.327350 -0.160284 0.931210 -5.902900 0.000000 0.000000 0.000000 1.000000
0.943105 0.012925 0.332245 0.000000 -0.067526 0.985866 0.153325 14.907100 -0.325567 -0.167037 0.930648 -5.902900 0.000000 0.000000 0.000000 1.000000</float_array>
        <technique_common>
          <accessor source="#mixamorig_Neck-Matrix-animation-output-transform-array" count="36" stride="16">
            <param type="float4x4"/>
          </accessor>
        </technique_common>
      </source>
      <source id="mixamorig_Neck-Interpolations">
        <Name_array id="mixamorig_Neck-Interpolations-array" count="36">
 LINEAR LINEAR LINEAR LINEAR LINEAR LINEAR LINEAR LINEAR LINEAR LINEAR LINEAR
LINEAR LINEAR LINEAR LINEAR LINEAR LINEAR LINEAR LINEAR LINEAR LINEAR LINEAR LINEAR
LINEAR LINEAR LINEAR LINEAR LINEAR LINEAR LINEAR LINEAR LINEAR LINEAR LINEAR LINEAR
LINEAR</Name_array>
        <technique_common>
          <accessor source="#mixamorig_Neck-Interpolations-array" count="36">
            <param type="name"/>
          </accessor>
        </technique_common>
      </source>
      <sampler id="mixamorig_Neck-Matrix-animation-transform">
        <input semantic="INPUT" source="#mixamorig_Neck-Matrix-animation-input"/>
        <input semantic="OUTPUT" source="#mixamorig_Neck-Matrix-animation-output-transform"/>
        <input semantic="INTERPOLATION" source="#mixamorig_Neck-Interpolations"/>
      </sampler>
      <channel source="#mixamorig_Neck-Matrix-animation-transform" target="mixamorig_Neck/matrix"/>
    </animation>
    <animation id="mixamorig_Head-anim" name="mixamorig_Head">
      <source id="mixamorig_Head-Matrix-animation-input">
        <float_array id="mixamorig_Head-Matrix-animation-input-array" count="36">

0.000000 0.033333 0.066667 0.100000 0.133333 0.166667 0.200000 0.233333 0.266667 0.300000 0.333333 0.366667 0.400000 0.433333 0.466667 0.500000
0.533333 0.566667 0.600000 0.633333 0.666667 0.700000 0.733333 0.766667 0.800000 0.833333 0.866667 0.900000 0.933333 0.966667 1.000000 1.033333
1.066667 1.100000 1.133333 1.166667</float_array>
        <technique_common>
          <accessor source="#mixamorig_Head-Matrix-animation-input-array" count="36">
            <param name="TIME" type="float"/>
          </accessor>
        </technique_common>
      </source>
      <source id="mixamorig_Head-Matrix-animation-output-transform">
        <float_array id="mixamorig_Head-Matrix-animation-output-transform-array" count="576">

0.873174 0.033859 0.486230 -0.000000 -0.194466 0.938945 0.283839 10.914100 -0.446933 -0.342396 0.826447 1.211700 0.000000 0.000000 0.000000 1.000000
0.875041 0.030039 0.483115 0.000000 -0.187996 0.940812 0.282010 10.914100 -0.446050 -0.337594 0.828897 1.211700 0.000000 0.000000 0.000000 1.000000
0.874133 0.030981 0.484697 0.000000 -0.187098 0.942423 0.277187 10.914100 -0.448203 -0.332984 0.829600 1.211700 0.000000 0.000000 0.000000 1.000000
