<?xml version="1.0" encoding="utf-8"?>
<COLLADA xmlns="http://www.collada.org/2005/11/COLLADASchema" version="1.4.1">
  <asset>
    <contributor>
      <author>Mixamo</author>
      <authoring_tool>COLLADA Mixamo exporter</authoring_tool>
      <comments/>
    </contributor>
    <created>2024-12-02T04:01:28Z</created>
    <modified>2024-12-02T04:01:28Z</modified>
    <revision/>
    <title/>
    <unit meter="0.010000"/>
    <up_axis>Y_UP</up_axis>
  </asset>
  <library_animations>
    <animation id="mixamorig_Hips-anim" name="mixamorig_Hips">
      <source id="mixamorig_Hips-Matrix-animation-input">
        <float_array id="mixamorig_Hips-Matrix-animation-input-array" count="39">

0.000000 0.033333 0.066667 0.100000 0.133333 0.166667 0.200000 0.233333 0.266667 0.300000 0.333333 0.366667 0.400000 0.433333 0.466667 0.500000
0.533333 0.566667 0.600000 0.633333 0.666667 0.700000 0.733333 0.766667 0.800000 0.833333 0.866667 0.900000 0.933333 0.966667 1.000000 1.033333
1.066667 1.100000 1.133333 1.166667 1.200000 1.233333 1.266667</float_array>
        <technique_common>
          <accessor source="#mixamorig_Hips-Matrix-animation-input-array" count="39">
            <param name="TIME" type="float"/>
          </accessor>
        </technique_common>
      </source>
      <source id="mixamorig_Hips-Matrix-animation-output-transform">
        <float_array id="mixamorig_Hips-Matrix-animation-output-transform-array" count="624">

0.825019 -0.186880 -0.533309 1.462074 -0.039647 0.922268 -0.384512 94.305893 0.563712 0.338374 0.753480 -0.168533 0.000000 0.000000 0.000000 1.000000
0.827969 -0.186575 -0.528826 -3.261129 -0.035642 0.923614 -0.381664 94.365822 0.559640 0.334855 0.758073 0.546509 0.000000 0.000000 0.000000 1.000000
0.830312 -0.189728 -0.524010 -7.684009 -0.030392 0.923451 -0.382511 94.490837 0.556470 0.333529 0.760986 1.328511 0.000000 0.000000 0.000000 1.000000
0.830088 -0.194488 -0.522617 -11.764764 -0.029970 0.920292 -0.390083 94.367287 0.556827 0.339466 0.758094 2.228836 0.000000 0.000000 0.000000 1.000000
0.825741 -0.202563 -0.526422 -15.523458 -0.033161 0.914242 -0.403809 94.051430 0.563074 0.350898 0.748211 3.209294 0.000000 0.000000 0.000000 1.000000
0.816774 -0.212896 -0.536241 -19.184334 -0.035201 0.909310 -0.414627 93.695274 0.575882 0.357533 0.735207 4.217879 0.000000 0.000000 0.000000 1.000000
0.800554 -0.229956 -0.553383 -23.091236 -0.031999 0.905723 -0.422661 93.366096 0.598405 0.356071 0.717722 5.254061 0.000000 0.000000 0.000000 1.000000
0.776623 -0.252580 -0.577113 -27.511557 -0.025826 0.902568 -0.429772 93.078133 0.629436 0.348675 0.694432 6.336188 0.000000 0.000000 0.000000 1.000000
0.748712 -0.278500 -0.601555 -32.416901 -0.019437 0.897852 -0.439869 92.903938 0.662611 0.341027 0.666819 7.407043 0.000000 0.000000 0.000000 1.000000
0.723626 -0.304091 -0.619592 -37.970367 -0.014905 0.890615 -0.454514 92.799492 0.690032 0.338133 0.639939 8.437382 0.000000 0.000000 0.000000 1.000000
0.705972 -0.326599 -0.628440 -44.123138 -0.011350 0.881996 -0.471120 92.793144 0.708149 0.339730 0.618957 9.459206 0.000000 0.000000 0.000000 1.000000
0.698261 -0.342562 -0.628556 -50.760170 -0.007452 0.874538 -0.484900 92.997543 0.715805 0.343270 0.608103 10.552249 0.000000 0.000000 0.000000 1.000000
0.702404 -0.344686 -0.622752 -57.712906 -0.005037 0.872495 -0.488597 93.425026 0.711761 0.346329 0.611108 11.664503 0.000000 0.000000 0.000000 1.000000
0.708367 -0.339060 -0.619075 -64.262726 -0.005507 0.874389 -0.485194 93.364998 0.705823 0.347104 0.617522 12.749840 0.000000 0.000000 0.000000 1.000000
0.713928 -0.332961 -0.615990 -69.840057 -0.004204 0.877656 -0.479272 92.766724 0.700207 0.344756 0.625183 13.613175 0.000000 0.000000 0.000000 1.000000
0.722424 -0.325592 -0.609994 -75.095642 -0.001300 0.881555 -0.472080 92.341652 0.691449 0.341835 0.636433 14.210752 0.000000 0.000000 0.000000 1.000000
0.732020 -0.317138 -0.602968 -80.287415 0.002628 0.886355 -0.462998 92.247292 0.681278 0.337339 0.649663 14.720678 0.000000 0.000000 0.000000 1.000000
0.740922 -0.309566 -0.595990 -85.566612 0.004117 0.889506 -0.456905 92.269852 0.671579 0.336078 0.660329 15.078541 0.000000 0.000000 0.000000 1.000000
0.749496 -0.299744 -0.590262 -90.934006 0.001028 0.892148 -0.451742 92.558556 0.662008 0.337972 0.668970 15.287383 0.000000 0.000000 0.000000 1.000000
0.757797 -0.285040 -0.586938 -96.480186 -0.009165 0.894796 -0.446381 93.155388 0.652426 0.343646 0.675461 15.385797 0.000000 0.000000 0.000000 1.000000
0.764740 -0.266353 -0.586710 -101.931633 -0.026056 0.897033 -0.441194 93.969124 0.643812 0.352686 0.679057 15.361319 0.000000 0.000000 0.000000 1.000000
0.771987 -0.246726 -0.585800 -107.241982 -0.046800 0.897030 -0.439484 94.854004 0.633913 0.366691 0.680949 15.167967 0.000000 0.000000 0.000000 1.000000
0.780344 -0.227820 -0.582375 -112.361008 -0.067607 0.895086 -0.440739 95.681435 0.621685 0.383301 0.683072 14.745941 0.000000 0.000000 0.000000 1.000000
0.789990 -0.211492 -0.575489 -117.283104 -0.085725 0.891303 -0.445231 96.420959 0.607098 0.401061 0.685990 14.120408 0.000000 0.000000 0.000000 1.000000
0.799772 -0.199758 -0.566093 -122.179970 -0.100130 0.885410 -0.453898 97.079803 0.591894 0.419698 0.688125 13.312852 0.000000 0.000000 0.000000 1.000000
0.809029 -0.191838 -0.555581 -127.191101 -0.110485 0.878752 -0.464314 97.542755 0.577292 0.437027 0.689741 12.331323 0.000000 0.000000 0.000000 1.000000
0.819357 -0.186460 -0.542114 -132.625885 -0.115228 0.872766 -0.474344 97.531799 0.561584 0.451123 0.693622 11.158705 0.000000 0.000000 0.000000 1.000000
0.832360 -0.184046 -0.522785 -138.561096 -0.111666 0.868222 -0.483447 97.103432 0.542870 0.460779 0.702121 9.767755 0.000000 0.000000 0.000000 1.000000
0.848141 -0.183133 -0.497110 -145.001572 -0.098096 0.867835 -0.487072 96.285851 0.520609 0.461870 0.718082 8.228428 0.000000 0.000000 0.000000 1.000000
0.860184 -0.181700 -0.476517 -151.547577 -0.085408 0.869855 -0.485857 95.379814 0.502780 0.458625 0.732717 6.680173 0.000000 0.000000 0.000000 1.000000
0.867785 -0.170817 -0.466659 -158.154419 -0.084583 0.874591 -0.477426 94.568214 0.489688 0.453775 0.744509 5.109870 0.000000 0.000000 0.000000 1.000000
0.870324 -0.156599 -0.466918 -164.510391 -0.089274 0.882222 -0.462293 93.650574 0.484320 0.444028 0.753839 3.780521 0.000000 0.000000 0.000000 1.000000
0.868020 -0.153919 -0.472070 -170.323517 -0.083343 0.892086 -0.444113 93.230797 0.489484 0.424843 0.761521 2.729754 0.000000 0.000000 0.000000 1.000000
0.861181 -0.163800 -0.481183 -175.572525 -0.070579 0.898950 -0.432329 93.469742 0.503375 0.406275 0.762597 1.857160 0.000000 0.000000 0.000000 1.000000
0.851051 -0.173676 -0.495529 -180.309982 -0.062024 0.903857 -0.423314 93.842918 0.521407 0.390997 0.758456 1.164590 0.000000 0.000000 0.000000 1.000000
0.839714 -0.180403 -0.512187 -184.714966 -0.054951 0.910132 -0.410657 94.153427 0.540242 0.372980 0.754337 0.650744 0.000000 0.000000 0.000000 1.000000
0.830035 -0.185758 -0.525867 -189.162567 -0.047586 0.915874 -0.398635 94.276611 0.555678 0.355905 0.751368 0.269382 0.000000 0.000000 0.000000 1.000000
0.825461 -0.187215 -0.532508 -193.544052 -0.042940 0.919834 -0.389952 94.303940 0.562823 0.344756 0.751248 -0.010667 0.000000 0.000000 0.000000 1.000000
0.825020 -0.186880 -0.533309 -197.828186 -0.039647 0.922268 -0.384512 94.305847 0.563712 0.338374 0.753480 -0.168514 0.000000 0.000000 0.000000 1.000000</float_array>
        <technique_common>
          <accessor source="#mixamorig_Hips-Matrix-animation-output-transform-array" count="39" stride="16">
            <param type="float4x4"/>
          </accessor>
        </technique_common>
      </source>
      <source id="mixamorig_Hips-Interpolations">
        <Name_array id="mixamorig_Hips-Interpolations-array" count="39">
 LINEAR LINEAR LINEAR LINEAR LINEAR LINEAR LINEAR LINEAR LINEAR LINEAR LINEAR
LINEAR LINEAR LINEAR LINEAR LINEAR LINEAR LINEAR LINEAR LINEAR LINEAR LINEAR LINEAR
LINEAR LINEAR LINEAR LINEAR LINEAR LINEAR LINEAR LINEAR LINEAR LINEAR LINEAR LINEAR
LINEAR LINEAR LINEAR LINEAR</Name_array>
        <technique_common>
          <accessor source="#mixamorig_Hips-Interpolations-array" count="39">
            <param type="name"/>
          </accessor>
        </technique_common>
      </source>
      <sampler id="mixamorig_Hips-Matrix-animation-transform">
        <input semantic="INPUT" source="#mixamorig_Hips-Matrix-animation-input"/>
        <input semantic="OUTPUT" source="#mixamorig_Hips-Matrix-animation-output-transform"/>
        <input semantic="INTERPOLATION" source="#mixamorig_Hips-Interpolations"/>
      </sampler>
      <channel source="#mixamorig_Hips-Matrix-animation-transform" target="mixamorig_Hips/matrix"/>
    </animation>
    <animation id="mixamorig_Spine-anim" name="mixamorig_Spine">
      <source id="mixamorig_Spine-Matrix-animation-input">
        <float_array id="mixamorig_Spine-Matrix-animation-input-array" count="39">

0.000000 0.033333 0.066667 0.100000 0.133333 0.166667 0.200000 0.233333 0.266667 0.300000 0.333333 0.366667 0.400000 0.433333 0.466667 0.500000
0.533333 0.566667 0.600000 0.633333 0.666667 0.700000 0.733333 0.766667 0.800000 0.833333 0.866667 0.900000 0.933333 0.966667 1.000000 1.033333
1.066667 1.100000 1.133333 1.166667 1.200000 1.233333 1.266667</float_array>
        <technique_common>
          <accessor source="#mixamorig_Spine-Matrix-animation-input-array" count="39">
            <param name="TIME" type="float"/>
          </accessor>
        </technique_common>
      </source>
      <source id="mixamorig_Spine-Matrix-animation-output-transform">
        <float_array id="mixamorig_Spine-Matrix-animation-output-transform-array" count="624">

0.995172 0.098151 -0.000247 -0.000900 -0.086019 0.870947 -0.483790 9.938600 -0.047270 0.481475 0.875184 0.799700 0.000000 0.000000 0.000000 1.000000
0.996783 0.080152 0.000461 -0.000900 -0.069924 0.872368 -0.483822 9.938600 -0.039181 0.482233 0.875166 0.799700 0.000000 0.000000 0.000000 1.000000
0.998021 0.062883 0.000762 -0.000900 -0.054944 0.877791 -0.475882 9.938600 -0.030594 0.474898 0.879509 0.799700 0.000000 0.000000 0.000000 1.000000
0.999006 0.044044 0.006925 -0.000900 -0.036119 0.890548 -0.453452 9.938600 -0.026139 0.452751 0.891254 0.799700 0.000000 0.000000 0.000000 1.000000
0.999521 0.025812 0.017074 -0.000900 -0.016404 0.909700 -0.414943 9.938600 -0.026242 0.414464 0.909687 0.799700 0.000000 0.000000 0.000000 1.000000
0.999501 0.017565 0.026244 -0.000900 -0.006360 0.925986 -0.377505 9.938600 -0.030933 0.377149 0.925636 0.799700 0.000000 0.000000 0.000000 1.000000
0.999022 0.029508 0.032925 -0.000900 -0.016312 0.938155 -0.345832 9.938600 -0.041094 0.344956 0.937719 0.799700 0.000000 0.000000 0.000000 1.000000
0.997688 0.055518 0.039192 -0.000900 -0.040078 0.946428 -0.320418 9.938600 -0.054882 0.318107 0.946465 0.799700 0.000000 0.000000 0.000000 1.000000
0.995358 0.084554 0.045975 -0.000900 -0.067191 0.952489 -0.297070 9.938600 -0.068909 0.292602 0.953748 0.799700 0.000000 0.000000 0.000000 1.000000
0.992524 0.109734 0.053430 -0.000900 -0.091138 0.957527 -0.273563 9.938600 -0.081180 0.266648 0.960369 0.799700 0.000000 0.000000 0.000000 1.000000
0.989638 0.130625 0.059610 -0.000900 -0.111655 0.961139 -0.252477 9.938600 -0.090273 0.243205 0.965765 0.799700 0.000000 0.000000 0.000000 1.000000
0.986762 0.149784 0.062167 -0.000900 -0.130715 0.961486 -0.241781 9.938600 -0.095987 0.230454 0.968337 0.799700 0.000000 0.000000 0.000000 1.000000
0.984931 0.162373 0.059541 -0.000900 -0.142548 0.957133 -0.252144 9.938600 -0.097930 0.239857 0.965856 0.799700 0.000000 0.000000 0.000000 1.000000
0.984314 0.167239 0.056187 -0.000900 -0.146369 0.951909 -0.269155 9.938600 -0.098498 0.256709 0.961456 0.799700 0.000000 0.000000 0.000000 1.000000
0.984138 0.169878 0.051121 -0.000900 -0.148715 0.947109 -0.284373 9.938600 -0.096726 0.272260 0.957350 0.799700 0.000000 0.000000 0.000000 1.000000
0.984195 0.171744 0.043168 -0.000900 -0.151056 0.941421 -0.301510 9.938600 -0.092422 0.290224 0.952485 0.799700 0.000000 0.000000 0.000000 1.000000
0.983914 0.175567 0.032995 -0.000900 -0.155618 0.933065 -0.324304 9.938600 -0.087724 0.313953 0.945377 0.799700 0.000000 0.000000 0.000000 1.000000
0.983502 0.179175 0.024919 -0.000900 -0.160245 0.926819 -0.339600 9.938600 -0.083943 0.330004 0.940240 0.799700 0.000000 0.000000 0.000000 1.000000
0.983452 0.180256 0.018159 -0.000900 -0.162188 0.920647 -0.355110 9.938600 -0.080728 0.346289 0.934648 0.799700 0.000000 0.000000 0.000000 1.000000
0.984423 0.175280 0.013714 -0.000900 -0.157642 0.914511 -0.372584 9.938600 -0.077848 0.364618 0.927897 0.799700 0.000000 0.000000 0.000000 1.000000
0.986031 0.166055 0.012998 -0.000900 -0.147914 0.908837 -0.390048 9.938600 -0.076583 0.382676 0.920703 0.799700 0.000000 0.000000 0.000000 1.000000
0.988054 0.153221 0.016513 -0.000900 -0.133680 0.905456 -0.402838 9.938600 -0.076675 0.395818 0.915122 0.799700 0.000000 0.000000 0.000000 1.000000
0.990156 0.138295 0.021561 -0.000900 -0.117109 0.902938 -0.413508 9.938600 -0.076655 0.406913 0.910245 0.799700 0.000000 0.000000 0.000000 1.000000
0.992041 0.123135 0.026328 -0.000900 -0.100696 0.901335 -0.421255 9.938600 -0.075601 0.415251 0.906560 0.799700 0.000000 0.000000 0.000000 1.000000
0.993305 0.111063 0.031777 -0.000900 -0.087442 0.902635 -0.421432 9.938600 -0.075488 0.415832 0.906303 0.799700 0.000000 0.000000 0.000000 1.000000
0.993919 0.103676 0.037104 -0.000900 -0.079124 0.906764 -0.414148 9.938600 -0.076582 0.408694 0.909453 0.799700 0.000000 0.000000 0.000000 1.000000
0.993974 0.101955 0.040268 -0.000900 -0.077635 0.914077 -0.398039 9.938600 -0.077390 0.392515 0.916484 0.799700 0.000000 0.000000 0.000000 1.000000
0.993550 0.106210 0.039711 -0.000900 -0.083427 0.921891 -0.378361 9.938600 -0.076795 0.372607 0.924806 0.799700 0.000000 0.000000 0.000000 1.000000
0.993201 0.111459 0.033590 -0.000900 -0.091587 0.926285 -0.365524 9.938600 -0.071855 0.359963 0.930196 0.799700 0.000000 0.000000 0.000000 1.000000
0.993710 0.108469 0.027826 -0.000900 -0.091717 0.930929 -0.353495 9.938600 -0.064248 0.348719 0.935023 0.799700 0.000000 0.000000 0.000000 1.000000
0.995626 0.090082 0.024788 -0.000900 -0.075914 0.934633 -0.347416 9.938600 -0.054463 0.344015 0.937383 0.799700 0.000000 0.000000 0.000000 1.000000
0.997012 0.073404 0.024055 -0.000900 -0.060380 0.934803 -0.349996 9.938600 -0.048177 0.347498 0.936442 0.799700 0.000000 0.000000 0.000000 1.000000
0.997185 0.072341 0.019700 -0.000900 -0.060128 0.928571 -0.366253 9.938600 -0.044788 0.364038 0.930307 0.799700 0.000000 0.000000 0.000000 1.000000
0.997051 0.075366 0.014450 -0.000900 -0.064048 0.920997 -0.384268 9.938600 -0.042269 0.382209 0.923109 0.799700 0.000000 0.000000 0.000000 1.000000
0.996798 0.079249 0.010640 -0.000900 -0.068223 0.912316 -0.403763 9.938600 -0.041704 0.401745 0.914802 0.799700 0.000000 0.000000 0.000000 1.000000
0.996538 0.082924 0.005928 -0.000900 -0.072181 0.898409 -0.433187 9.938600 -0.041247 0.431259 0.901285 0.799700 0.000000 0.000000 0.000000 1.000000
0.996218 0.086860 0.002221 -0.000900 -0.076147 0.885086 -0.459157 9.938600 -0.041848 0.457251 0.888352 0.799700 0.000000 0.000000 0.000000 1.000000
0.995762 0.091969 0.000664 -0.000900 -0.080610 0.876204 -0.475150 9.938600 -0.044281 0.473083 0.879904 0.799700 0.000000 0.000000 0.000000 1.000000
0.995171 0.098156 -0.000192 -0.000900 -0.085996 0.870947 -0.483793 9.938600 -0.047320 0.481473 0.875183 0.799700 0.000000 0.000000 0.000000 1.000000</float_array>
        <technique_common>
          <accessor source="#mixamorig_Spine-Matrix-animation-output-transform-array" count="39" stride="16">
            <param type="float4x4"/>
          </accessor>
        </technique_common>
      </source>
      <source id="mixamorig_Spine-Interpolations">
        <Name_array id="mixamorig_Spine-Interpolations-array" count="39">
 LINEAR LINEAR LINEAR LINEAR LINEAR LINEAR LINEAR LINEAR LINEAR LINEAR LINEAR
LINEAR LINEAR LINEAR LINEAR LINEAR LINEAR LINEAR LINEAR LINEAR LINEAR LINEAR LINEAR
LINEAR LINEAR LINEAR LINEAR LINEAR LINEAR LINEAR LINEAR LINEAR LINEAR LINEAR LINEAR
LINEAR LINEAR LINEAR LINEAR</Name_array>
        <technique_common>
          <accessor source="#mixamorig_Spine-Interpolations-array" count="39">
            <param type="name"/>
          </accessor>
        </technique_common>
      </source>
      <sampler id="mixamorig_Spine-Matrix-animation-transform">
        <input semantic="INPUT" source="#mixamorig_Spine-Matrix-animation-input"/>
        <input semantic="OUTPUT" source="#mixamorig_Spine-Matrix-animation-output-transform"/>
        <input semantic="INTERPOLATION" source="#mixamorig_Spine-Interpolations"/>
      </sampler>
      <channel source="#mixamorig_Spine-Matrix-animation-transform" target="mixamorig_Spine/matrix"/>
    </animation>
    <animation id="mixamorig_Spine1-anim" name="mixamorig_Spine1">
      <source id="mixamorig_Spine1-Matrix-animation-input">
        <float_array id="mixamorig_Spine1-Matrix-animation-input-array" count="39">

0.000000 0.033333 0.066667 0.100000 0.133333 0.166667 0.200000 0.233333 0.266667 0.300000 0.333333 0.366667 0.400000 0.433333 0.466667 0.500000
0.533333 0.566667 0.600000 0.633333 0.666667 0.700000 0.733333 0.766667 0.800000 0.833333 0.866667 0.900000 0.933333 0.966667 1.000000 1.033333
1.066667 1.100000 1.133333 1.166667 1.200000 1.233333 1.266667</float_array>
        <technique_common>
          <accessor source="#mixamorig_Spine1-Matrix-animation-input-array" count="39">
            <param name="TIME" type="float"/>
          </accessor>
        </technique_common>
      </source>
      <source id="mixamorig_Spine1-Matrix-animation-output-transform">
        <float_array id="mixamorig_Spine1-Matrix-animation-output-transform-array" count="624">

0.995656 -0.016959 -0.091555 -0.000000 0.024763 0.996091 0.084795 11.597900 0.089759 -0.086694 0.992183 0.000000 0.000000 0.000000 0.000000 1.000000
0.995687 -0.009001 -0.092338 0.000000 0.016820 0.996303 0.084251 11.597900 0.091238 -0.085441 0.992157 0.000000 0.000000 0.000000 0.000000 1.000000
0.995775 -0.000121 -0.091822 0.000000 0.007572 0.996701 0.080802 11.597900 0.091509 -0.081156 0.992492 0.000000 0.000000 0.000000 0.000000 1.000000
0.995989 0.010101 -0.088899 0.000000 -0.003644 0.997362 0.072495 11.597900 0.089397 -0.071880 0.993399 0.000000 0.000000 0.000000 0.000000 1.000000
0.996348 0.020853 -0.082804 0.000000 -0.016011 0.998146 0.058716 11.597900 0.083875 -0.057176 0.994835 -0.000000 0.000000 0.000000 0.000000 1.000000
0.996760 0.029253 -0.074924 0.000000 -0.025965 0.998673 0.044483 11.597900 0.076126 -0.042393 0.996197 0.000000 0.000000 0.000000 0.000000 1.000000
0.997334 0.033813 -0.064666 0.000000 -0.031772 0.998972 0.032331 11.597900 0.065693 -0.030190 0.997383 -0.000000 0.000000 0.000000 0.000000 1.000000
0.997982 0.035682 -0.052526 0.000000 -0.034474 0.999124 0.023728 11.597900 0.053327 -0.021869 0.998338 0.000000 0.000000 0.000000 0.000000 1.000000
0.998507 0.036642 -0.040506 -0.000000 -0.035893 0.999174 0.019057 11.597900 0.041171 -0.017574 0.998998 0.000000 0.000000 0.000000 0.000000 1.000000
0.998828 0.037013 -0.031172 0.000000 -0.036444 0.999162 0.018627 11.597900 0.031835 -0.017469 0.999340 0.000000 0.000000 0.000000 0.000000 1.000000
0.999033 0.035881 -0.025417 0.000000 -0.035316 0.999127 0.022321 11.597900 0.026195 -0.021402 0.999428 0.000000 0.000000 0.000000 0.000000 1.000000
0.999239 0.031130 -0.023489 0.000000 -0.030420 0.999087 0.030012 11.597900 0.024402 -0.029274 0.999274 0.000000 0.000000 0.000000 0.000000 1.000000
0.999344 0.025372 -0.025861 0.000000 -0.024342 0.998928 0.039367 11.597900 0.026832 -0.038712 0.998890 0.000000 0.000000 0.000000 0.000000 1.000000
0.999299 0.023022 -0.029538 0.000000 -0.021662 0.998726 0.045574 11.597900 0.030549 -0.044902 0.998524 -0.000000 0.000000 0.000000 0.000000 1.000000
0.999198 0.022008 -0.033439 0.000000 -0.020399 0.998653 0.047705 11.597900 0.034444 -0.046985 0.998302 -0.000000 0.000000 0.000000 0.000000 1.000000
0.999139 0.018043 -0.037358 0.000000 -0.016189 0.998651 0.049329 11.597900 0.038198 -0.048682 0.998084 -0.000000 0.000000 0.000000 0.000000 1.000000
0.999123 0.010540 -0.040523 0.000000 -0.008413 0.998595 0.052312 11.597900 0.041018 -0.051925 0.997808 0.000000 0.000000 0.000000 0.000000 1.000000
0.999087 0.002521 -0.042657 0.000000 -0.000329 0.998682 0.051315 11.597900 0.042730 -0.051254 0.997771 0.000000 0.000000 0.000000 0.000000 1.000000
0.999040 -0.006457 -0.043340 0.000000 0.008617 0.998720 0.049838 11.597900 0.042963 -0.050163 0.997817 0.000000 0.000000 0.000000 0.000000 1.000000
0.998964 -0.014461 -0.043156 -0.000000 0.016601 0.998628 0.049670 11.597900 0.042379 -0.050335 0.997833 0.000000 0.000000 0.000000 0.000000 1.000000
0.998848 -0.022035 -0.042630 0.000000 0.024178 0.998434 0.050439 11.597900 0.041452 -0.051412 0.997817 0.000000 0.000000 0.000000 0.000000 1.000000
0.998739 -0.028212 -0.041528 0.000000 0.030339 0.998210 0.051530 11.597900 0.040000 -0.052725 0.997808 -0.000000 0.000000 0.000000 0.000000 1.000000
0.998615 -0.032852 -0.041087 0.000000 0.035050 0.997928 0.053958 11.597900 0.039229 -0.055323 0.997698 0.000000 0.000000 0.000000 0.000000 1.000000
0.998427 -0.036275 -0.042747 -0.000000 0.038679 0.997635 0.056812 11.597900 0.040585 -0.058376 0.997469 0.000000 0.000000 0.000000 0.000000 1.000000
0.998204 -0.039056 -0.045434 -0.000000 0.041702 0.997398 0.058813 11.597900 0.043019 -0.060602 0.997235 0.000000 0.000000 0.000000 0.000000 1.000000
0.997942 -0.041729 -0.048690 -0.000000 0.044596 0.997239 0.059370 11.597900 0.046078 -0.061419 0.997048 0.000000 0.000000 0.000000 0.000000 1.000000
0.997631 -0.044582 -0.052383 0.000000 0.047533 0.997270 0.056514 11.597900 0.049721 -0.058870 0.997027 -0.000000 0.000000 0.000000 0.000000 1.000000
0.997268 -0.047719 -0.056388 0.000000 0.050672 0.997352 0.052162 11.597900 0.053749 -0.054877 0.997045 0.000000 0.000000 0.000000 0.000000 1.000000
0.996947 -0.049136 -0.060683 0.000000 0.052174 0.997409 0.049534 11.597900 0.058092 -0.052549 0.996927 -0.000000 0.000000 0.000000 0.000000 1.000000
0.996749 -0.047313 -0.065221 0.000000 0.050315 0.997711 0.045179 11.597900 0.062934 -0.048314 0.996848 -0.000000 0.000000 0.000000 0.000000 1.000000
0.996576 -0.044338 -0.069790 -0.000000 0.047074 0.998166 0.038056 11.597900 0.067974 -0.041211 0.996836 0.000000 0.000000 0.000000 0.000000 1.000000
0.996416 -0.040528 -0.074254 0.000000 0.043029 0.998548 0.032398 11.597900 0.072833 -0.035477 0.996713 -0.000000 0.000000 0.000000 0.000000 1.000000
0.996258 -0.036196 -0.078481 0.000000 0.039117 0.998586 0.036011 11.597900 0.077066 -0.038946 0.996265 0.000000 0.000000 0.000000 0.000000 1.000000
0.996101 -0.031658 -0.082338 0.000000 0.035494 0.998331 0.045549 11.597900 0.080759 -0.048294 0.995563 -0.000000 0.000000 0.000000 0.000000 1.000000
0.995949 -0.027231 -0.085692 0.000000 0.032076 0.997933 0.055678 11.597900 0.083999 -0.058202 0.994765 -0.000000 0.000000 0.000000 0.000000 1.000000
0.995813 -0.023233 -0.088411 -0.000000 0.029204 0.997336 0.066847 11.597900 0.086622 -0.069149 0.993839 0.000000 0.000000 0.000000 0.000000 1.000000
0.995709 -0.019981 -0.090360 -0.000000 0.026935 0.996713 0.076408 11.597900 0.088537 -0.078514 0.992974 -0.000000 0.000000 0.000000 0.000000 1.000000
0.995668 -0.017960 -0.091231 0.000000 0.025476 0.996315 0.081903 11.597900 0.089424 -0.083873 0.992456 0.000000 0.000000 0.000000 0.000000 1.000000
0.995673 -0.016949 -0.091363 0.000000 0.024738 0.996091 0.084800 11.597900 0.089569 -0.086693 0.992200 0.000000 0.000000 0.000000 0.000000 1.000000</float_array>
        <technique_common>
          <accessor source="#mixamorig_Spine1-Matrix-animation-output-transform-array" count="39" stride="16">
            <param type="float4x4"/>
          </accessor>
        </technique_common>
      </source>
      <source id="mixamorig_Spine1-Interpolations">
        <Name_array id="mixamorig_Spine1-Interpolations-array" count="39">
 LINEAR LINEAR LINEAR LINEAR LINEAR LINEAR LINEAR LINEAR LINEAR LINEAR LINEAR
LINEAR LINEAR LINEAR LINEAR LINEAR LINEAR LINEAR LINEAR LINEAR LINEAR LINEAR LINEAR
LINEAR LINEAR LINEAR LINEAR LINEAR LINEAR LINEAR LINEAR LINEAR LINEAR LINEAR LINEAR
LINEAR LINEAR LINEAR LINEAR</Name_array>
        <technique_common>
          <accessor source="#mixamorig_Spine1-Interpolations-array" count="39">
            <param type="name"/>
          </accessor>
        </technique_common>
      </source>
      <sampler id="mixamorig_Spine1-Matrix-animation-transform">
        <input semantic="INPUT" source="#mixamorig_Spine1-Matrix-animation-input"/>
        <input semantic="OUTPUT" source="#mixamorig_Spine1-Matrix-animation-output-transform"/>
        <input semantic="INTERPOLATION" source="#mixamorig_Spine1-Interpolations"/>
      </sampler>
      <channel source="#mixamorig_Spine1-Matrix-animation-transform" target="mixamorig_Spine1/matrix"/>
    </animation>
    <animation id="mixamorig_Spine2-anim" name="mixamorig_Spine2">
      <source id="mixamorig_Spine2-Matrix-animation-input">
        <float_array id="mixamorig_Spine2-Matrix-animation-input-array" count="39">

0.000000 0.033333 0.066667 0.100000 0.133333 0.166667 0.200000 0.233333 0.266667 0.300000 0.333333 0.366667 0.400000 0.433333 0.466667 0.500000
0.533333 0.566667 0.600000 0.633333 0.666667 0.700000 0.733333 0.766667 0.800000 0.833333 0.866667 0.900000 0.933333 0.966667 1.000000 1.033333
1.066667 1.100000 1.133333 1.166667 1.200000 1.233333 1.266667</float_array>
        <technique_common>
          <accessor source="#mixamorig_Spine2-Matrix-animation-input-array" count="39">
            <param name="TIME" type="float"/>
          </accessor>
        </technique_common>
      </source>
      <source id="mixamorig_Spine2-Matrix-animation-output-transform">
        <float_array id="mixamorig_Spine2-Matrix-animation-output-transform-array" count="624">

0.995470 -0.035711 -0.088118 0.000000 0.031305 0.998214 -0.050888 13.290100 0.089778 0.047899 0.994809 0.000000 0.000000 0.000000 0.000000 1.000000
0.994795 -0.030515 -0.097224 0.000000 0.025775 0.998435 -0.049633 13.290100 0.098586 0.046869 0.994024 0.000000 0.000000 0.000000 0.000000 1.000000
0.994242 -0.023655 -0.104512 0.000000 0.018399 0.998530 -0.050976 13.290100 0.105565 0.048760 0.993216 0.000000 0.000000 0.000000 0.000000 1.000000
0.994004 -0.014222 -0.108412 0.000000 0.008098 0.998357 -0.056727 13.290100 0.109041 0.055509 0.992486 0.000000 0.000000 0.000000 0.000000 1.000000
0.994294 -0.002576 -0.106640 0.000000 -0.004694 0.997684 -0.067862 13.290100 0.106568 0.067975 0.991979 -0.000000 0.000000 0.000000 0.000000 1.000000
0.994935 0.007533 -0.100239 0.000000 -0.015633 0.996651 -0.080267 13.290100 0.099299 0.081427 0.991720 0.000000 0.000000 0.000000 0.000000 1.000000
0.995802 0.013706 -0.090506 0.000000 -0.022005 0.995576 -0.091350 13.290100 0.088853 0.092958 0.991697 0.000000 0.000000 0.000000 0.000000 1.000000
0.996788 0.017102 -0.078236 -0.000000 -0.024866 0.994740 -0.099364 13.290100 0.076126 0.100990 0.991971 -0.000000 0.000000 0.000000 0.000000 1.000000
0.997653 0.019495 -0.065640 0.000000 -0.026246 0.994271 -0.103617 13.290100 0.063244 0.105097 0.992449 0.000000 0.000000 0.000000 0.000000 1.000000
0.998239 0.021097 -0.055442 0.000000 -0.026777 0.994238 -0.103797 13.290100 0.052932 0.105099 0.993052 -0.000000 0.000000 0.000000 0.000000 1.000000
0.998596 0.020967 -0.048645 0.000000 -0.025762 0.994639 -0.100146 13.290100 0.046284 0.101259 0.993783 0.000000 0.000000 0.000000 0.000000 1.000000
0.998821 0.016954 -0.045489 0.000000 -0.021133 0.995440 -0.093018 13.290100 0.043705 0.093869 0.994625 0.000000 0.000000 0.000000 0.000000 1.000000
0.998845 0.011568 -0.046633 0.000000 -0.015494 0.996285 -0.084717 13.290100 0.045479 0.085342 0.995313 0.000000 0.000000 0.000000 0.000000 1.000000
0.998756 0.009543 -0.048935 0.000000 -0.013420 0.996742 -0.079529 13.290100 0.048017 0.080087 0.995631 0.000000 0.000000 0.000000 0.000000 1.000000
0.998661 0.008925 -0.050950 -0.000000 -0.012905 0.996844 -0.078328 13.290100 0.050090 0.078880 0.995625 -0.000000 0.000000 0.000000 0.000000 1.000000
0.998608 0.005326 -0.052476 0.000000 -0.009403 0.996929 -0.077746 13.290100 0.051901 0.078131 0.995591 0.000000 0.000000 0.000000 0.000000 1.000000
0.998598 -0.001813 -0.052912 0.000000 -0.002212 0.997112 -0.075908 13.290100 0.052897 0.075919 0.995710 0.000000 0.000000 0.000000 0.000000 1.000000
0.998622 -0.009148 -0.051671 0.000000 0.005102 0.996949 -0.077893 13.290100 0.052226 0.077522 0.995622 0.000000 0.000000 0.000000 0.000000 1.000000
0.998658 -0.017266 -0.048819 -0.000000 0.013317 0.996698 -0.080098 13.290100 0.050041 0.079341 0.995591 0.000000 0.000000 0.000000 0.000000 1.000000
0.998668 -0.024426 -0.045439 -0.000000 0.020700 0.996520 -0.080744 13.290100 0.047254 0.079696 0.995699 0.000000 0.000000 0.000000 0.000000 1.000000
0.998629 -0.031217 -0.042012 0.000000 0.027769 0.996385 -0.080289 13.290100 0.044366 0.079012 0.995886 -0.000000 0.000000 0.000000 0.000000 1.000000
0.998589 -0.036554 -0.038510 -0.000000 0.033412 0.996292 -0.079288 13.290100 0.041266 0.077889 0.996108 -0.000000 0.000000 0.000000 0.000000 1.000000
0.998514 -0.040567 -0.036380 0.000000 0.037676 0.996325 -0.076916 13.290100 0.039367 0.075431 0.996374 0.000000 0.000000 0.000000 0.000000 1.000000
0.998348 -0.043817 -0.037163 0.000000 0.040965 0.996393 -0.074311 13.290100 0.040285 0.072666 0.996542 0.000000 0.000000 0.000000 0.000000 1.000000
0.998164 -0.046508 -0.038810 0.000000 0.043608 0.996415 -0.072491 13.290100 0.042042 0.070665 0.996614 0.000000 0.000000 0.000000 0.000000 1.000000
0.997980 -0.049079 -0.040349 0.000000 0.046089 0.996341 -0.071969 13.290100 0.043734 0.069964 0.996590 -0.000000 0.000000 0.000000 0.000000 1.000000
0.997720 -0.052014 -0.042999 0.000000 0.048689 0.995990 -0.075057 13.290100 0.046731 0.072792 0.996252 0.000000 0.000000 0.000000 0.000000 1.000000
0.997319 -0.055542 -0.047646 -0.000000 0.051614 0.995454 -0.080041 13.290100 0.051875 0.077368 0.995652 0.000000 0.000000 0.000000 0.000000 1.000000
0.996774 -0.057797 -0.055690 0.000000 0.053015 0.995070 -0.083815 13.290100 0.060260 0.080592 0.994924 0.000000 0.000000 0.000000 0.000000 1.000000
0.996575 -0.052877 -0.063574 -0.000000 0.047151 0.994967 -0.088420 13.290100 0.067929 0.085120 0.994052 0.000000 0.000000 0.000000 0.000000 1.000000
0.996506 -0.044317 -0.070801 0.000000 0.037518 0.994805 -0.094632 13.290100 0.074627 0.091645 0.992991 -0.000000 0.000000 0.000000 0.000000 1.000000
0.996294 -0.038127 -0.077107 0.000000 0.030359 0.994573 -0.099516 13.290100 0.080483 0.096806 0.992044 -0.000000 0.000000 0.000000 0.000000 1.000000
0.996010 -0.036575 -0.081401 -0.000000 0.028550 0.994811 -0.097654 13.290100 0.084550 0.094940 0.991886 0.000000 0.000000 0.000000 0.000000 1.000000
0.995855 -0.035882 -0.083574 0.000000 0.028288 0.995509 -0.090346 13.290100 0.086440 0.087607 0.992398 -0.000000 0.000000 0.000000 0.000000 1.000000
0.995722 -0.035550 -0.085287 0.000000 0.028553 0.996232 -0.081897 13.290100 0.087877 0.079112 0.992985 0.000000 0.000000 0.000000 0.000000 1.000000
0.995614 -0.035482 -0.086568 -0.000000 0.029331 0.997022 -0.071322 13.290100 0.088841 0.068471 0.993690 0.000000 0.000000 0.000000 0.000000 1.000000
0.995539 -0.035436 -0.087441 0.000000 0.030108 0.997652 -0.061515 13.290100 0.089416 0.058608 0.994269 0.000000 0.000000 0.000000 0.000000 1.000000
0.995500 -0.035411 -0.087899 0.000000 0.030639 0.998013 -0.055063 13.290100 0.089674 0.052122 0.994606 -0.000000 0.000000 0.000000 0.000000 1.000000
0.995484 -0.035402 -0.088078 -0.000000 0.030999 0.998225 -0.050861 13.290100 0.089722 0.047901 0.994814 -0.000000 0.000000 0.000000 0.000000 1.000000</float_array>
        <technique_common>
          <accessor source="#mixamorig_Spine2-Matrix-animation-output-transform-array" count="39" stride="16">
            <param type="float4x4"/>
          </accessor>
        </technique_common>
      </source>
      <source id="mixamorig_Spine2-Interpolations">
        <Name_array id="mixamorig_Spine2-Interpolations-array" count="39">
 LINEAR LINEAR LINEAR LINEAR LINEAR LINEAR LINEAR LINEAR LINEAR LINEAR LINEAR
LINEAR LINEAR LINEAR LINEAR LINEAR LINEAR LINEAR LINEAR LINEAR LINEAR LINEAR LINEAR
LINEAR LINEAR LINEAR LINEAR LINEAR LINEAR LINEAR LINEAR LINEAR LINEAR LINEAR LINEAR
LINEAR LINEAR LINEAR LINEAR</Name_array>
        <technique_common>
          <accessor source="#mixamorig_Spine2-Interpolations-array" count="39">
            <param type="name"/>
          </accessor>
        </technique_common>
      </source>
      <sampler id="mixamorig_Spine2-Matrix-animation-transform">
        <input semantic="INPUT" source="#mixamorig_Spine2-Matrix-animation-input"/>
        <input semantic="OUTPUT" source="#mixamorig_Spine2-Matrix-animation-output-transform"/>
        <input semantic="INTERPOLATION" source="#mixamorig_Spine2-Interpolations"/>
      </sampler>
      <channel source="#mixamorig_Spine2-Matrix-animation-transform" target="mixamorig_Spine2/matrix"/>
    </animation>
    <animation id="mixamorig_Neck-anim" name="mixamorig_Neck">
      <source id="mixamorig_Neck-Matrix-animation-input">
        <float_array id="mixamorig_Neck-Matrix-animation-input-array" count="39">

0.000000 0.033333 0.066667 0.100000 0.133333 0.166667 0.200000 0.233333 0.266667 0.300000 0.333333 0.366667 0.400000 0.433333 0.466667 0.500000
0.533333 0.566667 0.600000 0.633333 0.666667 0.700000 0.733333 0.766667 0.800000 0.833333 0.866667 0.900000 0.933333 0.966667 1.000000 1.033333
1.066667 1.100000 1.133333 1.166667 1.200000 1.233333 1.266667</float_array>
        <technique_common>
          <accessor source="#mixamorig_Neck-Matrix-animation-input-array" count="39">
            <param name="TIME" type="float"/>
          </accessor>
        </technique_common>
      </source>
      <source id="mixamorig_Neck-Matrix-animation-output-transform">
        <float_array id="mixamorig_Neck-Matrix-animation-output-transform-array" count="624">

0.943090 0.013035 0.332283 0.000000 -0.067656 0.985854 0.153347 14.907100 -0.325584 -0.167101 0.930630 -5.902900 0.000000 0.000000 0.000000 1.000000
0.943293 0.012446 0.331727 -0.000000 -0.065147 0.986805 0.148229 14.907100 -0.325505 -0.161434 0.931657 -5.902900 0.000000 0.000000 0.000000 1.000000
0.942059 0.012463 0.335215 -0.000000 -0.064653 0.987319 0.144988 14.907100 -0.329157 -0.158260 0.930918 -5.902900 0.000000 0.000000 0.000000 1.000000
0.940379 0.009276 0.340002 -0.000000 -0.063195 0.986987 0.147860 14.907100 -0.334206 -0.160531 0.928728 -5.902900 0.000000 0.000000 0.000000 1.000000
0.940709 -0.000157 0.339215 0.000000 -0.058076 0.985160 0.161512 14.907100 -0.334207 -0.171636 0.926740 -5.902900 0.000000 0.000000 0.000000 1.000000
0.942394 -0.010525 0.334339 -0.000000 -0.052358 0.982544 0.178512 14.907100 -0.330382 -0.185734 0.925392 -5.902900 0.000000 0.000000 0.000000 1.000000
0.944107 -0.017525 0.329174 0.000000 -0.049193 0.979913 0.193261 14.907100 -0.325949 -0.198652 0.924281 -5.902900 0.000000 0.000000 0.000000 1.000000
0.944968 -0.018178 0.326658 -0.000000 -0.051358 0.977834 0.202986 14.907100 -0.323107 -0.208592 0.923088 -5.902900 0.000000 0.000000 0.000000 1.000000
0.944690 -0.013883 0.327672 0.000000 -0.057874 0.976368 0.208221 14.907100 -0.322819 -0.215668 0.921561 -5.902900 0.000000 0.000000 0.000000 1.000000
0.943961 -0.009968 0.329908 0.000000 -0.062856 0.975822 0.209332 14.907100 -0.324018 -0.218338 0.920511 -5.902900 0.000000 0.000000 0.000000 1.000000
0.943313 -0.006995 0.331830 0.000000 -0.065266 0.976348 0.206119 14.907100 -0.325423 -0.216092 0.920546 -5.902900 0.000000 0.000000 0.000000 1.000000
0.942612 0.001927 0.333885 0.000000 -0.072293 0.977441 0.198453 14.907100 -0.325971 -0.211201 0.921486 -5.902900 0.000000 0.000000 0.000000 1.000000
0.942473 0.010861 0.334105 0.000000 -0.080595 0.977371 0.195578 14.907100 -0.324420 -0.211254 0.922021 -5.902900 0.000000 0.000000 0.000000 1.000000
0.941779 0.016709 0.335817 0.000000 -0.088578 0.975813 0.199858 14.907100 -0.324355 -0.217968 0.920480 -5.902900 0.000000 0.000000 0.000000 1.000000
0.940065 0.023793 0.340165 0.000000 -0.098795 0.973781 0.204913 14.907100 -0.326370 -0.226239 0.917768 -5.902900 0.000000 0.000000 0.000000 1.000000
0.938536 0.032034 0.343691 0.000000 -0.107713 0.973145 0.203435 14.907100 -0.327945 -0.227951 0.916783 -5.902900 0.000000 0.000000 0.000000 1.000000
0.938506 0.033294 0.343654 0.000000 -0.108382 0.973437 0.201678 14.907100 -0.327810 -0.226522 0.917185 -5.902900 0.000000 0.000000 0.000000 1.000000
0.940793 0.021773 0.338281 0.000000 -0.098519 0.972421 0.211402 14.907100 -0.324349 -0.232213 0.916992 -5.902900 0.000000 0.000000 0.000000 1.000000
0.942817 0.012122 0.333091 0.000000 -0.089890 0.971559 0.219075 14.907100 -0.320962 -0.236489 0.917091 -5.902900 0.000000 0.000000 0.000000 1.000000
0.944444 0.002764 0.328660 -0.000000 -0.079315 0.972329 0.219742 14.907100 -0.318958 -0.233601 0.918529 -5.902900 0.000000 0.000000 0.000000 1.000000
0.945737 -0.007979 0.324835 -0.000000 -0.066213 0.973990 0.216701 14.907100 -0.318115 -0.226451 0.920610 -5.902900 0.000000 0.000000 0.000000 1.000000
0.948209 -0.023102 0.316807 0.000000 -0.047058 0.976130 0.212026 14.907100 -0.314143 -0.215953 0.924488 -5.902900 0.000000 0.000000 0.000000 1.000000
0.950895 -0.040276 0.306881 -0.000000 -0.024807 0.978390 0.205274 14.907100 -0.308517 -0.202807 0.929348 -5.902900 0.000000 0.000000 0.000000 1.000000
0.952512 -0.055301 0.299437 0.000000 -0.005553 0.980052 0.198665 14.907100 -0.304450 -0.190894 0.933204 -5.902900 0.000000 0.000000 0.000000 1.000000
0.954269 -0.065208 0.291752 0.000000 0.008856 0.981659 0.190439 14.907100 -0.298819 -0.179146 0.937344 -5.902900 0.000000 0.000000 0.000000 1.000000
0.956887 -0.070044 0.281889 0.000000 0.017935 0.982885 0.183347 14.907100 -0.289906 -0.170387 0.941766 -5.902900 0.000000 0.000000 0.000000 1.000000
0.959306 -0.074062 0.272481 -0.000000 0.023517 0.982592 0.184280 14.907100 -0.281386 -0.170373 0.944349 -5.902900 0.000000 0.000000 0.000000 1.000000
0.961136 -0.077139 0.265081 0.000000 0.025921 0.981145 0.191528 14.907100 -0.274857 -0.177213 0.945013 -5.902900 0.000000 0.000000 0.000000 1.000000
0.963409 -0.075181 0.257276 0.000000 0.022088 0.978861 0.203330 14.907100 -0.267125 -0.190207 0.944704 -5.902900 0.000000 0.000000 0.000000 1.000000
0.964748 -0.073585 0.252678 0.000000 0.019360 0.977357 0.210708 14.907100 -0.262461 -0.198389 0.944328 -5.902900 0.000000 0.000000 0.000000 1.000000
0.964391 -0.060601 0.257445 0.000000 0.003105 0.975923 0.218095 14.907100 -0.264463 -0.209529 0.941359 -5.902900 0.000000 0.000000 0.000000 1.000000
0.962359 -0.037525 0.269178 0.000000 -0.023268 0.975411 0.219164 14.907100 -0.270784 -0.217178 0.937822 -5.902900 0.000000 0.000000 0.000000 1.000000
0.959279 -0.009382 0.282303 0.000000 -0.050009 0.978018 0.202436 14.907100 -0.277997 -0.208311 0.937723 -5.902900 0.000000 0.000000 0.000000 1.000000
0.955583 0.011532 0.294497 0.000000 -0.066536 0.981879 0.177447 14.907100 -0.287114 -0.189160 0.939033 -5.902900 0.000000 0.000000 0.000000 1.000000
0.952234 0.019039 0.304775 0.000000 -0.071834 0.984013 0.162968 14.907100 -0.296800 -0.177077 0.938378 -5.902900 0.000000 0.000000 0.000000 1.000000
0.949483 0.017365 0.313338 0.000000 -0.070136 0.984955 0.157941 14.907100 -0.305881 -0.171939 0.936415 -5.902900 0.000000 0.000000 0.000000 1.000000
0.946942 0.014160 0.321094 -0.000000 -0.067407 0.985560 0.155329 14.907100 -0.314258 -0.168731 0.934223 -5.902900 0.000000 0.000000 0.000000 1.000000
0.944844 0.012272 0.327292 0.000000 -0.066212 0.985821 0.154182 14.907100 -0.320759 -0.167349 0.932260 -5.902900 0.000000 0.000000 0.000000 1.000000
0.943106 0.012891 0.332241 0.000000 -0.067444 0.985892 0.153194 14.907100 -0.325579 -0.166886 0.930670 -5.902900 0.000000 0.000000 0.000000 1.000000</float_array>
        <technique_common>
          <accessor source="#mixamorig_Neck-Matrix-animation-output-transform-array" count="39" stride="16">
            <param type="float4x4"/>
          </accessor>
