<?xml version="1.0" encoding="utf-8"?>
<COLLADA xmlns="http://www.collada.org/2005/11/COLLADASchema" version="1.4.1">
  <asset>
    <contributor>
      <author>Mixamo</author>
      <authoring_tool>COLLADA Mixamo exporter</authoring_tool>
      <comments/>
    </contributor>
    <created>2024-12-02T03:50:12Z</created>
    <modified>2024-12-02T03:50:12Z</modified>
    <revision/>
    <title/>
    <unit meter="0.010000"/>
    <up_axis>Y_UP</up_axis>
  </asset>
  <library_animations>
    <animation id="mixamorig_Hips-anim" name="mixamorig_Hips">
      <source id="mixamorig_Hips-Matrix-animation-input">
        <float_array id="mixamorig_Hips-Matrix-animation-input-array" count="69">

0.000000 0.033333 0.066667 0.100000 0.133333 0.166667 0.200000 0.233333 0.266667 0.300000 0.333333 0.366667 0.400000 0.433333 0.466667 0.500000
0.533333 0.566667 0.600000 0.633333 0.666667 0.700000 0.733333 0.766667 0.800000 0.833333 0.866667 0.900000 0.933333 0.966667 1.000000 1.033333
1.066667 1.100000 1.133333 1.166667 1.200000 1.233333 1.266667 1.300000 1.333333 1.366667 1.400000 1.433333 1.466667 1.500000 1.533333 1.566667
1.600000 1.633333 1.666667 1.700000 1.733333 1.766667 1.800000 1.833333 1.866667 1.900000 1.933333 1.966667 2.000000 2.033333 2.066667 2.100000
2.133333 2.166667 2.200000 2.233333 2.266667</float_array>
        <technique_common>
          <accessor source="#mixamorig_Hips-Matrix-animation-input-array" count="69">
            <param name="TIME" type="float"/>
          </accessor>
        </technique_common>
      </source>
      <source id="mixamorig_Hips-Matrix-animation-output-transform">
        <float_array id="mixamorig_Hips-Matrix-animation-output-transform-array" count="1104">

0.944882 -0.108264 -0.308992 0.831475 0.027622 0.966742 -0.254259 93.799484 0.326242 0.231710 0.916448 -2.588564 0.000000 0.000000 0.000000 1.000000
0.933428 -0.186733 -0.306338 -0.373845 0.083098 0.943179 -0.321725 97.866669 0.349009 0.274851 0.895907 13.050133 0.000000 0.000000 0.000000 1.000000
0.920503 -0.213237 -0.327421 -1.223726 0.077847 0.921245 -0.381114 105.081207 0.382902 0.325328 0.864609 36.765263 0.000000 0.000000 0.000000 1.000000
0.900056 -0.206566 -0.383706 -1.682629 0.022953 0.901764 -0.431619 108.945374 0.435170 0.379674 0.816379 59.863388 0.000000 0.000000 0.000000 1.000000
0.891476 -0.210481 -0.401208 -2.610594 0.003515 0.888723 -0.458430 111.649788 0.453053 0.407270 0.793016 85.876442 0.000000 0.000000 0.000000 1.000000
0.914008 -0.197896 -0.354157 -3.671859 0.017166 0.891043 -0.453594 114.977638 0.405334 0.408509 0.817817 117.415627 0.000000 0.000000 0.000000 1.000000
0.943843 -0.151155 -0.293790 -4.669453 0.004284 0.894735 -0.446578 117.384331 0.330367 0.420241 0.845136 147.962372 0.000000 0.000000 0.000000 1.000000
0.964794 -0.072601 -0.252788 -5.977306 -0.059219 0.876498 -0.477749 117.398056 0.256253 0.475899 0.841341 175.234604 0.000000 0.000000 0.000000 1.000000
0.971228 0.015602 -0.237642 -7.063122 -0.145175 0.829801 -0.538846 115.892677 0.188788 0.557842 0.808190 200.120056 0.000000 0.000000 0.000000 1.000000
0.971616 0.065138 -0.227419 -7.703463 -0.189457 0.789950 -0.583168 113.311600 0.141663 0.609701 0.779869 224.103653 0.000000 0.000000 0.000000 1.000000
0.980129 0.040524 -0.194175 -8.517948 -0.145087 0.813989 -0.562469 109.169678 0.135263 0.579465 0.803694 248.051102 0.000000 0.000000 0.000000 1.000000
0.990998 -0.019147 -0.132502 -9.551151 -0.044678 0.885681 -0.462141 100.761200 0.126203 0.463900 0.876852 272.598175 0.000000 0.000000 0.000000 1.000000
0.995872 -0.035215 -0.083663 -10.080200 0.002392 0.931543 -0.363623 90.094711 0.090740 0.361921 0.927782 295.087341 0.000000 0.000000 0.000000 1.000000
0.996957 -0.019300 -0.075528 -10.191213 -0.009251 0.932729 -0.360460 84.439651 0.077404 0.360062 0.929712 311.187683 0.000000 0.000000 0.000000 1.000000
0.995986 -0.002184 -0.089478 -10.218745 -0.036442 0.903194 -0.427683 86.734718 0.081750 0.429227 0.899489 324.516479 0.000000 0.000000 0.000000 1.000000
0.997225 -0.018630 -0.072079 -9.187503 -0.020996 0.858498 -0.512387 107.038902 0.071425 0.512478 0.855725 348.724030 0.000000 0.000000 0.000000 1.000000
0.998573 -0.001181 -0.053395 -8.418326 -0.031747 0.790821 -0.611224 129.467743 0.042948 0.612047 0.789654 371.430939 0.000000 0.000000 0.000000 1.000000
0.998411 0.024730 -0.050628 -8.354961 -0.052995 0.717370 -0.694674 149.181915 0.019140 0.696254 0.717540 391.211823 0.000000 0.000000 0.000000 1.000000
0.997277 0.029242 -0.067705 -8.416437 -0.070177 0.658559 -0.749250 167.574066 0.022678 0.751961 0.658818 410.456879 0.000000 0.000000 0.000000 1.000000
0.996151 0.036889 -0.079519 -8.179386 -0.085979 0.587874 -0.804370 184.525558 0.017075 0.808111 0.588783 429.091064 0.000000 0.000000 0.000000 1.000000
0.996876 0.042915 -0.066300 -7.704009 -0.078854 0.493960 -0.865902 200.331070 -0.004410 0.868425 0.495801 446.338562 0.000000 0.000000 0.000000 1.000000
0.997945 0.043638 -0.046915 -7.332501 -0.060445 0.398313 -0.915256 215.199921 -0.021253 0.916211 0.400133 463.341431 0.000000 0.000000 0.000000 1.000000
0.998059 0.052092 -0.034139 -7.071122 -0.048245 0.299987 -0.952723 229.042252 -0.039388 0.952520 0.301917 480.774719 0.000000 0.000000 0.000000 1.000000
0.997914 0.059374 -0.025341 -6.762828 -0.036547 0.196009 -0.979921 241.343582 -0.053215 0.978803 0.197771 498.150177 0.000000 0.000000 0.000000 1.000000
0.998047 0.060083 -0.017101 -6.403645 -0.022637 0.092702 -0.995437 251.822235 -0.058223 0.993879 0.093881 515.395081 0.000000 0.000000 0.000000 1.000000
0.998131 0.060151 -0.010793 -6.107711 -0.010060 -0.012478 -0.999872 260.538757 -0.060278 0.998111 -0.011850 532.661621 0.000000 0.000000 0.000000 1.000000
0.998285 0.058248 -0.005884 -5.892793 0.001029 -0.117961 -0.993018 267.448547 -0.058535 0.991308 -0.117818 550.122925 0.000000 0.000000 0.000000 1.000000
0.998528 0.054232 0.000545 -5.641931 0.012551 -0.221299 -0.975125 272.332489 -0.052762 0.973697 -0.221654 568.085144 0.000000 0.000000 0.000000 1.000000
0.998533 0.053506 0.008286 -5.325766 0.025189 -0.323611 -0.945855 275.022064 -0.047927 0.944676 -0.324484 586.569031 0.000000 0.000000 0.000000 1.000000
0.998370 0.055089 0.014932 -5.016875 0.036891 -0.423185 -0.905292 275.455536 -0.043552 0.904367 -0.424528 605.488281 0.000000 0.000000 0.000000 1.000000
0.998243 0.055439 0.020935 -4.688633 0.046634 -0.516926 -0.854759 273.616913 -0.036565 0.854233 -0.518603 624.828857 0.000000 0.000000 0.000000 1.000000
0.998145 0.054661 0.026799 -4.281462 0.054423 -0.603957 -0.795157 269.689850 -0.027279 0.795141 -0.605811 644.338257 0.000000 0.000000 0.000000 1.000000
0.998109 0.051947 0.032855 -3.805277 0.059563 -0.685487 -0.725644 263.763519 -0.015173 0.726229 -0.687285 664.189758 0.000000 0.000000 0.000000 1.000000
0.998066 0.047504 0.040085 -3.328143 0.062156 -0.759508 -0.647522 255.922211 -0.000315 0.648761 -0.760992 684.230225 0.000000 0.000000 0.000000 1.000000
0.997913 0.044116 0.047155 -2.865868 0.063059 -0.823023 -0.564497 246.303879 0.013906 0.566292 -0.824087 704.327332 0.000000 0.000000 0.000000 1.000000
0.997806 0.042378 0.050869 -2.425754 0.061543 -0.876963 -0.476601 235.060211 0.024413 0.478686 -0.877647 724.424744 0.000000 0.000000 0.000000 1.000000
0.998127 0.033390 0.051259 -2.019921 0.050475 -0.922909 -0.381696 222.534561 0.034562 0.383568 -0.922865 744.567871 0.000000 0.000000 0.000000 1.000000
0.998564 0.017861 0.050515 -1.685281 0.031290 -0.959729 -0.279179 209.025833 0.043494 0.280359 -0.958909 765.036011 0.000000 0.000000 0.000000 1.000000
0.998816 0.006421 0.048220 -1.316069 0.014918 -0.983919 -0.177991 193.929153 0.046302 0.178499 -0.982850 786.131836 0.000000 0.000000 0.000000 1.000000
0.999120 -0.000193 0.041934 -0.743632 0.003403 -0.996318 -0.085664 177.481476 0.041796 0.085731 -0.995441 807.854431 0.000000 0.000000 0.000000 1.000000
0.999365 0.001711 0.035590 0.166653 0.001757 -0.999998 -0.001252 160.771515 0.035588 0.001314 -0.999366 830.472229 0.000000 0.000000 0.000000 1.000000
0.999561 -0.020987 0.020920 0.691926 -0.022370 -0.997418 0.068247 142.402161 0.019434 -0.068685 -0.997449 853.710144 0.000000 0.000000 0.000000 1.000000
0.999587 -0.016533 -0.023523 0.118452 -0.012045 -0.983682 0.179514 122.213234 -0.026107 -0.179157 -0.983474 877.225464 0.000000 0.000000 0.000000 1.000000
0.995704 0.012006 -0.091810 -1.343426 0.044631 -0.930997 0.362289 101.341156 -0.081125 -0.364830 -0.927533 900.959961 0.000000 0.000000 0.000000 1.000000
0.985695 0.067489 -0.154434 -3.739953 0.146804 -0.793906 0.590052 78.816322 -0.082784 -0.604283 -0.792457 925.816345 0.000000 0.000000 0.000000 1.000000
0.980149 0.125354 -0.153607 -5.826305 0.196851 -0.522959 0.829315 50.974922 0.023628 -0.843090 -0.537254 949.741699 0.000000 0.000000 0.000000 1.000000
0.984249 0.138758 -0.109550 -6.816627 0.134340 -0.184199 0.973665 28.619839 0.114925 -0.973045 -0.199938 964.518372 0.000000 0.000000 0.000000 1.000000
0.980260 0.174200 -0.093510 -8.420941 0.085735 0.051656 0.994978 25.785477 0.178155 -0.983355 0.035701 975.204651 0.000000 0.000000 0.000000 1.000000
0.967474 0.246742 -0.055786 -9.530278 0.013180 0.171062 0.985172 21.093542 0.252626 -0.953864 0.162246 982.721558 0.000000 0.000000 0.000000 1.000000
0.961875 0.272915 0.017704 -9.563892 -0.114217 0.342047 0.932716 17.305202 0.248496 -0.899178 0.360178 988.442017 0.000000 0.000000 0.000000 1.000000
0.951256 0.284274 0.119582 -9.403029 -0.268426 0.572260 0.774897 16.129768 0.151851 -0.769225 0.620673 992.548645 0.000000 0.000000 0.000000 1.000000
0.939918 0.270903 0.207764 -8.501527 -0.340856 0.778997 0.526291 16.247398 -0.019274 -0.565488 0.824532 994.673462 0.000000 0.000000 0.000000 1.000000
0.934236 0.223961 0.277569 -7.205782 -0.297835 0.918042 0.261713 17.008577 -0.196206 -0.327172 0.924371 998.057556 0.000000 0.000000 0.000000 1.000000
0.934333 0.188742 0.302321 -6.038943 -0.215482 0.974822 0.057362 20.493649 -0.283882 -0.118740 0.951479 1002.983459 0.000000 0.000000 0.000000 1.000000
0.938562 0.213388 0.271232 -5.872879 -0.210152 0.976797 -0.041278 24.689598 -0.273747 -0.018258 0.961628 1009.391663 0.000000 0.000000 0.000000 1.000000
0.937212 0.257557 0.235156 -5.988990 -0.251041 0.966251 -0.057775 28.814529 -0.242100 -0.004887 0.970239 1016.063049 0.000000 0.000000 0.000000 1.000000
0.938004 0.270914 0.216227 -5.426374 -0.260632 0.962498 -0.075293 33.195930 -0.228516 0.014269 0.973436 1024.253662 0.000000 0.000000 0.000000 1.000000
0.945557 0.246933 0.212007 -4.254536 -0.232905 0.968402 -0.089174 37.994129 -0.227328 0.034941 0.973191 1033.817261 0.000000 0.000000 0.000000 1.000000
0.956563 0.192483 0.218945 -2.846577 -0.175113 0.979823 -0.096341 43.645241 -0.233071 0.053816 0.970969 1044.274536 0.000000 0.000000 0.000000 1.000000
0.966881 0.145350 0.209795 -1.502625 -0.122838 0.985543 -0.116684 50.335220 -0.223722 0.087049 0.970758 1055.625854 0.000000 0.000000 0.000000 1.000000
0.971177 0.134891 0.196517 -0.957476 -0.107297 0.983611 -0.144905 56.596901 -0.212843 0.119643 0.969734 1066.582642 0.000000 0.000000 0.000000 1.000000
0.974348 0.116842 0.192337 -1.045915 -0.082643 0.980714 -0.177115 61.722771 -0.209322 0.156677 0.965213 1076.583252 0.000000 0.000000 0.000000 1.000000
0.981323 0.052784 0.184984 -0.951197 -0.014122 0.978791 -0.204373 67.220871 -0.191848 0.197944 0.961256 1086.157837 0.000000 0.000000 0.000000 1.000000
0.989332 -0.035701 0.141239 -0.246893 0.067730 0.971076 -0.228965 74.516396 -0.128980 0.236088 0.963134 1097.004883 0.000000 0.000000 0.000000 1.000000
0.991983 -0.102261 0.074250 -0.278858 0.118146 0.958979 -0.257683 81.671349 -0.044853 0.264389 0.963372 1108.265015 0.000000 0.000000 0.000000 1.000000
0.987634 -0.156532 0.008766 -0.117398 0.152411 0.945523 -0.287676 87.891922 0.036742 0.285454 0.957688 1119.568848 0.000000 0.000000 0.000000 1.000000
0.978762 -0.201786 -0.036162 0.819411 0.180257 0.931145 -0.316981 93.176590 0.097635 0.303730 0.947742 1130.761108 0.000000 0.000000 0.000000 1.000000
0.973019 -0.216524 -0.079698 1.548862 0.176196 0.920330 -0.349211 97.916313 0.148961 0.325746 0.933649 1141.799316 0.000000 0.000000 0.000000 1.000000
0.964236 -0.207026 -0.165498 1.617269 0.127855 0.910274 -0.393770 102.722679 0.232170 0.358527 0.904188 1150.674683 0.000000 0.000000 0.000000 1.000000</float_array>
        <technique_common>
          <accessor source="#mixamorig_Hips-Matrix-animation-output-transform-array" count="69" stride="16">
            <param type="float4x4"/>
          </accessor>
        </technique_common>
      </source>
      <source id="mixamorig_Hips-Interpolations">
        <Name_array id="mixamorig_Hips-Interpolations-array" count="69">
 LINEAR LINEAR LINEAR LINEAR LINEAR LINEAR LINEAR LINEAR LINEAR LINEAR LINEAR
LINEAR LINEAR LINEAR LINEAR LINEAR LINEAR LINEAR LINEAR LINEAR LINEAR LINEAR LINEAR
LINEAR LINEAR LINEAR LINEAR LINEAR LINEAR LINEAR LINEAR LINEAR LINEAR LINEAR LINEAR
LINEAR LINEAR LINEAR LINEAR LINEAR LINEAR LINEAR LINEAR LINEAR LINEAR LINEAR LINEAR
LINEAR LINEAR LINEAR LINEAR LINEAR LINEAR LINEAR LINEAR LINEAR LINEAR LINEAR LINEAR
LINEAR LINEAR LINEAR LINEAR LINEAR LINEAR LINEAR LINEAR LINEAR LINEAR</Name_array>
        <technique_common>
          <accessor source="#mixamorig_Hips-Interpolations-array" count="69">
            <param type="name"/>
          </accessor>
        </technique_common>
      </source>
      <sampler id="mixamorig_Hips-Matrix-animation-transform">
        <input semantic="INPUT" source="#mixamorig_Hips-Matrix-animation-input"/>
        <input semantic="OUTPUT" source="#mixamorig_Hips-Matrix-animation-output-transform"/>
        <input semantic="INTERPOLATION" source="#mixamorig_Hips-Interpolations"/>
      </sampler>
      <channel source="#mixamorig_Hips-Matrix-animation-transform" target="mixamorig_Hips/matrix"/>
    </animation>
    <animation id="mixamorig_Spine-anim" name="mixamorig_Spine">
      <source id="mixamorig_Spine-Matrix-animation-input">
        <float_array id="mixamorig_Spine-Matrix-animation-input-array" count="69">

0.000000 0.033333 0.066667 0.100000 0.133333 0.166667 0.200000 0.233333 0.266667 0.300000 0.333333 0.366667 0.400000 0.433333 0.466667 0.500000
0.533333 0.566667 0.600000 0.633333 0.666667 0.700000 0.733333 0.766667 0.800000 0.833333 0.866667 0.900000 0.933333 0.966667 1.000000 1.033333
1.066667 1.100000 1.133333 1.166667 1.200000 1.233333 1.266667 1.300000 1.333333 1.366667 1.400000 1.433333 1.466667 1.500000 1.533333 1.566667
1.600000 1.633333 1.666667 1.700000 1.733333 1.766667 1.800000 1.833333 1.866667 1.900000 1.933333 1.966667 2.000000 2.033333 2.066667 2.100000
2.133333 2.166667 2.200000 2.233333 2.266667</float_array>
        <technique_common>
          <accessor source="#mixamorig_Spine-Matrix-animation-input-array" count="69">
            <param name="TIME" type="float"/>
          </accessor>
        </technique_common>
      </source>
      <source id="mixamorig_Spine-Matrix-animation-output-transform">
        <float_array id="mixamorig_Spine-Matrix-animation-output-transform-array" count="1104">

0.963046 0.215827 0.161123 -0.000900 -0.162564 0.942756 -0.291177 9.938600 -0.214743 0.254225 0.943003 0.799700 0.000000 0.000000 0.000000 1.000000
0.930491 0.359843 0.068559 -0.000900 -0.318481 0.887161 -0.333940 9.938600 -0.180989 0.288893 0.940098 0.799700 0.000000 0.000000 0.000000 1.000000
0.921442 0.388369 0.010679 -0.000900 -0.363123 0.870666 -0.331786 9.938600 -0.138153 0.301844 0.943294 0.799700 0.000000 0.000000 0.000000 1.000000
0.915635 0.397431 0.060500 -0.000900 -0.358163 0.874821 -0.326201 9.938600 -0.182569 0.277012 0.943363 0.799700 0.000000 0.000000 0.000000 1.000000
0.915345 0.387562 0.109263 -0.000900 -0.342307 0.891834 -0.295732 9.938600 -0.212060 0.233296 0.949002 0.799700 0.000000 0.000000 0.000000 1.000000
0.941217 0.318436 0.112736 -0.000900 -0.289662 0.932518 -0.215654 9.938600 -0.173800 0.170322 0.969940 0.799700 0.000000 0.000000 0.000000 1.000000
0.972036 0.216647 0.090608 -0.000900 -0.203056 0.969236 -0.139101 9.938600 -0.117957 0.116813 0.986124 0.799700 0.000000 0.000000 0.000000 1.000000
0.990998 0.118559 0.062183 -0.000900 -0.110937 0.987234 -0.114291 9.938600 -0.074939 0.106364 0.991499 0.799700 0.000000 0.000000 0.000000 1.000000
0.997574 0.048659 0.049778 -0.000900 -0.043215 0.993517 -0.105153 9.938600 -0.054572 0.102747 0.993209 0.799700 0.000000 0.000000 0.000000 1.000000
0.999324 0.006270 0.036216 -0.000900 -0.003538 0.997176 -0.075020 9.938600 -0.036584 0.074841 0.996524 0.799700 0.000000 0.000000 0.000000 1.000000
0.999747 -0.001398 -0.022452 -0.000900 -0.000290 0.997183 -0.075003 9.938600 0.022494 0.074991 0.996930 0.799700 0.000000 0.000000 0.000000 1.000000
0.996476 0.030781 -0.078023 -0.000900 -0.039688 0.992535 -0.115318 9.938600 0.073891 0.118008 0.990260 0.799700 0.000000 0.000000 0.000000 1.000000
0.998241 0.037545 -0.045887 -0.000900 -0.043363 0.990140 -0.133199 9.938600 0.040434 0.134954 0.990027 0.799700 0.000000 0.000000 0.000000 1.000000
0.999459 0.032750 -0.002876 -0.000900 -0.032818 0.988692 -0.146322 9.938600 -0.001949 0.146337 0.989233 0.799700 0.000000 0.000000 0.000000 1.000000
0.999452 0.032858 0.004087 -0.000900 -0.031680 0.984842 -0.170539 9.938600 -0.009629 0.170316 0.985342 0.799700 0.000000 0.000000 0.000000 1.000000
0.999401 0.032726 -0.011255 -0.000900 -0.033998 0.989197 -0.142596 9.938600 0.006467 0.142894 0.989717 0.799700 0.000000 0.000000 0.000000 1.000000
0.999974 0.006605 -0.002927 -0.000900 -0.006859 0.995186 -0.097761 9.938600 0.002268 0.097779 0.995206 0.799700 0.000000 0.000000 0.000000 1.000000
0.999973 -0.002838 0.006769 -0.000900 0.003351 0.997029 -0.076951 9.938600 -0.006530 0.076971 0.997012 0.799700 0.000000 0.000000 0.000000 1.000000
0.999761 0.021249 0.005183 -0.000900 -0.020775 0.996677 -0.078767 9.938600 -0.006839 0.078640 0.996880 0.799700 0.000000 0.000000 0.000000 1.000000
0.999356 0.035149 0.007173 -0.000900 -0.034539 0.996778 -0.072390 9.938600 -0.009695 0.072096 0.997351 0.799700 0.000000 0.000000 0.000000 1.000000
0.999526 0.030224 0.005888 -0.000900 -0.029835 0.997894 -0.057591 9.938600 -0.007616 0.057388 0.998323 0.799700 0.000000 0.000000 0.000000 1.000000
0.999683 0.024566 0.005503 -0.000900 -0.024267 0.998501 -0.049060 9.938600 -0.006700 0.048911 0.998781 0.799700 0.000000 0.000000 0.000000 1.000000
0.999736 0.020584 0.010163 -0.000900 -0.020135 0.998894 -0.042489 9.938600 -0.011026 0.042273 0.999045 0.799700 0.000000 0.000000 0.000000 1.000000
0.999734 0.020445 0.010668 -0.000900 -0.020033 0.999100 -0.037388 9.938600 -0.011423 0.037164 0.999244 0.799700 0.000000 0.000000 0.000000 1.000000
0.999741 0.021934 0.006137 -0.000900 -0.021693 0.999084 -0.036898 9.938600 -0.006941 0.036755 0.999300 0.799700 0.000000 0.000000 0.000000 1.000000
0.999654 0.026235 0.002051 -0.000900 -0.026141 0.998979 -0.036855 9.938600 -0.003016 0.036789 0.999319 0.799700 0.000000 0.000000 0.000000 1.000000
0.999488 0.032000 0.000162 -0.000900 -0.031973 0.998823 -0.036470 9.938600 -0.001328 0.036446 0.999335 0.799700 0.000000 0.000000 0.000000 1.000000
0.999452 0.033100 0.000294 -0.000900 -0.033068 0.998814 -0.035726 9.938600 -0.001476 0.035696 0.999362 0.799700 0.000000 0.000000 0.000000 1.000000
0.999478 0.032290 0.001208 -0.000900 -0.032233 0.998939 -0.032902 9.938600 -0.002269 0.032846 0.999458 0.799700 0.000000 0.000000 0.000000 1.000000
0.999456 0.032957 0.001543 -0.000900 -0.032899 0.999042 -0.028863 9.938600 -0.002492 0.028796 0.999582 0.799700 0.000000 0.000000 0.000000 1.000000
0.999482 0.032089 0.002523 -0.000900 -0.032010 0.999129 -0.026760 9.938600 -0.003380 0.026665 0.999639 0.799700 0.000000 0.000000 0.000000 1.000000
0.999572 0.028498 0.006674 -0.000900 -0.028312 0.999250 -0.026405 9.938600 -0.007422 0.026204 0.999629 0.799700 0.000000 0.000000 0.000000 1.000000
0.999677 0.022551 0.011714 -0.000900 -0.022273 0.999480 -0.023328 9.938600 -0.012234 0.023059 0.999659 0.799700 0.000000 0.000000 0.000000 1.000000
0.999745 0.015846 0.016066 -0.000900 -0.015524 0.999681 -0.019922 9.938600 -0.016377 0.019668 0.999672 0.799700 0.000000 0.000000 0.000000 1.000000
0.999704 0.012431 0.020899 -0.000900 -0.011978 0.999694 -0.021659 9.938600 -0.021162 0.021402 0.999547 0.799700 0.000000 0.000000 0.000000 1.000000
0.999631 0.013998 0.023292 -0.000900 -0.013448 0.999631 -0.023609 9.938600 -0.023614 0.023287 0.999450 0.799700 0.000000 0.000000 0.000000 1.000000
0.999538 0.021339 0.021652 -0.000900 -0.020849 0.999527 -0.022620 9.938600 -0.022125 0.022159 0.999510 0.799700 0.000000 0.000000 0.000000 1.000000
0.999409 0.028906 0.018611 -0.000900 -0.028463 0.999315 -0.023643 9.938600 -0.019282 0.023099 0.999547 0.799700 0.000000 0.000000 0.000000 1.000000
0.999435 0.028908 0.017119 -0.000900 -0.028354 0.999094 -0.031751 9.938600 -0.018021 0.031247 0.999349 0.799700 0.000000 0.000000 0.000000 1.000000
0.999792 0.013174 0.015573 -0.000900 -0.012479 0.998956 -0.043934 9.938600 -0.016135 0.043731 0.998913 0.799700 0.000000 0.000000 0.000000 1.000000
0.999725 -0.021379 0.009660 -0.000900 0.021863 0.998345 -0.053189 9.938600 -0.008507 0.053385 0.998538 0.799700 0.000000 0.000000 0.000000 1.000000
0.999765 -0.021592 0.001699 -0.000900 0.021655 0.998058 -0.058408 9.938600 -0.000434 0.058431 0.998291 0.799700 0.000000 0.000000 0.000000 1.000000
0.999472 -0.032502 -0.000014 -0.000900 0.032388 0.996014 -0.083104 9.938600 0.002715 0.083059 0.996541 0.799700 0.000000 0.000000 0.000000 1.000000
0.999445 -0.032993 -0.004577 -0.000900 0.032254 0.992914 -0.114371 9.938600 0.008318 0.114160 0.993428 0.799700 0.000000 0.000000 0.000000 1.000000
0.999567 -0.025491 -0.014725 -0.000900 0.022307 0.982269 -0.186146 9.938600 0.019209 0.185737 0.982412 0.799700 0.000000 0.000000 0.000000 1.000000
0.999840 -0.013127 -0.012173 -0.000900 0.008444 0.945359 -0.325922 9.938600 0.015786 0.325767 0.945318 0.799700 0.000000 0.000000 0.000000 1.000000
0.999953 0.009209 -0.002995 -0.000900 -0.009636 0.915595 -0.401985 9.938600 -0.000959 0.401995 0.915641 0.799700 0.000000 0.000000 0.000000 1.000000
0.999671 -0.024736 -0.006711 -0.000900 0.019927 0.914783 -0.403454 9.938600 0.016119 0.403188 0.914975 0.799700 0.000000 0.000000 0.000000 1.000000
0.995514 -0.074485 -0.058349 -0.000900 0.051798 0.945084 -0.322698 9.938600 0.079181 0.318228 0.944702 0.799700 0.000000 0.000000 0.000000 1.000000
0.994050 -0.018084 -0.107415 -0.000900 -0.001597 0.983597 -0.180372 9.938600 0.108915 0.179470 0.977716 0.799700 0.000000 0.000000 0.000000 1.000000
0.989686 0.049786 -0.134325 -0.000900 -0.064153 0.992418 -0.104842 9.938600 0.128087 0.112378 0.985376 0.799700 0.000000 0.000000 0.000000 1.000000
0.991004 0.041516 -0.127227 -0.000900 -0.054272 0.993657 -0.098495 9.938600 0.122331 0.104514 0.986971 0.799700 0.000000 0.000000 0.000000 1.000000
0.992919 0.011483 -0.118237 -0.000900 -0.023891 0.994283 -0.104068 9.938600 0.116366 0.106156 0.987517 0.799700 0.000000 0.000000 0.000000 1.000000
0.995339 -0.026337 -0.092773 -0.000900 0.012468 0.989056 -0.147011 9.938600 0.095630 0.145169 0.984775 0.799700 0.000000 0.000000 0.000000 1.000000
0.997043 -0.069129 -0.033573 -0.000900 0.060360 0.974818 -0.214677 9.938600 0.047568 0.212016 0.976108 0.799700 0.000000 0.000000 0.000000 1.000000
0.995452 -0.095181 -0.003868 -0.000900 0.090747 0.959858 -0.265399 9.938600 0.028974 0.263842 0.964131 0.799700 0.000000 0.000000 0.000000 1.000000
0.994135 -0.107772 -0.008969 -0.000900 0.099702 0.945498 -0.309987 9.938600 0.041888 0.307275 0.950698 0.799700 0.000000 0.000000 0.000000 1.000000
0.994062 -0.106211 -0.023666 -0.000900 0.091155 0.931569 -0.351952 9.938600 0.059427 0.347705 0.935719 0.799700 0.000000 0.000000 0.000000 1.000000
0.995609 -0.086950 -0.034676 -0.000900 0.066616 0.918359 -0.390100 9.938600 0.065765 0.386077 0.920119 0.799700 0.000000 0.000000 0.000000 1.000000
0.997670 -0.061966 -0.028555 -0.000900 0.045040 0.912514 -0.406559 9.938600 0.051250 0.404325 0.913178 0.799700 0.000000 0.000000 0.000000 1.000000
0.998278 -0.057675 -0.010747 -0.000900 0.048946 0.919756 -0.389428 9.938600 0.032345 0.388231 0.920994 0.799700 0.000000 0.000000 0.000000 1.000000
0.997422 -0.071763 0.000439 -0.000900 0.067154 0.931168 -0.358352 9.938600 0.025307 0.357458 0.933586 0.799700 0.000000 0.000000 0.000000 1.000000
0.997872 -0.065134 -0.002913 -0.000900 0.060503 0.941725 -0.330898 9.938600 0.024296 0.330018 0.943662 0.799700 0.000000 0.000000 0.000000 1.000000
0.999886 -0.014567 -0.004033 -0.000900 0.012650 0.952529 -0.304184 9.938600 0.008272 0.304098 0.952605 0.799700 0.000000 0.000000 0.000000 1.000000
0.998892 0.047063 0.000547 -0.000900 -0.045117 0.960773 -0.273641 9.938600 -0.013404 0.273313 0.961832 0.799700 0.000000 0.000000 0.000000 1.000000
0.994602 0.103683 0.004075 -0.000900 -0.099186 0.961526 -0.256182 9.938600 -0.030480 0.254394 0.966620 0.799700 0.000000 0.000000 0.000000 1.000000
0.986709 0.162240 0.009118 -0.000900 -0.154041 0.951759 -0.265377 9.938600 -0.051733 0.260446 0.964101 0.799700 0.000000 0.000000 0.000000 1.000000
0.977037 0.210789 0.031103 -0.000900 -0.194773 0.942748 -0.270719 9.938600 -0.086387 0.258445 0.962156 0.799700 0.000000 0.000000 0.000000 1.000000
0.969654 0.229901 0.083163 -0.000900 -0.199259 0.940267 -0.276031 9.938600 -0.141656 0.251083 0.957544 0.799700 0.000000 0.000000 0.000000 1.000000</float_array>
        <technique_common>
          <accessor source="#mixamorig_Spine-Matrix-animation-output-transform-array" count="69" stride="16">
            <param type="float4x4"/>
          </accessor>
        </technique_common>
      </source>
      <source id="mixamorig_Spine-Interpolations">
        <Name_array id="mixamorig_Spine-Interpolations-array" count="69">
 LINEAR LINEAR LINEAR LINEAR LINEAR LINEAR LINEAR LINEAR LINEAR LINEAR LINEAR
LINEAR LINEAR LINEAR LINEAR LINEAR LINEAR LINEAR LINEAR LINEAR LINEAR LINEAR LINEAR
LINEAR LINEAR LINEAR LINEAR LINEAR LINEAR LINEAR LINEAR LINEAR LINEAR LINEAR LINEAR
LINEAR LINEAR LINEAR LINEAR LINEAR LINEAR LINEAR LINEAR LINEAR LINEAR LINEAR LINEAR
LINEAR LINEAR LINEAR LINEAR LINEAR LINEAR LINEAR LINEAR LINEAR LINEAR LINEAR LINEAR
LINEAR LINEAR LINEAR LINEAR LINEAR LINEAR LINEAR LINEAR LINEAR LINEAR</Name_array>
        <technique_common>
          <accessor source="#mixamorig_Spine-Interpolations-array" count="69">
            <param type="name"/>
          </accessor>
        </technique_common>
      </source>
      <sampler id="mixamorig_Spine-Matrix-animation-transform">
        <input semantic="INPUT" source="#mixamorig_Spine-Matrix-animation-input"/>
        <input semantic="OUTPUT" source="#mixamorig_Spine-Matrix-animation-output-transform"/>
        <input semantic="INTERPOLATION" source="#mixamorig_Spine-Interpolations"/>
      </sampler>
      <channel source="#mixamorig_Spine-Matrix-animation-transform" target="mixamorig_Spine/matrix"/>
    </animation>
    <animation id="mixamorig_Spine1-anim" name="mixamorig_Spine1">
      <source id="mixamorig_Spine1-Matrix-animation-input">
        <float_array id="mixamorig_Spine1-Matrix-animation-input-array" count="69">

0.000000 0.033333 0.066667 0.100000 0.133333 0.166667 0.200000 0.233333 0.266667 0.300000 0.333333 0.366667 0.400000 0.433333 0.466667 0.500000
0.533333 0.566667 0.600000 0.633333 0.666667 0.700000 0.733333 0.766667 0.800000 0.833333 0.866667 0.900000 0.933333 0.966667 1.000000 1.033333
1.066667 1.100000 1.133333 1.166667 1.200000 1.233333 1.266667 1.300000 1.333333 1.366667 1.400000 1.433333 1.466667 1.500000 1.533333 1.566667
1.600000 1.633333 1.666667 1.700000 1.733333 1.766667 1.800000 1.833333 1.866667 1.900000 1.933333 1.966667 2.000000 2.033333 2.066667 2.100000
2.133333 2.166667 2.200000 2.233333 2.266667</float_array>
        <technique_common>
          <accessor source="#mixamorig_Spine1-Matrix-animation-input-array" count="69">
            <param name="TIME" type="float"/>
          </accessor>
        </technique_common>
      </source>
      <source id="mixamorig_Spine1-Matrix-animation-output-transform">
        <float_array id="mixamorig_Spine1-Matrix-animation-output-transform-array" count="1104">

0.986888 0.096144 0.129644 0.000000 -0.066782 0.974480 -0.214310 11.597900 -0.146940 0.202842 0.968124 -0.000000 0.000000 0.000000 0.000000 1.000000
0.989247 0.048172 0.138095 0.000000 -0.029007 0.990067 -0.137571 11.597900 -0.143350 0.132086 0.980818 -0.000000 0.000000 0.000000 0.000000 1.000000
0.990595 0.003993 0.136770 0.000000 0.008043 0.996146 -0.087337 11.597900 -0.136592 0.087615 0.986745 -0.000000 0.000000 0.000000 0.000000 1.000000
0.990340 0.004842 0.138576 0.000000 0.004644 0.997671 -0.068050 11.597900 -0.138582 0.068036 0.988011 -0.000000 0.000000 0.000000 0.000000 1.000000
0.990578 0.012086 0.136413 0.000000 -0.004211 0.998315 -0.057871 11.597900 -0.136883 0.056751 0.988960 0.000000 0.000000 0.000000 0.000000 1.000000
0.992168 0.015688 0.123920 -0.000000 -0.005676 0.996719 -0.080736 11.597900 -0.124780 0.079400 0.989002 -0.000000 0.000000 0.000000 0.000000 1.000000
0.994082 0.027293 0.105149 0.000000 -0.015957 0.994112 -0.107179 11.597900 -0.107455 0.104866 0.988664 -0.000000 0.000000 0.000000 0.000000 1.000000
0.995028 0.051787 0.085078 0.000000 -0.044274 0.995142 -0.087932 11.597900 -0.089219 0.083728 0.992487 0.000000 0.000000 0.000000 0.000000 1.000000
0.995060 0.075509 0.064451 0.000000 -0.073312 0.996666 -0.035794 11.597900 -0.066939 0.030892 0.997279 0.000000 0.000000 0.000000 0.000000 1.000000
0.995198 0.087266 0.044343 0.000000 -0.087944 0.996033 0.013573 11.597900 -0.042983 -0.017408 0.998924 0.000000 0.000000 0.000000 0.000000 1.000000
0.996188 0.083625 0.024839 0.000000 -0.084753 0.995222 0.048473 11.597900 -0.020667 -0.050394 0.998516 -0.000000 0.000000 0.000000 0.000000 1.000000
0.997389 0.071816 0.007595 0.000000 -0.072094 0.996298 0.046836 11.597900 -0.004204 -0.047262 0.998874 0.000000 0.000000 0.000000 0.000000 1.000000
0.997769 0.066759 -0.000181 0.000000 -0.066756 0.997751 0.006082 11.597900 0.000587 -0.006057 0.999981 0.000000 0.000000 0.000000 0.000000 1.000000
0.998441 0.055675 0.003933 -0.000000 -0.055678 0.998448 0.000827 11.597900 -0.003881 -0.001045 0.999992 0.000000 0.000000 0.000000 0.000000 1.000000
0.999544 0.029496 0.006437 0.000000 -0.029815 0.997931 0.056966 11.597900 -0.004743 -0.057132 0.998355 0.000000 0.000000 0.000000 0.000000 1.000000
0.999988 0.004641 0.001849 0.000000 -0.004795 0.995503 0.094614 11.597900 -0.001401 -0.094621 0.995512 0.000000 0.000000 0.000000 0.000000 1.000000
0.999997 -0.002308 0.000884 0.000000 0.002202 0.994445 0.105233 11.597900 -0.001122 -0.105231 0.994447 0.000000 0.000000 0.000000 0.000000 1.000000
0.999997 -0.001152 0.002070 -0.000000 0.000926 0.994353 0.106117 11.597900 -0.002180 -0.106115 0.994352 -0.000000 0.000000 0.000000 0.000000 1.000000
0.999987 -0.004368 0.002455 0.000000 0.004068 0.993801 0.111100 11.597900 -0.002926 -0.111089 0.993806 -0.000000 0.000000 0.000000 0.000000 1.000000
0.999967 -0.007616 0.002820 0.000000 0.007199 0.991981 0.126180 11.597900 -0.003759 -0.126156 0.992003 -0.000000 0.000000 0.000000 0.000000 1.000000
0.999946 -0.010183 0.001934 0.000000 0.009812 0.990071 0.140225 11.597900 -0.003343 -0.140198 0.990118 0.000000 0.000000 0.000000 0.000000 1.000000
0.999898 -0.014229 0.001292 0.000000 0.013882 0.988963 0.147513 11.597900 -0.003377 -0.147480 0.989059 0.000000 0.000000 0.000000 0.000000 1.000000
0.999864 -0.016371 0.002016 0.000000 0.015863 0.987841 0.154658 11.597900 -0.004523 -0.154605 0.987966 0.000000 0.000000 0.000000 0.000000 1.000000
0.999870 -0.015986 0.002088 0.000000 0.015434 0.986561 0.162662 11.597900 -0.004660 -0.162608 0.986680 0.000000 0.000000 0.000000 0.000000 1.000000
0.999872 -0.015956 0.000992 -0.000000 0.015557 0.985398 0.169553 11.597900 -0.003683 -0.169516 0.985521 0.000000 0.000000 0.000000 0.000000 1.000000
0.999871 -0.016050 0.000048 0.000000 0.015791 0.984232 0.176174 11.597900 -0.002874 -0.176151 0.984359 0.000000 0.000000 0.000000 0.000000 1.000000
0.999915 -0.013069 -0.000232 -0.000000 0.012895 0.983390 0.181049 11.597900 -0.002138 -0.181036 0.983474 0.000000 0.000000 0.000000 0.000000 1.000000
0.999954 -0.009568 -0.000234 0.000000 0.009447 0.982756 0.184667 11.597900 -0.001537 -0.184661 0.982801 0.000000 0.000000 0.000000 0.000000 1.000000
0.999948 -0.010192 -0.000165 0.000000 0.010038 0.981820 0.189546 11.597900 -0.001769 -0.189538 0.981872 0.000000 0.000000 0.000000 0.000000 1.000000
0.999952 -0.009809 -0.000064 0.000000 0.009634 0.980794 0.194809 11.597900 -0.001848 -0.194801 0.980841 0.000000 0.000000 0.000000 0.000000 1.000000
0.999984 -0.005592 0.000385 0.000000 0.005403 0.979924 0.199296 11.597900 -0.001492 -0.199291 0.979939 0.000000 0.000000 0.000000 0.000000 1.000000
0.999982 -0.005902 0.001052 -0.000000 0.005565 0.979067 0.203461 11.597900 -0.002231 -0.203451 0.979083 -0.000000 0.000000 0.000000 0.000000 1.000000
0.999940 -0.010857 0.001672 -0.000000 0.010271 0.978020 0.208257 11.597900 -0.003896 -0.208228 0.978073 0.000000 0.000000 0.000000 0.000000 1.000000
0.999928 -0.011736 0.002426 0.000000 0.010951 0.977020 0.212868 11.597900 -0.004868 -0.212826 0.977078 0.000000 0.000000 0.000000 0.000000 1.000000
0.999947 -0.009637 0.003580 0.000000 0.008641 0.976528 0.215218 11.597900 -0.005570 -0.215176 0.976559 0.000000 0.000000 0.000000 0.000000 1.000000
0.999945 -0.009602 0.004260 0.000000 0.008462 0.976559 0.215085 11.597900 -0.006226 -0.215038 0.976586 0.000000 0.000000 0.000000 0.000000 1.000000
0.999948 -0.009292 0.004184 0.000000 0.008199 0.977388 0.211293 11.597900 -0.006053 -0.211247 0.977414 0.000000 0.000000 0.000000 0.000000 1.000000
0.999964 -0.007560 0.003891 0.000000 0.006612 0.979138 0.203091 11.597900 -0.005345 -0.203057 0.979152 0.000000 0.000000 0.000000 0.000000 1.000000
0.999966 -0.007284 0.003947 -0.000000 0.006393 0.981487 0.191423 11.597900 -0.005268 -0.191392 0.981500 0.000000 0.000000 0.000000 0.000000 1.000000
0.999983 -0.004333 0.003881 0.000000 0.003571 0.983930 0.178518 11.597900 -0.004593 -0.178501 0.983929 -0.000000 0.000000 0.000000 0.000000 1.000000
0.999994 -0.000684 0.003291 0.000000 0.000146 0.987019 0.160602 11.597900 -0.003358 -0.160600 0.987014 -0.000000 0.000000 0.000000 0.000000 1.000000
0.999996 -0.001205 0.002568 -0.000000 0.000884 0.992566 0.121707 11.597900 -0.002696 -0.121704 0.992563 0.000000 0.000000 0.000000 0.000000 1.000000
0.999958 0.009166 0.000849 0.000000 -0.009205 0.996500 0.083080 11.597900 -0.000085 -0.083084 0.996543 0.000000 0.000000 0.000000 0.000000 1.000000
0.999951 0.009567 -0.002659 0.000000 -0.009395 0.998237 0.058604 11.597900 0.003215 -0.058576 0.998278 0.000000 0.000000 0.000000 0.000000 1.000000
0.999968 0.001824 -0.007738 0.000000 -0.001300 0.997738 0.067215 11.597900 0.007843 -0.067202 0.997709 0.000000 0.000000 0.000000 0.000000 1.000000
0.999951 0.003137 -0.009367 0.000000 -0.002022 0.993167 0.116686 11.597900 0.009669 -0.116662 0.993125 -0.000000 0.000000 0.000000 0.000000 1.000000
0.999970 0.003274 -0.007053 0.000000 -0.002352 0.991903 0.126974 11.597900 0.007412 -0.126953 0.991881 0.000000 0.000000 0.000000 0.000000 1.000000
0.999767 -0.017400 -0.012769 0.000000 0.018226 0.997541 0.067669 11.597900 0.011560 -0.067886 0.997626 0.000000 0.000000 0.000000 0.000000 1.000000
0.998566 -0.050713 -0.017163 0.000000 0.049916 0.997781 -0.044057 11.597900 0.019359 0.043137 0.998882 0.000000 0.000000 0.000000 0.000000 1.000000
0.996455 -0.083568 -0.009723 0.000000 0.081813 0.989440 -0.119647 11.597900 0.019619 0.118427 0.992769 0.000000 0.000000 0.000000 0.000000 1.000000
0.995555 -0.094013 -0.005681 0.000000 0.092864 0.989872 -0.107372 11.597900 0.015718 0.106368 0.994203 0.000000 0.000000 0.000000 0.000000 1.000000
0.998005 -0.062512 -0.008853 0.000000 0.061993 0.996815 -0.050176 11.597900 0.011961 0.049527 0.998701 0.000000 0.000000 0.000000 0.000000 1.000000
0.999506 -0.029072 -0.011902 0.000000 0.028968 0.999542 -0.008802 11.597900 0.012152 0.008453 0.999890 0.000000 0.000000 0.000000 0.000000 1.000000
0.999607 -0.024958 -0.012794 0.000000 0.025029 0.999672 0.005428 11.597900 0.012654 -0.005746 0.999903 0.000000 0.000000 0.000000 0.000000 1.000000
0.999417 -0.032434 -0.010672 0.000000 0.032461 0.999470 0.002336 11.597900 0.010590 -0.002681 0.999940 -0.000000 0.000000 0.000000 0.000000 1.000000
0.999579 -0.027728 -0.008491 0.000000 0.027644 0.999569 -0.009874 11.597900 0.008761 0.009635 0.999915 0.000000 0.000000 0.000000 0.000000 1.000000
0.999857 -0.015077 -0.007643 0.000000 0.014918 0.999679 -0.020483 11.597900 0.007950 0.020366 0.999761 0.000000 0.000000 0.000000 0.000000 1.000000
0.999969 -0.002469 -0.007466 -0.000000 0.002251 0.999576 -0.029019 11.597900 0.007535 0.029002 0.999551 0.000000 0.000000 0.000000 0.000000 1.000000
0.999963 0.002579 -0.008150 0.000000 -0.002843 0.999467 -0.032520 11.597900 0.008062 0.032542 0.999438 -0.000000 0.000000 0.000000 0.000000 1.000000
0.999957 -0.000105 -0.009278 0.000000 -0.000199 0.999462 -0.032789 11.597900 0.009277 0.032789 0.999419 0.000000 0.000000 0.000000 0.000000 1.000000
0.999937 -0.006133 -0.009443 0.000000 0.005761 0.999227 -0.038888 11.597900 0.009674 0.038831 0.999199 0.000000 0.000000 0.000000 0.000000 1.000000
0.999968 -0.006042 -0.005331 0.000000 0.005721 0.998288 -0.058214 11.597900 0.005674 0.058182 0.998290 0.000000 0.000000 0.000000 0.000000 1.000000
0.999955 0.008864 0.003234 0.000000 -0.008554 0.996277 -0.085780 11.597900 -0.003982 0.085749 0.996309 0.000000 0.000000 0.000000 0.000000 1.000000
0.999615 0.023491 0.014733 0.000000 -0.021693 0.993457 -0.112124 11.597900 -0.017270 0.111761 0.993585 0.000000 0.000000 0.000000 0.000000 1.000000
0.998998 0.034558 0.028428 0.000000 -0.030245 0.989659 -0.140217 11.597900 -0.032980 0.139217 0.989713 0.000000 0.000000 0.000000 0.000000 1.000000
0.997623 0.057658 0.037742 0.000000 -0.050666 0.984921 -0.165421 11.597900 -0.046710 0.163116 0.985501 0.000000 0.000000 0.000000 0.000000 1.000000
0.995163 0.088203 0.043242 -0.000000 -0.078354 0.978234 -0.192141 11.597900 -0.059248 0.187824 0.980414 0.000000 0.000000 0.000000 0.000000 1.000000
0.992005 0.114893 0.052200 0.000000 -0.100534 0.969529 -0.223398 11.597900 -0.076276 0.216364 0.973329 0.000000 0.000000 0.000000 0.000000 1.000000
0.987214 0.145778 0.064470 0.000000 -0.126414 0.962404 -0.240413 11.597900 -0.097093 0.229189 0.968527 0.000000 0.000000 0.000000 0.000000 1.000000</float_array>
        <technique_common>
          <accessor source="#mixamorig_Spine1-Matrix-animation-output-transform-array" count="69" stride="16">
            <param type="float4x4"/>
          </accessor>
        </technique_common>
      </source>
      <source id="mixamorig_Spine1-Interpolations">
        <Name_array id="mixamorig_Spine1-Interpolations-array" count="69">
 LINEAR LINEAR LINEAR LINEAR LINEAR LINEAR LINEAR LINEAR LINEAR LINEAR LINEAR
LINEAR LINEAR LINEAR LINEAR LINEAR LINEAR LINEAR LINEAR LINEAR LINEAR LINEAR LINEAR
LINEAR LINEAR LINEAR LINEAR LINEAR LINEAR LINEAR LINEAR LINEAR LINEAR LINEAR LINEAR
LINEAR LINEAR LINEAR LINEAR LINEAR LINEAR LINEAR LINEAR LINEAR LINEAR LINEAR LINEAR
LINEAR LINEAR LINEAR LINEAR LINEAR LINEAR LINEAR LINEAR LINEAR LINEAR LINEAR LINEAR
LINEAR LINEAR LINEAR LINEAR LINEAR LINEAR LINEAR LINEAR LINEAR LINEAR</Name_array>
        <technique_common>
          <accessor source="#mixamorig_Spine1-Interpolations-array" count="69">
            <param type="name"/>
          </accessor>
        </technique_common>
      </source>
      <sampler id="mixamorig_Spine1-Matrix-animation-transform">
        <input semantic="INPUT" source="#mixamorig_Spine1-Matrix-animation-input"/>
        <input semantic="OUTPUT" source="#mixamorig_Spine1-Matrix-animation-output-transform"/>
        <input semantic="INTERPOLATION" source="#mixamorig_Spine1-Interpolations"/>
      </sampler>
      <channel source="#mixamorig_Spine1-Matrix-animation-transform" target="mixamorig_Spine1/matrix"/>
    </animation>
    <animation id="mixamorig_Spine2-anim" name="mixamorig_Spine2">
      <source id="mixamorig_Spine2-Matrix-animation-input">
        <float_array id="mixamorig_Spine2-Matrix-animation-input-array" count="69">

