<?xml version="1.0" encoding="utf-8"?>
<COLLADA xmlns="http://www.collada.org/2005/11/COLLADASchema" version="1.4.1">
  <asset>
    <contributor>
      <author>Mixamo</author>
      <authoring_tool>COLLADA Mixamo exporter</authoring_tool>
      <comments/>
    </contributor>
    <created>2024-12-02T03:43:22Z</created>
    <modified>2024-12-02T03:43:22Z</modified>
    <revision/>
    <title/>
    <unit meter="0.010000"/>
    <up_axis>Y_UP</up_axis>
  </asset>
  <library_animations>
    <animation id="mixamorig_Hips-anim" name="mixamorig_Hips">
      <source id="mixamorig_Hips-Matrix-animation-input">
        <float_array id="mixamorig_Hips-Matrix-animation-input-array" count="80">

0.000000 0.033333 0.066667 0.100000 0.133333 0.166667 0.200000 0.233333 0.266667 0.300000 0.333333 0.366667 0.400000 0.433333 0.466667 0.500000
0.533333 0.566667 0.600000 0.633333 0.666667 0.700000 0.733333 0.766667 0.800000 0.833333 0.866667 0.900000 0.933333 0.966667 1.000000 1.033333
1.066667 1.100000 1.133333 1.166667 1.200000 1.233333 1.266667 1.300000 1.333333 1.366667 1.400000 1.433333 1.466667 1.500000 1.533333 1.566667
1.600000 1.633333 1.666667 1.700000 1.733333 1.766667 1.800000 1.833333 1.866667 1.900000 1.933333 1.966667 2.000000 2.033333 2.066667 2.100000
2.133333 2.166667 2.200000 2.233333 2.266667 2.300000 2.333333 2.366667 2.400000 2.433333 2.466667 2.500000 2.533333 2.566667 2.600000 2.633333</float_array>
        <technique_common>
          <accessor source="#mixamorig_Hips-Matrix-animation-input-array" count="80">
            <param name="TIME" type="float"/>
          </accessor>
        </technique_common>
      </source>
      <source id="mixamorig_Hips-Matrix-animation-output-transform">
        <float_array id="mixamorig_Hips-Matrix-animation-output-transform-array" count="1280">

0.521746 -0.062063 -0.850840 0.184756 0.073345 0.996921 -0.027743 105.219406 0.849942 -0.047930 0.524691 0.169396 0.000000 0.000000 0.000000 1.000000
0.508670 -0.070212 -0.858094 0.009834 0.082305 0.996070 -0.032712 105.526657 0.857018 -0.053986 0.512450 -0.134469 0.000000 0.000000 0.000000 1.000000
0.477033 -0.080120 -0.875226 -0.213663 0.093683 0.994798 -0.040004 105.365662 0.873878 -0.062911 0.482058 -0.674146 0.000000 0.000000 0.000000 1.000000
0.438188 -0.089309 -0.894436 -0.467441 0.105961 0.993246 -0.047265 105.164253 0.892616 -0.074064 0.444692 -1.244031 0.000000 0.000000 0.000000 1.000000
0.388619 -0.096366 -0.916346 -0.805927 0.120761 0.991264 -0.053030 104.950005 0.913451 -0.090051 0.396861 -1.770832 0.000000 0.000000 0.000000 1.000000
0.316925 -0.097832 -0.943392 -1.384519 0.141711 0.988385 -0.054891 104.826508 0.937804 -0.116293 0.327108 -2.170986 0.000000 0.000000 0.000000 1.000000
0.236325 -0.093960 -0.967120 -2.226279 0.158594 0.985696 -0.057011 104.826080 0.958644 -0.139907 0.247846 -2.564979 0.000000 0.000000 0.000000 1.000000
0.158013 -0.086630 -0.983629 -3.407395 0.170950 0.983502 -0.059157 104.975739 0.972527 -0.158804 0.170216 -3.012888 0.000000 0.000000 0.000000 1.000000
0.088576 -0.073807 -0.993331 -4.959298 0.182309 0.981606 -0.056679 105.254875 0.979243 -0.176073 0.100403 -3.554473 0.000000 0.000000 0.000000 1.000000
0.020608 -0.057356 -0.998141 -6.708488 0.190314 0.980324 -0.052402 105.620720 0.981507 -0.188880 0.031118 -4.105566 0.000000 0.000000 0.000000 1.000000
-0.054692 -0.037128 -0.997813 -8.550014 0.194231 0.979824 -0.047105 105.920715 0.979430 -0.196382 -0.046377 -4.617159 0.000000 0.000000 0.000000 1.000000
-0.136057 -0.017150 -0.990553 -10.486518 0.198216 0.979162 -0.044178 105.932671 0.970669 -0.202354 -0.129822 -5.072395 0.000000 0.000000 0.000000 1.000000
-0.216715 -0.006353 -0.976214 -12.356153 0.205348 0.977309 -0.051947 105.760201 0.954393 -0.211722 -0.210493 -5.330161 0.000000 0.000000 0.000000 1.000000
-0.294808 -0.004418 -0.955546 -14.123923 0.213012 0.974523 -0.070224 105.441635 0.931512 -0.224246 -0.286356 -5.300200 0.000000 0.000000 0.000000 1.000000
-0.369328 -0.007102 -0.929272 -15.831570 0.217144 0.971630 -0.093726 105.040108 0.903574 -0.236401 -0.357307 -5.015697 0.000000 0.000000 0.000000 1.000000
-0.433804 -0.012205 -0.900924 -17.384256 0.218935 0.968512 -0.118540 104.553627 0.874003 -0.248667 -0.417473 -4.538736 0.000000 0.000000 0.000000 1.000000
-0.486216 -0.016952 -0.873674 -18.691486 0.220284 0.965144 -0.141319 103.923477 0.845617 -0.261168 -0.465535 -3.891414 0.000000 0.000000 0.000000 1.000000
-0.529906 -0.022322 -0.847763 -19.771866 0.219485 0.961984 -0.162521 103.377327 0.819162 -0.272193 -0.504861 -3.140638 0.000000 0.000000 0.000000 1.000000
-0.564522 -0.030000 -0.824873 -20.547935 0.216268 0.959052 -0.182888 102.812477 0.796582 -0.281638 -0.534917 -2.265819 0.000000 0.000000 0.000000 1.000000
-0.586171 -0.037579 -0.809315 -20.974226 0.214152 0.956209 -0.199506 102.122276 0.781372 -0.290261 -0.552454 -1.264683 0.000000 0.000000 0.000000 1.000000
-0.595617 -0.044922 -0.802012 -21.089018 0.214248 0.953382 -0.212512 101.411201 0.774170 -0.298405 -0.558226 -0.135530 0.000000 0.000000 0.000000 1.000000
-0.598952 -0.053939 -0.798966 -20.977772 0.214264 0.950556 -0.224798 100.732048 0.771587 -0.305833 -0.557781 1.119037 0.000000 0.000000 0.000000 1.000000
-0.598495 -0.062669 -0.798672 -20.667410 0.213442 0.948428 -0.234365 100.074501 0.772170 -0.310736 -0.554253 2.436074 0.000000 0.000000 0.000000 1.000000
-0.590864 -0.071042 -0.803638 -20.109257 0.211796 0.947519 -0.239481 99.393654 0.778475 -0.311708 -0.544808 3.705845 0.000000 0.000000 0.000000 1.000000
-0.571636 -0.084266 -0.816169 -19.269199 0.207657 0.947471 -0.243264 98.620483 0.793795 -0.308542 -0.524110 4.879290 0.000000 0.000000 0.000000 1.000000
-0.536451 -0.103144 -0.837605 -18.070946 0.200841 0.948385 -0.245416 97.586525 0.819685 -0.299879 -0.488047 5.945172 0.000000 0.000000 0.000000 1.000000
-0.484024 -0.122993 -0.866368 -16.577637 0.193233 0.950609 -0.242907 96.496117 0.853453 -0.284983 -0.436351 6.826654 0.000000 0.000000 0.000000 1.000000
-0.418095 -0.141511 -0.897313 -14.915294 0.185416 0.953703 -0.236796 95.382225 0.889279 -0.265379 -0.372500 7.567048 0.000000 0.000000 0.000000 1.000000
-0.342024 -0.157997 -0.926313 -13.183913 0.176894 0.957314 -0.228600 94.204269 0.922891 -0.242046 -0.299476 8.115660 0.000000 0.000000 0.000000 1.000000
-0.255834 -0.171980 -0.951300 -11.421312 0.162843 0.962320 -0.217766 92.912292 0.952907 -0.210625 -0.218189 8.389773 0.000000 0.000000 0.000000 1.000000
-0.153178 -0.178715 -0.971904 -9.744596 0.141289 0.969445 -0.200531 91.590347 0.978046 -0.168037 -0.123247 8.404058 0.000000 0.000000 0.000000 1.000000
-0.020105 -0.169735 -0.985285 -8.283668 0.119700 0.977987 -0.170921 90.781967 0.992607 -0.121374 0.000655 8.363546 0.000000 0.000000 0.000000 1.000000
0.151899 -0.141564 -0.978206 -7.136037 0.097092 0.987040 -0.127766 90.854134 0.983616 -0.075569 0.163675 8.364575 0.000000 0.000000 0.000000 1.000000
0.351729 -0.097492 -0.931011 -6.419700 0.058767 0.994900 -0.081980 91.632088 0.934255 -0.025878 0.355665 8.424925 0.000000 0.000000 0.000000 1.000000
0.550595 -0.043686 -0.833629 -6.157791 0.000955 0.998662 -0.051704 93.039650 0.834772 0.027672 0.549900 8.633178 0.000000 0.000000 0.000000 1.000000
0.723909 0.003422 -0.689887 -6.364335 -0.053652 0.997238 -0.051351 94.864037 0.687806 0.074187 0.722094 8.818486 0.000000 0.000000 0.000000 1.000000
0.863130 0.023494 -0.504435 -7.134650 -0.076232 0.993532 -0.084165 96.673409 0.499194 0.111100 0.859338 8.765548 0.000000 0.000000 0.000000 1.000000
0.955024 0.014911 -0.296152 -8.459957 -0.060783 0.987372 -0.146297 98.194046 0.290231 0.157718 0.943870 8.511976 0.000000 0.000000 0.000000 1.000000
0.993475 0.005348 -0.113926 -10.143742 -0.030168 0.975643 -0.217279 99.555557 0.109989 0.219298 0.969438 8.551796 0.000000 0.000000 0.000000 1.000000
0.999966 0.006247 0.005433 -11.720407 -0.004562 0.963379 -0.268103 100.830902 -0.006909 0.268069 0.963375 9.272218 0.000000 0.000000 0.000000 1.000000
0.997491 0.014146 0.069362 -12.967424 0.008173 0.950264 -0.311339 101.832497 -0.070317 0.311125 0.947764 10.511516 0.000000 0.000000 0.000000 1.000000
0.992608 0.032847 0.116836 -13.978485 0.011963 0.931512 -0.363514 102.562500 -0.120775 0.362224 0.924233 12.328039 0.000000 0.000000 0.000000 1.000000
0.982341 0.056273 0.178437 -14.660704 0.018431 0.919956 -0.391588 102.472328 -0.186190 0.387961 0.902673 14.322186 0.000000 0.000000 0.000000 1.000000
0.968123 0.077670 0.238129 -14.833872 0.022697 0.919592 -0.392218 101.821373 -0.249445 0.385120 0.888515 16.250259 0.000000 0.000000 0.000000 1.000000
0.958620 0.095783 0.268093 -14.612750 0.020632 0.915852 -0.400986 100.955139 -0.283941 0.389924 0.875977 17.702423 0.000000 0.000000 0.000000 1.000000
0.955437 0.106341 0.275376 -14.194626 0.019152 0.908563 -0.417308 100.332024 -0.294574 0.403986 0.866038 18.876438 0.000000 0.000000 0.000000 1.000000
0.954735 0.109859 0.276428 -13.580658 0.018381 0.905734 -0.423447 99.797752 -0.296890 0.409360 0.862717 19.842340 0.000000 0.000000 0.000000 1.000000
0.956572 0.110819 0.269611 -12.746191 0.014095 0.906249 -0.422509 99.288315 -0.291157 0.407960 0.865330 20.535015 0.000000 0.000000 0.000000 1.000000
0.962142 0.107389 0.250501 -11.775970 0.008837 0.906328 -0.422483 98.952866 -0.272406 0.408702 0.871067 20.958748 0.000000 0.000000 0.000000 1.000000
0.970069 0.098918 0.221769 -10.761943 0.004375 0.906001 -0.423254 98.801338 -0.242790 0.411555 0.878450 21.053020 0.000000 0.000000 0.000000 1.000000
0.977853 0.090157 0.188879 -9.707838 -0.001614 0.905684 -0.423950 98.762543 -0.209287 0.414256 0.885771 20.818350 0.000000 0.000000 0.000000 1.000000
0.984306 0.080800 0.156883 -8.618260 -0.006749 0.905603 -0.424073 98.813828 -0.176339 0.416359 0.891936 20.358902 0.000000 0.000000 0.000000 1.000000
0.989919 0.067827 0.124340 -7.537175 -0.009232 0.906912 -0.421220 98.942039 -0.141336 0.415825 0.898395 19.748796 0.000000 0.000000 0.000000 1.000000
0.995136 0.051763 0.083809 -6.449445 -0.012583 0.910635 -0.413021 99.081726 -0.097699 0.409958 0.906857 19.042231 0.000000 0.000000 0.000000 1.000000
0.998986 0.033855 0.029664 -5.335261 -0.019211 0.916656 -0.399215 99.147957 -0.040707 0.398240 0.916377 18.317673 0.000000 0.000000 0.000000 1.000000
0.999301 0.014619 -0.034396 -4.246481 -0.026670 0.923659 -0.382286 99.113419 0.026182 0.382936 0.923404 17.598536 0.000000 0.000000 0.000000 1.000000
0.994768 -0.004230 -0.102070 -3.207047 -0.033268 0.931265 -0.362821 98.917839 0.096589 0.364319 0.926252 16.824503 0.000000 0.000000 0.000000 1.000000
0.985443 -0.020561 -0.168759 -2.251265 -0.038636 0.939599 -0.340090 98.563126 0.165559 0.341659 0.925127 16.011639 0.000000 0.000000 0.000000 1.000000
0.973302 -0.034623 -0.226904 -1.415835 -0.040092 0.947716 -0.316587 98.191711 0.226002 0.317231 0.921025 15.209253 0.000000 0.000000 0.000000 1.000000
0.959702 -0.048276 -0.276842 -0.709017 -0.037036 0.954813 -0.294889 97.828194 0.278568 0.293259 0.914548 14.306878 0.000000 0.000000 0.000000 1.000000
0.943984 -0.061786 -0.324157 -0.195916 -0.032148 0.960424 -0.276682 97.513542 0.328423 0.271605 0.904638 13.198721 0.000000 0.000000 0.000000 1.000000
0.926579 -0.073562 -0.368836 0.081606 -0.027402 0.964875 -0.261276 97.373009 0.375101 0.252200 0.892017 11.836285 0.000000 0.000000 0.000000 1.000000
0.909149 -0.080153 -0.408685 0.228134 -0.023674 0.969772 -0.242861 97.582901 0.415797 0.230472 0.879770 10.308689 0.000000 0.000000 0.000000 1.000000
0.892960 -0.081233 -0.442745 0.291977 -0.020990 0.974997 -0.221224 98.200211 0.449646 0.206838 0.868928 8.726379 0.000000 0.000000 0.000000 1.000000
0.875487 -0.081152 -0.476378 0.249100 -0.019046 0.979238 -0.201818 99.115669 0.482865 0.185762 0.855765 7.143153 0.000000 0.000000 0.000000 1.000000
0.852508 -0.079380 -0.516651 0.158089 -0.017173 0.983615 -0.179462 100.222595 0.522431 0.161865 0.837177 5.712155 0.000000 0.000000 0.000000 1.000000
0.825419 -0.073010 -0.559779 0.066399 -0.014597 0.988510 -0.150451 101.516930 0.564332 0.132356 0.814869 4.599483 0.000000 0.000000 0.000000 1.000000
0.798132 -0.066687 -0.598780 -0.002407 -0.011321 0.992020 -0.125572 102.937843 0.602376 0.107002 0.791008 3.723221 0.000000 0.000000 0.000000 1.000000
0.769704 -0.062181 -0.635366 -0.022918 -0.007646 0.994276 -0.106569 104.391052 0.638355 0.086885 0.764823 2.983982 0.000000 0.000000 0.000000 1.000000
0.738718 -0.057625 -0.671547 -0.043339 -0.001465 0.996199 -0.087095 105.818802 0.674013 0.065323 0.735826 2.383152 0.000000 0.000000 0.000000 1.000000
0.706198 -0.056319 -0.705771 -0.102316 0.009277 0.997482 -0.070315 107.163696 0.707954 0.043109 0.704942 1.861209 0.000000 0.000000 0.000000 1.000000
0.672766 -0.058738 -0.737520 -0.195428 0.021258 0.997967 -0.060090 108.376266 0.739550 0.024748 0.672646 1.368999 0.000000 0.000000 0.000000 1.000000
0.644054 -0.060491 -0.762584 -0.247714 0.029765 0.998095 -0.054034 109.002930 0.764401 0.012102 0.644628 1.004159 0.000000 0.000000 0.000000 1.000000
0.618881 -0.062013 -0.783033 -0.209769 0.038502 0.998075 -0.048614 108.914032 0.784541 -0.000062 0.620077 0.818337 0.000000 0.000000 0.000000 1.000000
0.594199 -0.063049 -0.801843 -0.142244 0.047305 0.997937 -0.043413 108.503319 0.802926 -0.012135 0.595955 0.733005 0.000000 0.000000 0.000000 1.000000
0.573049 -0.063476 -0.817059 -0.067634 0.054950 0.997728 -0.038973 107.880997 0.817677 -0.022564 0.575235 0.682403 0.000000 0.000000 0.000000 1.000000
0.554359 -0.063639 -0.829841 0.004287 0.062009 0.997459 -0.035070 107.168976 0.829965 -0.032016 0.556896 0.612642 0.000000 0.000000 0.000000 1.000000
0.537823 -0.063557 -0.840659 0.074910 0.068347 0.997159 -0.031663 106.449280 0.840283 -0.040427 0.540639 0.519043 0.000000 0.000000 0.000000 1.000000
0.526061 -0.063055 -0.848106 0.138680 0.072560 0.996939 -0.029113 105.781830 0.847346 -0.046223 0.529026 0.382778 0.000000 0.000000 0.000000 1.000000
0.521746 -0.062063 -0.850840 0.184753 0.073345 0.996921 -0.027743 105.219398 0.849942 -0.047930 0.524691 0.169390 0.000000 0.000000 0.000000 1.000000</float_array>
        <technique_common>
          <accessor source="#mixamorig_Hips-Matrix-animation-output-transform-array" count="80" stride="16">
            <param type="float4x4"/>
          </accessor>
        </technique_common>
      </source>
      <source id="mixamorig_Hips-Interpolations">
        <Name_array id="mixamorig_Hips-Interpolations-array" count="80">
 LINEAR LINEAR LINEAR LINEAR LINEAR LINEAR LINEAR LINEAR LINEAR LINEAR LINEAR
LINEAR LINEAR LINEAR LINEAR LINEAR LINEAR LINEAR LINEAR LINEAR LINEAR LINEAR LINEAR
LINEAR LINEAR LINEAR LINEAR LINEAR LINEAR LINEAR LINEAR LINEAR LINEAR LINEAR LINEAR
LINEAR LINEAR LINEAR LINEAR LINEAR LINEAR LINEAR LINEAR LINEAR LINEAR LINEAR LINEAR
LINEAR LINEAR LINEAR LINEAR LINEAR LINEAR LINEAR LINEAR LINEAR LINEAR LINEAR LINEAR
LINEAR LINEAR LINEAR LINEAR LINEAR LINEAR LINEAR LINEAR LINEAR LINEAR LINEAR LINEAR
LINEAR LINEAR LINEAR LINEAR LINEAR LINEAR LINEAR LINEAR LINEAR</Name_array>
        <technique_common>
          <accessor source="#mixamorig_Hips-Interpolations-array" count="80">
            <param type="name"/>
          </accessor>
        </technique_common>
      </source>
      <sampler id="mixamorig_Hips-Matrix-animation-transform">
        <input semantic="INPUT" source="#mixamorig_Hips-Matrix-animation-input"/>
        <input semantic="OUTPUT" source="#mixamorig_Hips-Matrix-animation-output-transform"/>
        <input semantic="INTERPOLATION" source="#mixamorig_Hips-Interpolations"/>
      </sampler>
      <channel source="#mixamorig_Hips-Matrix-animation-transform" target="mixamorig_Hips/matrix"/>
    </animation>
    <animation id="mixamorig_Spine-anim" name="mixamorig_Spine">
      <source id="mixamorig_Spine-Matrix-animation-input">
        <float_array id="mixamorig_Spine-Matrix-animation-input-array" count="80">

0.000000 0.033333 0.066667 0.100000 0.133333 0.166667 0.200000 0.233333 0.266667 0.300000 0.333333 0.366667 0.400000 0.433333 0.466667 0.500000
0.533333 0.566667 0.600000 0.633333 0.666667 0.700000 0.733333 0.766667 0.800000 0.833333 0.866667 0.900000 0.933333 0.966667 1.000000 1.033333
1.066667 1.100000 1.133333 1.166667 1.200000 1.233333 1.266667 1.300000 1.333333 1.366667 1.400000 1.433333 1.466667 1.500000 1.533333 1.566667
1.600000 1.633333 1.666667 1.700000 1.733333 1.766667 1.800000 1.833333 1.866667 1.900000 1.933333 1.966667 2.000000 2.033333 2.066667 2.100000
2.133333 2.166667 2.200000 2.233333 2.266667 2.300000 2.333333 2.366667 2.400000 2.433333 2.466667 2.500000 2.533333 2.566667 2.600000 2.633333</float_array>
        <technique_common>
          <accessor source="#mixamorig_Spine-Matrix-animation-input-array" count="80">
            <param name="TIME" type="float"/>
          </accessor>
        </technique_common>
      </source>
      <source id="mixamorig_Spine-Matrix-animation-output-transform">
        <float_array id="mixamorig_Spine-Matrix-animation-output-transform-array" count="1280">

0.998630 0.052228 0.003332 -0.000900 -0.050904 0.984147 -0.169895 9.938600 -0.012152 0.169492 0.985457 0.799700 0.000000 0.000000 0.000000 1.000000
0.998602 0.052758 0.003387 -0.000900 -0.051412 0.984051 -0.170294 9.938600 -0.012318 0.169881 0.985388 0.799700 0.000000 0.000000 0.000000 1.000000
0.998486 0.054890 0.003556 -0.000900 -0.053476 0.983842 -0.170863 9.938600 -0.012877 0.170415 0.985288 0.799700 0.000000 0.000000 0.000000 1.000000
0.998344 0.057417 0.003488 -0.000900 -0.055973 0.983640 -0.171230 9.938600 -0.013263 0.170751 0.985225 0.799700 0.000000 0.000000 0.000000 1.000000
0.998162 0.060544 0.002577 -0.000900 -0.059221 0.983601 -0.170359 9.938600 -0.012849 0.169894 0.985379 0.799700 0.000000 0.000000 0.000000 1.000000
0.997908 0.064649 -0.000348 -0.000900 -0.063784 0.983657 -0.168377 9.938600 -0.010543 0.168047 0.985723 0.799700 0.000000 0.000000 0.000000 1.000000
0.997714 0.067435 -0.004418 -0.000900 -0.067235 0.983915 -0.165503 9.938600 -0.006813 0.165422 0.986199 0.799700 0.000000 0.000000 0.000000 1.000000
0.997621 0.068308 -0.009253 -0.000900 -0.068903 0.984315 -0.162409 9.938600 -0.001986 0.162661 0.986680 0.799700 0.000000 0.000000 0.000000 1.000000
0.997523 0.068605 -0.015524 -0.000900 -0.070210 0.984528 -0.160549 9.938600 0.004270 0.161241 0.986906 0.799700 0.000000 0.000000 0.000000 1.000000
0.997374 0.068446 -0.023655 -0.000900 -0.071368 0.984433 -0.160620 9.938600 0.012293 0.161886 0.986733 0.799700 0.000000 0.000000 0.000000 1.000000
0.997197 0.067346 -0.032591 -0.000900 -0.071800 0.983881 -0.163780 9.938600 0.021036 0.165661 0.985958 0.799700 0.000000 0.000000 0.000000 1.000000
0.997038 0.065252 -0.040701 -0.000900 -0.071239 0.983010 -0.169166 9.938600 0.028971 0.171565 0.984747 0.799700 0.000000 0.000000 0.000000 1.000000
0.996883 0.062466 -0.048182 -0.000900 -0.069937 0.982366 -0.173394 9.938600 0.036501 0.176223 0.983673 0.799700 0.000000 0.000000 0.000000 1.000000
0.996806 0.058110 -0.054789 -0.000900 -0.066928 0.982112 -0.176003 9.938600 0.043581 0.179107 0.982864 0.799700 0.000000 0.000000 0.000000 1.000000
0.996884 0.051411 -0.059828 -0.000900 -0.061328 0.982131 -0.177926 9.938600 0.049612 0.181041 0.982223 0.799700 0.000000 0.000000 0.000000 1.000000
0.997024 0.042828 -0.064105 -0.000900 -0.053715 0.982358 -0.179128 9.938600 0.055303 0.182039 0.981735 0.799700 0.000000 0.000000 0.000000 1.000000
0.997153 0.033129 -0.067742 -0.000900 -0.044815 0.982824 -0.179021 9.938600 0.060648 0.181547 0.981510 0.799700 0.000000 0.000000 0.000000 1.000000
0.997339 0.022586 -0.069322 -0.000900 -0.034568 0.983632 -0.176844 9.938600 0.064193 0.178769 0.981795 0.799700 0.000000 0.000000 0.000000 1.000000
0.997547 0.010560 -0.069204 -0.000900 -0.022380 0.984785 -0.172329 9.938600 0.066331 0.173455 0.982605 0.799700 0.000000 0.000000 0.000000 1.000000
0.997606 -0.002499 -0.069102 -0.000900 -0.009074 0.985974 -0.166652 9.938600 0.068549 0.166881 0.983591 0.799700 0.000000 0.000000 0.000000 1.000000
0.997494 -0.015491 -0.069036 -0.000900 0.004269 0.987137 -0.159820 9.938600 0.070624 0.159125 0.984729 0.799700 0.000000 0.000000 0.000000 1.000000
0.997280 -0.028339 -0.068043 -0.000900 0.017730 0.988263 -0.151728 9.938600 0.071545 0.150109 0.986077 0.799700 0.000000 0.000000 0.000000 1.000000
0.996935 -0.041255 -0.066479 -0.000900 0.031376 0.989177 -0.143332 9.938600 0.071673 0.140806 0.987439 0.799700 0.000000 0.000000 0.000000 1.000000
0.996425 -0.053747 -0.065173 -0.000900 0.044509 0.989745 -0.135736 9.938600 0.071800 0.132350 0.988599 0.799700 0.000000 0.000000 0.000000 1.000000
0.995777 -0.065895 -0.063919 -0.000900 0.057282 0.990079 -0.128305 9.938600 0.071740 0.124101 0.989673 0.799700 0.000000 0.000000 0.000000 1.000000
0.995007 -0.077557 -0.062811 -0.000900 0.069520 0.990173 -0.121344 9.938600 0.071605 0.116372 0.990621 0.799700 0.000000 0.000000 0.000000 1.000000
0.994238 -0.087355 -0.062123 -0.000900 0.079762 0.990081 -0.115665 9.938600 0.071610 0.110044 0.991344 0.799700 0.000000 0.000000 0.000000 1.000000
0.993644 -0.094754 -0.060773 -0.000900 0.087606 0.989940 -0.111103 9.938600 0.070689 0.105072 0.991949 0.799700 0.000000 0.000000 0.000000 1.000000
0.993180 -0.100657 -0.058842 -0.000900 0.093988 0.989826 -0.106817 9.938600 0.068996 0.100558 0.992536 0.799700 0.000000 0.000000 0.000000 1.000000
0.992681 -0.106113 -0.057660 -0.000900 0.099684 0.989484 -0.104804 9.938600 0.068175 0.098290 0.992820 0.799700 0.000000 0.000000 0.000000 1.000000
0.992238 -0.111146 -0.055777 -0.000900 0.104799 0.988819 -0.106085 9.938600 0.066944 0.099416 0.992791 0.799700 0.000000 0.000000 0.000000 1.000000
0.992025 -0.114567 -0.052552 -0.000900 0.108376 0.988174 -0.108475 9.938600 0.064358 0.101914 0.992709 0.799700 0.000000 0.000000 0.000000 1.000000
0.991855 -0.117092 -0.050138 -0.000900 0.110963 0.987578 -0.111252 9.938600 0.062542 0.104782 0.992527 0.799700 0.000000 0.000000 0.000000 1.000000
0.991384 -0.121090 -0.049950 -0.000900 0.114744 0.986749 -0.114719 9.938600 0.063179 0.107999 0.992141 0.799700 0.000000 0.000000 0.000000 1.000000
0.991156 -0.123117 -0.049509 -0.000900 0.116548 0.986052 -0.118817 9.938600 0.063447 0.111996 0.991681 0.799700 0.000000 0.000000 0.000000 1.000000
0.992524 -0.115068 -0.040685 -0.000900 0.109212 0.986148 -0.124838 9.938600 0.054486 0.119461 0.991343 0.799700 0.000000 0.000000 0.000000 1.000000
0.995025 -0.097201 -0.021862 -0.000900 0.093500 0.986828 -0.132019 9.938600 0.034406 0.129318 0.991006 0.799700 0.000000 0.000000 0.000000 1.000000
0.997190 -0.074665 -0.006083 -0.000900 0.073127 0.987833 -0.137254 9.938600 0.016257 0.136424 0.990517 0.799700 0.000000 0.000000 0.000000 1.000000
0.998597 -0.052938 -0.000917 -0.000900 0.052290 0.988791 -0.139849 9.938600 0.008310 0.139605 0.990172 0.799700 0.000000 0.000000 0.000000 1.000000
0.999268 -0.037787 -0.005913 -0.000900 0.036560 0.989122 -0.142481 9.938600 0.011233 0.142161 0.989780 0.799700 0.000000 0.000000 0.000000 1.000000
0.999361 -0.032543 -0.014797 -0.000900 0.030034 0.988796 -0.146218 9.938600 0.019390 0.145680 0.989142 0.799700 0.000000 0.000000 0.000000 1.000000
0.999366 -0.030210 -0.018847 -0.000900 0.027055 0.988365 -0.149672 9.938600 0.023149 0.149067 0.988556 0.799700 0.000000 0.000000 0.000000 1.000000
0.999466 -0.025837 -0.020010 -0.000900 0.022634 0.988964 -0.146415 9.938600 0.023572 0.145884 0.989021 0.799700 0.000000 0.000000 0.000000 1.000000
0.999430 -0.025447 -0.022201 -0.000900 0.021929 0.988986 -0.146379 9.938600 0.025682 0.145808 0.988979 0.799700 0.000000 0.000000 0.000000 1.000000
0.999238 -0.029721 -0.025309 -0.000900 0.025743 0.989078 -0.145129 9.938600 0.029345 0.144367 0.989089 0.799700 0.000000 0.000000 0.000000 1.000000
0.999030 -0.033808 -0.028203 -0.000900 0.029442 0.989288 -0.142974 9.938600 0.032734 0.142005 0.989324 0.799700 0.000000 0.000000 0.000000 1.000000
0.998871 -0.036153 -0.030815 -0.000900 0.031423 0.989348 -0.142141 9.938600 0.035626 0.141012 0.989367 0.799700 0.000000 0.000000 0.000000 1.000000
0.998773 -0.037405 -0.032446 -0.000900 0.032430 0.989305 -0.142209 9.938600 0.037419 0.140983 0.989305 0.799700 0.000000 0.000000 0.000000 1.000000
0.998803 -0.037023 -0.031964 -0.000900 0.032128 0.989346 -0.141994 9.938600 0.036881 0.140797 0.989351 0.799700 0.000000 0.000000 0.000000 1.000000
0.998935 -0.035301 -0.029702 -0.000900 0.030759 0.989458 -0.141517 9.938600 0.034385 0.140452 0.989490 0.799700 0.000000 0.000000 0.000000 1.000000
0.999108 -0.032781 -0.026608 -0.000900 0.028721 0.989622 -0.140794 9.938600 0.030947 0.139905 0.989681 0.799700 0.000000 0.000000 0.000000 1.000000
0.999284 -0.029328 -0.023923 -0.000900 0.025700 0.989822 -0.139971 9.938600 0.027785 0.139256 0.989867 0.799700 0.000000 0.000000 0.000000 1.000000
0.999448 -0.025402 -0.021428 -0.000900 0.022162 0.989928 -0.139829 9.938600 0.024764 0.139277 0.989944 0.799700 0.000000 0.000000 0.000000 1.000000
0.999617 -0.021196 -0.017816 -0.000900 0.018478 0.989853 -0.140888 9.938600 0.020622 0.140505 0.989865 0.799700 0.000000 0.000000 0.000000 1.000000
0.999780 -0.016559 -0.012869 -0.000900 0.014549 0.989604 -0.143080 9.938600 0.015105 0.142862 0.989627 0.799700 0.000000 0.000000 0.000000 1.000000
0.999896 -0.010940 -0.009398 -0.000900 0.009468 0.989467 -0.144450 9.938600 0.010880 0.144346 0.989468 0.799700 0.000000 0.000000 0.000000 1.000000
0.999953 -0.005132 -0.008244 -0.000900 0.003891 0.989562 -0.144054 9.938600 0.008897 0.144016 0.989535 0.799700 0.000000 0.000000 0.000000 1.000000
0.999973 -0.000265 -0.007295 -0.000900 -0.000787 0.989617 -0.143730 9.938600 0.007257 0.143732 0.989590 0.799700 0.000000 0.000000 0.000000 1.000000
0.999968 0.003959 -0.006896 -0.000900 -0.004912 0.989540 -0.144177 9.938600 0.006253 0.144207 0.989528 0.799700 0.000000 0.000000 0.000000 1.000000
0.999945 0.008065 -0.006699 -0.000900 -0.008946 0.989525 -0.144085 9.938600 0.005467 0.144137 0.989543 0.799700 0.000000 0.000000 0.000000 1.000000
0.999927 0.011314 -0.004320 -0.000900 -0.011817 0.989587 -0.143448 9.938600 0.002652 0.143489 0.989648 0.799700 0.000000 0.000000 0.000000 1.000000
0.999902 0.013973 -0.000148 -0.000900 -0.013849 0.989544 -0.143565 9.938600 -0.001859 0.143553 0.989641 0.799700 0.000000 0.000000 0.000000 1.000000
0.999871 0.015765 0.003013 -0.000900 -0.015161 0.989291 -0.145165 9.938600 -0.005269 0.145101 0.989403 0.799700 0.000000 0.000000 0.000000 1.000000
0.999850 0.016992 0.003287 -0.000900 -0.016323 0.988957 -0.147298 9.938600 -0.005754 0.147223 0.989087 0.799700 0.000000 0.000000 0.000000 1.000000
0.999824 0.018540 0.002981 -0.000900 -0.017888 0.988653 -0.149146 9.938600 -0.005713 0.149067 0.988811 0.799700 0.000000 0.000000 0.000000 1.000000
0.999789 0.019990 0.004637 -0.000900 -0.019055 0.988230 -0.151782 9.938600 -0.007616 0.151662 0.988403 0.799700 0.000000 0.000000 0.000000 1.000000
0.999766 0.020653 0.006434 -0.000900 -0.019407 0.987721 -0.155016 9.938600 -0.009557 0.154855 0.987891 0.799700 0.000000 0.000000 0.000000 1.000000
0.999756 0.021095 0.006595 -0.000900 -0.019798 0.987394 -0.157038 9.938600 -0.009825 0.156869 0.987571 0.799700 0.000000 0.000000 0.000000 1.000000
0.999744 0.021696 0.006395 -0.000900 -0.020409 0.987150 -0.158489 9.938600 -0.009752 0.158318 0.987340 0.799700 0.000000 0.000000 0.000000 1.000000
0.999720 0.022874 0.006043 -0.000900 -0.021603 0.986710 -0.161049 9.938600 -0.009646 0.160874 0.986928 0.799700 0.000000 0.000000 0.000000 1.000000
0.999663 0.025453 0.005009 -0.000900 -0.024296 0.986313 -0.163087 9.938600 -0.009092 0.162910 0.986599 0.799700 0.000000 0.000000 0.000000 1.000000
0.999574 0.028865 0.004342 -0.000900 -0.027762 0.986053 -0.164102 9.938600 -0.009018 0.163911 0.986434 0.799700 0.000000 0.000000 0.000000 1.000000
0.999478 0.031993 0.004441 -0.000900 -0.030822 0.985814 -0.164985 9.938600 -0.009657 0.164762 0.986286 0.799700 0.000000 0.000000 0.000000 1.000000
0.999364 0.035413 0.004257 -0.000900 -0.034213 0.985487 -0.166266 9.938600 -0.010083 0.166014 0.986072 0.799700 0.000000 0.000000 0.000000 1.000000
0.999250 0.038512 0.004049 -0.000900 -0.037290 0.985160 -0.167539 9.938600 -0.010441 0.167263 0.985857 0.799700 0.000000 0.000000 0.000000 1.000000
0.999142 0.041235 0.003953 -0.000900 -0.039980 0.984883 -0.168546 9.938600 -0.010843 0.168243 0.985686 0.799700 0.000000 0.000000 0.000000 1.000000
0.999028 0.043919 0.003876 -0.000900 -0.042628 0.984626 -0.169395 9.938600 -0.011257 0.169065 0.985541 0.799700 0.000000 0.000000 0.000000 1.000000
0.998903 0.046674 0.003788 -0.000900 -0.045351 0.984387 -0.170076 9.938600 -0.011667 0.169717 0.985424 0.799700 0.000000 0.000000 0.000000 1.000000
0.998780 0.049242 0.003808 -0.000900 -0.047874 0.984221 -0.170343 9.938600 -0.012136 0.169953 0.985377 0.799700 0.000000 0.000000 0.000000 1.000000
0.998630 0.052228 0.003331 -0.000900 -0.050904 0.984147 -0.169895 9.938600 -0.012152 0.169492 0.985457 0.799700 0.000000 0.000000 0.000000 1.000000</float_array>
        <technique_common>
          <accessor source="#mixamorig_Spine-Matrix-animation-output-transform-array" count="80" stride="16">
            <param type="float4x4"/>
          </accessor>
        </technique_common>
      </source>
      <source id="mixamorig_Spine-Interpolations">
        <Name_array id="mixamorig_Spine-Interpolations-array" count="80">
 LINEAR LINEAR LINEAR LINEAR LINEAR LINEAR LINEAR LINEAR LINEAR LINEAR LINEAR
LINEAR LINEAR LINEAR LINEAR LINEAR LINEAR LINEAR LINEAR LINEAR LINEAR LINEAR LINEAR
LINEAR LINEAR LINEAR LINEAR LINEAR LINEAR LINEAR LINEAR LINEAR LINEAR LINEAR LINEAR
LINEAR LINEAR LINEAR LINEAR LINEAR LINEAR LINEAR LINEAR LINEAR LINEAR LINEAR LINEAR
LINEAR LINEAR LINEAR LINEAR LINEAR LINEAR LINEAR LINEAR LINEAR LINEAR LINEAR LINEAR
LINEAR LINEAR LINEAR LINEAR LINEAR LINEAR LINEAR LINEAR LINEAR LINEAR LINEAR LINEAR
LINEAR LINEAR LINEAR LINEAR LINEAR LINEAR LINEAR LINEAR LINEAR</Name_array>
        <technique_common>
          <accessor source="#mixamorig_Spine-Interpolations-array" count="80">
            <param type="name"/>
          </accessor>
        </technique_common>
      </source>
      <sampler id="mixamorig_Spine-Matrix-animation-transform">
        <input semantic="INPUT" source="#mixamorig_Spine-Matrix-animation-input"/>
        <input semantic="OUTPUT" source="#mixamorig_Spine-Matrix-animation-output-transform"/>
        <input semantic="INTERPOLATION" source="#mixamorig_Spine-Interpolations"/>
      </sampler>
      <channel source="#mixamorig_Spine-Matrix-animation-transform" target="mixamorig_Spine/matrix"/>
    </animation>
    <animation id="mixamorig_Spine1-anim" name="mixamorig_Spine1">
      <source id="mixamorig_Spine1-Matrix-animation-input">
        <float_array id="mixamorig_Spine1-Matrix-animation-input-array" count="80">

0.000000 0.033333 0.066667 0.100000 0.133333 0.166667 0.200000 0.233333 0.266667 0.300000 0.333333 0.366667 0.400000 0.433333 0.466667 0.500000
0.533333 0.566667 0.600000 0.633333 0.666667 0.700000 0.733333 0.766667 0.800000 0.833333 0.866667 0.900000 0.933333 0.966667 1.000000 1.033333
1.066667 1.100000 1.133333 1.166667 1.200000 1.233333 1.266667 1.300000 1.333333 1.366667 1.400000 1.433333 1.466667 1.500000 1.533333 1.566667
1.600000 1.633333 1.666667 1.700000 1.733333 1.766667 1.800000 1.833333 1.866667 1.900000 1.933333 1.966667 2.000000 2.033333 2.066667 2.100000
2.133333 2.166667 2.200000 2.233333 2.266667 2.300000 2.333333 2.366667 2.400000 2.433333 2.466667 2.500000 2.533333 2.566667 2.600000 2.633333</float_array>
        <technique_common>
          <accessor source="#mixamorig_Spine1-Matrix-animation-input-array" count="80">
            <param name="TIME" type="float"/>
          </accessor>
        </technique_common>
      </source>
      <source id="mixamorig_Spine1-Matrix-animation-output-transform">
        <float_array id="mixamorig_Spine1-Matrix-animation-output-transform-array" count="1280">

0.995240 0.097123 0.007983 0.000000 -0.095932 0.990841 -0.095030 11.597900 -0.017139 0.093812 0.995442 0.000000 0.000000 0.000000 0.000000 1.000000
0.995295 0.096493 0.008767 0.000000 -0.095217 0.990832 -0.095842 11.597900 -0.017935 0.094556 0.995358 0.000000 0.000000 0.000000 0.000000 1.000000
0.995064 0.098710 0.010213 -0.000000 -0.097263 0.990518 -0.097028 11.597900 -0.019693 0.095556 0.995229 0.000000 0.000000 0.000000 0.000000 1.000000
0.994754 0.101665 0.011363 0.000000 -0.100078 0.990161 -0.097801 11.597900 -0.021194 0.096150 0.995141 -0.000000 0.000000 0.000000 0.000000 1.000000
0.994352 0.105541 0.011146 0.000000 -0.103995 0.989928 -0.096055 11.597900 -0.021172 0.094354 0.995314 0.000000 0.000000 0.000000 0.000000 1.000000
0.993768 0.111235 0.007230 0.000000 -0.110105 0.989652 -0.092009 11.597900 -0.017390 0.090639 0.995732 0.000000 0.000000 0.000000 0.000000 1.000000
0.993378 0.114887 0.000815 0.000000 -0.114390 0.989697 -0.086114 11.597900 -0.010700 0.085451 0.996285 -0.000000 0.000000 0.000000 0.000000 1.000000
0.993301 0.115300 -0.007697 0.000000 -0.115546 0.990097 -0.079730 11.597900 -0.001572 0.080086 0.996787 -0.000000 0.000000 0.000000 0.000000 1.000000
0.993388 0.113176 -0.019291 -0.000000 -0.114325 0.990545 -0.075829 11.597900 0.010527 0.077533 0.996934 0.000000 0.000000 0.000000 0.000000 1.000000
0.993269 0.110428 -0.034962 -0.000000 -0.112813 0.990720 -0.075814 11.597900 0.026266 0.079248 0.996509 0.000000 0.000000 0.000000 0.000000 1.000000
0.992935 0.106374 -0.052579 0.000000 -0.110458 0.990486 -0.082078 11.597900 0.043348 0.087306 0.995238 0.000000 0.000000 0.000000 0.000000 1.000000
0.992567 0.100563 -0.068540 -0.000000 -0.106714 0.989937 -0.092931 11.597900 0.058505 0.099555 0.993311 -0.000000 0.000000 0.000000 0.000000 1.000000
0.992183 0.093354 -0.082814 0.000000 -0.101590 0.989629 -0.101553 11.597900 0.072474 0.109172 0.991377 0.000000 0.000000 0.000000 0.000000 1.000000
0.991932 0.083961 -0.094982 -0.000000 -0.094026 0.989804 -0.106991 11.597900 0.085031 0.115058 0.989713 -0.000000 0.000000 0.000000 0.000000 1.000000
0.992021 0.071333 -0.103951 0.000000 -0.082856 0.990348 -0.111112 11.597900 0.095021 0.118838 0.988356 0.000000 0.000000 0.000000 0.000000 1.000000
0.992208 0.055783 -0.111406 0.000000 -0.068506 0.991132 -0.113858 11.597900 0.104067 0.120603 0.987231 0.000000 0.000000 0.000000 0.000000 1.000000
0.992289 0.038890 -0.117685 -0.000000 -0.052402 0.992098 -0.113997 11.597900 0.112321 0.119285 0.986486 0.000000 0.000000 0.000000 0.000000 1.000000
0.992553 0.020748 -0.120037 0.000000 -0.034067 0.993348 -0.109994 11.597900 0.116956 0.113265 0.986657 -0.000000 0.000000 0.000000 0.000000 1.000000
0.992878 0.000400 -0.119134 0.000000 -0.012555 0.994778 -0.101292 11.597900 0.118472 0.102066 0.987698 -0.000000 0.000000 0.000000 0.000000 1.000000
0.992717 -0.021515 -0.118535 0.000000 0.010805 0.995859 -0.090271 11.597900 0.119987 0.088333 0.988838 0.000000 0.000000 0.000000 0.000000 1.000000
0.992015 -0.043459 -0.118399 -0.000000 0.034469 0.996439 -0.076946 11.597900 0.121321 0.072250 0.989980 0.000000 0.000000 0.000000 0.000000 1.000000
0.991007 -0.065270 -0.116813 -0.000000 0.058429 0.996422 -0.061064 11.597900 0.120381 0.053689 0.991275 0.000000 0.000000 0.000000 0.000000 1.000000
0.989620 -0.086786 -0.114540 0.000000 0.082161 0.995624 -0.044514 11.597900 0.117902 0.034641 0.992421 0.000000 0.000000 0.000000 0.000000 1.000000
0.987747 -0.107501 -0.113136 0.000000 0.104798 0.994053 -0.029586 11.597900 0.115644 0.017367 0.993139 -0.000000 0.000000 0.000000 0.000000 1.000000
0.985465 -0.127556 -0.112196 0.000000 0.126672 0.991831 -0.015001 11.597900 0.113193 0.000571 0.993573 -0.000000 0.000000 0.000000 0.000000 1.000000
0.982869 -0.146495 -0.111841 0.000000 0.147268 0.989096 -0.001366 11.597900 0.110821 -0.015128 0.993725 0.000000 0.000000 0.000000 0.000000 1.000000
0.980303 -0.162128 -0.112782 0.000000 0.164247 0.986372 0.009697 11.597900 0.109673 -0.028030 0.993572 0.000000 0.000000 0.000000 0.000000 1.000000
0.978325 -0.173665 -0.112785 0.000000 0.176833 0.984064 0.018642 11.597900 0.107750 -0.038182 0.993445 0.000000 0.000000 0.000000 0.000000 1.000000
0.976610 -0.183727 -0.111704 0.000000 0.187802 0.981835 0.027036 11.597900 0.104707 -0.047382 0.993374 0.000000 0.000000 0.000000 0.000000 1.000000
0.974639 -0.193768 -0.111947 0.000000 0.198298 0.979659 0.030759 11.597900 0.103710 -0.052178 0.993238 -0.000000 0.000000 0.000000 0.000000 1.000000
0.972812 -0.203331 -0.110878 0.000000 0.207564 0.977822 0.027955 11.597900 0.102735 -0.050209 0.993441 -0.000000 0.000000 0.000000 0.000000 1.000000
0.971668 -0.210354 -0.107762 -0.000000 0.213977 0.976566 0.023102 11.597900 0.100377 -0.045506 0.993908 0.000000 0.000000 0.000000 0.000000 1.000000
0.970631 -0.215400 -0.107137 0.000000 0.218446 0.975694 0.017413 11.597900 0.100782 -0.040305 0.994092 0.000000 0.000000 0.000000 0.000000 1.000000
0.968808 -0.221413 -0.111296 -0.000000 0.223891 0.974562 0.010121 11.597900 0.106224 -0.034723 0.993736 0.000000 0.000000 0.000000 0.000000 1.000000
0.968132 -0.222738 -0.114487 0.000000 0.224416 0.974492 0.001823 11.597900 0.111161 -0.027458 0.993423 -0.000000 0.000000 0.000000 0.000000 1.000000
0.973228 -0.206948 -0.099999 0.000000 0.207103 0.978278 -0.008944 11.597900 0.099678 -0.012006 0.994947 0.000000 0.000000 0.000000 0.000000 1.000000
0.982406 -0.175003 -0.065212 0.000000 0.173978 0.984523 -0.021126 11.597900 0.067899 0.009409 0.997648 -0.000000 0.000000 0.000000 0.000000 1.000000
0.990012 -0.136340 -0.035879 0.000000 0.135293 0.990347 -0.030145 11.597900 0.039643 0.024990 0.998901 0.000000 0.000000 0.000000 0.000000 1.000000
0.994642 -0.100128 -0.025729 0.000000 0.099209 0.994458 -0.034787 11.597900 0.029069 0.032048 0.999064 0.000000 0.000000 0.000000 0.000000 1.000000
0.996559 -0.075593 -0.034009 0.000000 0.074216 0.996437 -0.040073 11.597900 0.036917 0.037411 0.998618 0.000000 0.000000 0.000000 0.000000 1.000000
0.996392 -0.068496 -0.050105 0.000000 0.066106 0.996663 -0.047893 11.597900 0.053218 0.044408 0.997595 0.000000 0.000000 0.000000 0.000000 1.000000
0.996188 -0.065537 -0.057566 -0.000000 0.062700 0.996790 -0.049785 11.597900 0.060644 0.045986 0.997100 0.000000 0.000000 0.000000 0.000000 1.000000
0.996607 -0.056181 -0.060158 0.000000 0.053494 0.997536 -0.045386 11.597900 0.062560 0.042014 0.997156 0.000000 0.000000 0.000000 0.000000 1.000000
0.996380 -0.053451 -0.066110 0.000000 0.050557 0.997720 -0.044709 11.597900 0.068349 0.041205 0.996810 0.000000 0.000000 0.000000 0.000000 1.000000
0.995415 -0.060932 -0.073726 0.000000 0.057807 0.997366 -0.043800 11.597900 0.076201 0.039337 0.996316 -0.000000 0.000000 0.000000 0.000000 1.000000
0.994428 -0.068292 -0.080311 -0.000000 0.065223 0.997059 -0.040234 11.597900 0.082822 0.034772 0.995958 0.000000 0.000000 0.000000 0.000000 1.000000
0.993678 -0.072041 -0.086106 0.000000 0.068925 0.996873 -0.038636 11.597900 0.088620 0.032457 0.995537 0.000000 0.000000 0.000000 0.000000 1.000000
0.993216 -0.073907 -0.089779 0.000000 0.070590 0.996720 -0.039578 11.597900 0.092410 0.032972 0.995175 0.000000 0.000000 0.000000 0.000000 1.000000
0.993383 -0.072581 -0.089006 -0.000000 0.069277 0.996809 -0.039661 11.597900 0.091600 0.033233 0.995241 0.000000 0.000000 0.000000 0.000000 1.000000
0.994066 -0.068554 -0.084455 0.000000 0.065471 0.997102 -0.038750 11.597900 0.086867 0.032991 0.995674 -0.000000 0.000000 0.000000 0.000000 1.000000
0.994958 -0.062937 -0.078084 -0.000000 0.060176 0.997494 -0.037219 11.597900 0.080231 0.032332 0.996252 -0.000000 0.000000 0.000000 0.000000 1.000000
0.995825 -0.055668 -0.072343 0.000000 0.053201 0.997949 -0.035591 11.597900 0.074175 0.031594 0.996745 0.000000 0.000000 0.000000 0.000000 1.000000
0.996624 -0.047791 -0.066754 0.000000 0.045484 0.998328 -0.035661 11.597900 0.068347 0.032505 0.997132 -0.000000 0.000000 0.000000 0.000000 1.000000
0.997495 -0.039502 -0.058679 0.000000 0.037300 0.998575 -0.038154 11.597900 0.060103 0.035869 0.997548 0.000000 0.000000 0.000000 0.000000 1.000000
0.998403 -0.030131 -0.047780 0.000000 0.028132 0.998723 -0.041962 11.597900 0.048984 0.040551 0.997976 0.000000 0.000000 0.000000 0.000000 1.000000
