<?xml version="1.0" encoding="utf-8"?>
<COLLADA xmlns="http://www.collada.org/2005/11/COLLADASchema" version="1.4.1">
  <asset>
    <contributor>
      <author>Mixamo</author>
      <authoring_tool>COLLADA Mixamo exporter</authoring_tool>
      <comments/>
    </contributor>
    <created>2024-12-02T03:40:07Z</created>
    <modified>2024-12-02T03:40:07Z</modified>
    <revision/>
    <title/>
    <unit meter="0.010000"/>
    <up_axis>Y_UP</up_axis>
  </asset>
  <library_animations>
    <animation id="mixamorig_Hips-anim" name="mixamorig_Hips">
      <source id="mixamorig_Hips-Matrix-animation-input">
        <float_array id="mixamorig_Hips-Matrix-animation-input-array" count="48">

0.000000 0.033333 0.066667 0.100000 0.133333 0.166667 0.200000 0.233333 0.266667 0.300000 0.333333 0.366667 0.400000 0.433333 0.466667 0.500000
0.533333 0.566667 0.600000 0.633333 0.666667 0.700000 0.733333 0.766667 0.800000 0.833333 0.866667 0.900000 0.933333 0.966667 1.000000 1.033333
1.066667 1.100000 1.133333 1.166667 1.200000 1.233333 1.266667 1.300000 1.333333 1.366667 1.400000 1.433333 1.466667 1.500000 1.533333 1.566667</float_array>
        <technique_common>
          <accessor source="#mixamorig_Hips-Matrix-animation-input-array" count="48">
            <param name="TIME" type="float"/>
          </accessor>
        </technique_common>
      </source>
      <source id="mixamorig_Hips-Matrix-animation-output-transform">
        <float_array id="mixamorig_Hips-Matrix-animation-output-transform-array" count="768">

0.521746 -0.062064 -0.850840 0.184650 0.073347 0.996921 -0.027743 105.218681 0.849942 -0.047932 0.524692 0.169450 0.000000 0.000000 0.000000 1.000000
0.489510 -0.095321 -0.866772 -0.921613 0.093794 0.993996 -0.056341 105.628159 0.866939 -0.053718 0.495511 0.462497 0.000000 0.000000 0.000000 1.000000
0.473552 -0.108082 -0.874109 -3.890489 0.105755 0.992240 -0.065395 106.599159 0.874394 -0.061474 0.481307 0.985640 0.000000 0.000000 0.000000 1.000000
0.510578 -0.116022 -0.851968 -8.590012 0.111965 0.991389 -0.067909 107.468742 0.852510 -0.060718 0.519172 1.258159 0.000000 0.000000 0.000000 1.000000
0.580655 -0.117348 -0.805648 -14.505796 0.110070 0.991788 -0.065130 108.010643 0.806675 -0.050860 0.588803 1.345409 0.000000 0.000000 0.000000 1.000000
0.612354 -0.139565 -0.778167 -21.271654 0.122646 0.989148 -0.080892 107.469566 0.781012 -0.045905 0.622826 1.253351 0.000000 0.000000 0.000000 1.000000
0.614406 -0.171492 -0.770128 -28.494429 0.140974 0.984246 -0.106703 106.048958 0.776294 -0.043009 0.628902 1.039302 0.000000 0.000000 0.000000 1.000000
0.624155 -0.188472 -0.758227 -35.653603 0.148501 0.981395 -0.121702 104.663124 0.767058 -0.036637 0.640531 0.797234 0.000000 0.000000 0.000000 1.000000
0.635774 -0.192115 -0.747585 -42.156948 0.145953 0.980980 -0.127969 103.595253 0.757951 -0.027753 0.651721 0.673736 0.000000 0.000000 0.000000 1.000000
0.637093 -0.180005 -0.749473 -47.514896 0.133110 0.983434 -0.123045 102.673904 0.759206 -0.021371 0.650500 0.409896 0.000000 0.000000 0.000000 1.000000
0.626761 -0.173503 -0.759650 -53.623367 0.134415 0.984355 -0.113924 100.928970 0.767531 -0.030706 0.640276 -0.778631 0.000000 0.000000 0.000000 1.000000
0.612682 -0.179524 -0.769670 -60.301136 0.143072 0.982963 -0.115385 99.354630 0.777272 -0.039423 0.627929 -2.398098 0.000000 0.000000 0.000000 1.000000
0.597539 -0.191696 -0.778588 -67.469696 0.149877 0.980591 -0.126405 99.312370 0.787708 -0.041161 0.614672 -3.562335 0.000000 0.000000 0.000000 1.000000
0.580092 -0.206299 -0.787993 -74.728348 0.151888 0.977825 -0.144183 100.332222 0.800264 -0.036047 0.598563 -4.200809 0.000000 0.000000 0.000000 1.000000
0.557757 -0.225524 -0.798778 -82.197670 0.149876 0.973924 -0.170321 102.020866 0.816360 -0.024720 0.577014 -4.682712 0.000000 0.000000 0.000000 1.000000
0.532331 -0.255341 -0.807109 -89.612350 0.144555 0.966840 -0.210533 104.083023 0.834103 -0.004598 0.551590 -5.902375 0.000000 0.000000 0.000000 1.000000
0.528869 -0.297237 -0.794951 -96.667122 0.156743 0.954761 -0.252713 106.163582 0.834104 0.009049 0.551533 -7.621006 0.000000 0.000000 0.000000 1.000000
0.558677 -0.319548 -0.765356 -103.146957 0.174700 0.947434 -0.268045 107.712402 0.810777 0.016043 0.585135 -9.697082 0.000000 0.000000 0.000000 1.000000
0.606040 -0.303346 -0.735321 -108.974342 0.168521 0.952407 -0.254009 107.968735 0.777378 0.030023 0.628317 -10.920456 0.000000 0.000000 0.000000 1.000000
0.630849 -0.246312 -0.735771 -114.370010 0.127359 0.968285 -0.214953 106.574303 0.765382 0.041896 0.642212 -11.418634 0.000000 0.000000 0.000000 1.000000
0.617839 -0.180723 -0.765254 -119.666412 0.069735 0.981988 -0.175606 104.047958 0.783206 0.055131 0.619313 -11.254800 0.000000 0.000000 0.000000 1.000000
0.580640 -0.122197 -0.804938 -124.866821 0.022844 0.990728 -0.133923 101.429016 0.813840 0.059373 0.578048 -10.777514 0.000000 0.000000 0.000000 1.000000
0.552278 -0.089672 -0.828823 -129.787445 0.007768 0.994708 -0.102444 99.157341 0.833624 0.050139 0.550052 -10.324739 0.000000 0.000000 0.000000 1.000000
0.535434 -0.062905 -0.842231 -134.377899 0.003127 0.997363 -0.072504 97.890800 0.844571 0.036187 0.534219 -9.967199 0.000000 0.000000 0.000000 1.000000
0.525056 -0.037811 -0.850227 -138.597733 0.000560 0.999028 -0.044083 97.486656 0.851067 0.022670 0.524567 -9.514989 0.000000 0.000000 0.000000 1.000000
0.519403 -0.014890 -0.854400 -142.339844 -0.001238 0.999834 -0.018178 97.719177 0.854529 0.010500 0.519298 -8.962543 0.000000 0.000000 0.000000 1.000000
0.516323 0.006320 -0.856371 -145.529282 -0.005127 0.999978 0.004289 97.724243 0.856379 0.002176 0.516343 -8.207302 0.000000 0.000000 0.000000 1.000000
0.515312 0.021158 -0.856742 -148.224365 -0.003802 0.999742 0.022403 96.610237 0.856994 -0.008288 0.515259 -7.540995 0.000000 0.000000 0.000000 1.000000
0.518755 0.027365 -0.854485 -150.591263 0.004898 0.999376 0.034979 94.862396 0.854909 -0.022331 0.518297 -7.027561 0.000000 0.000000 0.000000 1.000000
0.529644 0.025784 -0.847828 -152.628708 0.017887 0.998976 0.041555 94.146851 0.848031 -0.037174 0.528641 -6.552042 0.000000 0.000000 0.000000 1.000000
0.543873 0.018416 -0.838965 -154.355820 0.033067 0.998512 0.043354 94.551979 0.838516 -0.051322 0.542455 -6.110095 0.000000 0.000000 0.000000 1.000000
0.556592 0.007904 -0.830748 -155.801025 0.047840 0.997991 0.041547 95.630524 0.829407 -0.062868 0.555096 -5.668751 0.000000 0.000000 0.000000 1.000000
0.563254 -0.007154 -0.826253 -157.123886 0.059534 0.997715 0.031946 97.363449 0.824136 -0.067184 0.562393 -5.204812 0.000000 0.000000 0.000000 1.000000
0.566444 -0.024038 -0.823750 -158.319305 0.066879 0.997618 0.016877 99.220871 0.821382 -0.064651 0.566703 -4.725123 0.000000 0.000000 0.000000 1.000000
0.566758 -0.037760 -0.823019 -159.133179 0.068869 0.997624 0.001654 100.991959 0.821001 -0.057618 0.568012 -4.228790 0.000000 0.000000 0.000000 1.000000
0.564318 -0.045749 -0.824289 -159.762283 0.070082 0.997514 -0.007384 102.629478 0.822578 -0.053601 0.566121 -3.738752 0.000000 0.000000 0.000000 1.000000
0.560877 -0.051063 -0.826323 -160.283768 0.070376 0.997424 -0.013868 103.843079 0.824903 -0.050375 0.563026 -3.229755 0.000000 0.000000 0.000000 1.000000
0.557358 -0.054832 -0.828460 -160.712952 0.070700 0.997327 -0.018444 104.636765 0.827257 -0.048292 0.559744 -2.730335 0.000000 0.000000 0.000000 1.000000
0.553990 -0.057528 -0.830534 -161.031326 0.070983 0.997241 -0.021727 105.084740 0.829492 -0.046917 0.556545 -2.250330 0.000000 0.000000 0.000000 1.000000
0.550546 -0.059330 -0.832694 -161.203094 0.071138 0.997177 -0.024016 105.297218 0.831768 -0.046014 0.553213 -1.795638 0.000000 0.000000 0.000000 1.000000
0.547040 -0.060425 -0.834923 -161.267197 0.071242 0.997133 -0.025487 105.347694 0.834069 -0.045539 0.549777 -1.373964 0.000000 0.000000 0.000000 1.000000
0.543484 -0.061069 -0.837195 -161.308044 0.071500 0.997093 -0.026317 105.334969 0.836369 -0.045556 0.546271 -0.996839 0.000000 0.000000 0.000000 1.000000
0.539890 -0.061257 -0.839503 -161.328964 0.071638 0.997074 -0.026684 105.311180 0.838681 -0.045734 0.542699 -0.659931 0.000000 0.000000 0.000000 1.000000
0.536271 -0.061228 -0.841822 -161.326141 0.071827 0.997058 -0.026763 105.286224 0.840984 -0.046113 0.539091 -0.373400 0.000000 0.000000 0.000000 1.000000
0.532634 -0.061152 -0.844134 -161.373856 0.072105 0.997039 -0.026732 105.261932 0.843269 -0.046628 0.535466 -0.142903 0.000000 0.000000 0.000000 1.000000
0.528994 -0.061160 -0.846419 -161.398438 0.072443 0.997013 -0.026767 105.241272 0.845528 -0.047157 0.531844 0.027808 0.000000 0.000000 0.000000 1.000000
0.525361 -0.061411 -0.848661 -161.415543 0.072852 0.996976 -0.027045 105.226181 0.847755 -0.047619 0.528246 0.133575 0.000000 0.000000 0.000000 1.000000
0.521746 -0.062064 -0.850840 -161.444992 0.073346 0.996921 -0.027743 105.219017 0.849942 -0.047931 0.524692 0.169484 0.000000 0.000000 0.000000 1.000000</float_array>
        <technique_common>
          <accessor source="#mixamorig_Hips-Matrix-animation-output-transform-array" count="48" stride="16">
            <param type="float4x4"/>
          </accessor>
        </technique_common>
      </source>
      <source id="mixamorig_Hips-Interpolations">
        <Name_array id="mixamorig_Hips-Interpolations-array" count="48">
 LINEAR LINEAR LINEAR LINEAR LINEAR LINEAR LINEAR LINEAR LINEAR LINEAR LINEAR
LINEAR LINEAR LINEAR LINEAR LINEAR LINEAR LINEAR LINEAR LINEAR LINEAR LINEAR LINEAR
LINEAR LINEAR LINEAR LINEAR LINEAR LINEAR LINEAR LINEAR LINEAR LINEAR LINEAR LINEAR
LINEAR LINEAR LINEAR LINEAR LINEAR LINEAR LINEAR LINEAR LINEAR LINEAR LINEAR LINEAR
LINEAR</Name_array>
        <technique_common>
          <accessor source="#mixamorig_Hips-Interpolations-array" count="48">
            <param type="name"/>
          </accessor>
        </technique_common>
      </source>
      <sampler id="mixamorig_Hips-Matrix-animation-transform">
        <input semantic="INPUT" source="#mixamorig_Hips-Matrix-animation-input"/>
        <input semantic="OUTPUT" source="#mixamorig_Hips-Matrix-animation-output-transform"/>
        <input semantic="INTERPOLATION" source="#mixamorig_Hips-Interpolations"/>
      </sampler>
      <channel source="#mixamorig_Hips-Matrix-animation-transform" target="mixamorig_Hips/matrix"/>
    </animation>
    <animation id="mixamorig_Spine-anim" name="mixamorig_Spine">
      <source id="mixamorig_Spine-Matrix-animation-input">
        <float_array id="mixamorig_Spine-Matrix-animation-input-array" count="48">

0.000000 0.033333 0.066667 0.100000 0.133333 0.166667 0.200000 0.233333 0.266667 0.300000 0.333333 0.366667 0.400000 0.433333 0.466667 0.500000
0.533333 0.566667 0.600000 0.633333 0.666667 0.700000 0.733333 0.766667 0.800000 0.833333 0.866667 0.900000 0.933333 0.966667 1.000000 1.033333
1.066667 1.100000 1.133333 1.166667 1.200000 1.233333 1.266667 1.300000 1.333333 1.366667 1.400000 1.433333 1.466667 1.500000 1.533333 1.566667</float_array>
        <technique_common>
          <accessor source="#mixamorig_Spine-Matrix-animation-input-array" count="48">
            <param name="TIME" type="float"/>
          </accessor>
        </technique_common>
      </source>
      <source id="mixamorig_Spine-Matrix-animation-output-transform">
        <float_array id="mixamorig_Spine-Matrix-animation-output-transform-array" count="768">

0.998630 0.052229 0.003331 -0.000900 -0.050905 0.984147 -0.169895 9.938600 -0.012152 0.169492 0.985457 0.799700 0.000000 0.000000 0.000000 1.000000
0.997991 0.063329 0.001935 -0.000900 -0.062333 0.986856 -0.149095 9.938600 -0.011352 0.148675 0.988821 0.799700 0.000000 0.000000 0.000000 1.000000
0.997145 0.075509 -0.000258 -0.000900 -0.074883 0.988430 -0.131907 9.938600 -0.009705 0.131550 0.991262 0.799700 0.000000 0.000000 0.000000 1.000000
0.996473 0.083866 -0.002812 -0.000900 -0.083586 0.989060 -0.121548 9.938600 -0.007412 0.121355 0.992582 0.799700 0.000000 0.000000 0.000000 1.000000
0.996335 0.085339 -0.005856 -0.000900 -0.085446 0.989707 -0.114796 9.938600 -0.004001 0.114876 0.993372 0.799700 0.000000 0.000000 0.000000 1.000000
0.996615 0.081744 -0.008802 -0.000900 -0.082213 0.989905 -0.115454 9.938600 -0.000725 0.115787 0.993274 0.799700 0.000000 0.000000 0.000000 1.000000
0.997250 0.073593 -0.008757 -0.000900 -0.074111 0.989877 -0.121045 9.938600 -0.000240 0.121361 0.992608 0.799700 0.000000 0.000000 0.000000 1.000000
0.998313 0.057851 -0.004977 -0.000900 -0.058016 0.990287 -0.126357 9.938600 -0.002381 0.126433 0.991972 0.799700 0.000000 0.000000 0.000000 1.000000
0.999350 0.035991 0.001946 -0.000900 -0.035442 0.991075 -0.128511 9.938600 -0.006554 0.128358 0.991706 0.799700 0.000000 0.000000 0.000000 1.000000
0.999915 0.006267 0.011454 -0.000900 -0.004632 0.990480 -0.137579 9.938600 -0.012207 0.137514 0.990425 0.799700 0.000000 0.000000 0.000000 1.000000
0.999713 -0.014966 0.018706 -0.000900 0.017730 0.987339 -0.157630 9.938600 -0.016110 0.157917 0.987321 0.799700 0.000000 0.000000 0.000000 1.000000
0.999134 -0.032794 0.025595 -0.000900 0.036995 0.981825 -0.186148 9.938600 -0.019026 0.186934 0.982188 0.799700 0.000000 0.000000 0.000000 1.000000
0.998467 -0.044269 0.033236 -0.000900 0.050342 0.975846 -0.212582 9.938600 -0.023023 0.213929 0.976578 0.799700 0.000000 0.000000 0.000000 1.000000
0.997868 -0.049863 0.042111 -0.000900 0.058228 0.971611 -0.229307 9.938600 -0.029482 0.231270 0.972443 0.799700 0.000000 0.000000 0.000000 1.000000
0.997546 -0.046775 0.052095 -0.000900 0.057857 0.969743 -0.237175 9.938600 -0.039425 0.239607 0.970069 0.799700 0.000000 0.000000 0.000000 1.000000
0.997680 -0.031226 0.060492 -0.000900 0.045007 0.969242 -0.241961 9.938600 -0.051076 0.244122 0.968398 0.799700 0.000000 0.000000 0.000000 1.000000
0.998042 -0.003981 0.062419 -0.000900 0.019348 0.968671 -0.247591 9.938600 -0.059478 0.248314 0.966852 0.799700 0.000000 0.000000 0.000000 1.000000
0.998118 0.025760 0.055658 -0.000900 -0.010953 0.967795 -0.251503 9.938600 -0.060344 0.250420 0.966255 0.799700 0.000000 0.000000 0.000000 1.000000
0.997717 0.046511 0.048974 -0.000900 -0.032568 0.966540 -0.254440 9.938600 -0.059170 0.252264 0.965848 0.799700 0.000000 0.000000 0.000000 1.000000
0.997283 0.058349 0.044965 -0.000900 -0.044916 0.965463 -0.256639 9.938600 -0.058387 0.253922 0.965461 0.799700 0.000000 0.000000 0.000000 1.000000
0.996705 0.069661 0.041558 -0.000900 -0.056682 0.964614 -0.257500 9.938600 -0.058025 0.254296 0.965384 0.799700 0.000000 0.000000 0.000000 1.000000
0.995452 0.088464 0.035348 -0.000900 -0.076491 0.963397 -0.256933 9.938600 -0.056783 0.253060 0.965783 0.799700 0.000000 0.000000 0.000000 1.000000
0.994617 0.099805 0.027859 -0.000900 -0.089438 0.962645 -0.255569 9.938600 -0.052325 0.251701 0.966389 0.799700 0.000000 0.000000 0.000000 1.000000
0.994135 0.106292 0.019931 -0.000900 -0.097805 0.962327 -0.253693 9.938600 -0.046146 0.250256 0.967079 0.799700 0.000000 0.000000 0.000000 1.000000
0.994182 0.106879 0.013385 -0.000900 -0.100111 0.962703 -0.251359 9.938600 -0.039751 0.248557 0.967801 0.799700 0.000000 0.000000 0.000000 1.000000
0.994715 0.102302 0.008708 -0.000900 -0.096938 0.963730 -0.248650 9.938600 -0.033829 0.246492 0.968554 0.799700 0.000000 0.000000 0.000000 1.000000
0.995764 0.091680 0.007059 -0.000900 -0.087148 0.965449 -0.245590 9.938600 -0.029330 0.243934 0.969348 0.799700 0.000000 0.000000 0.000000 1.000000
0.996505 0.083359 0.005346 -0.000900 -0.079587 0.966954 -0.242210 9.938600 -0.025359 0.240938 0.970209 0.799700 0.000000 0.000000 0.000000 1.000000
0.996832 0.079460 0.003355 -0.000900 -0.076369 0.968130 -0.238519 9.938600 -0.022201 0.237507 0.971132 0.799700 0.000000 0.000000 0.000000 1.000000
0.997143 0.075524 0.001211 -0.000900 -0.073139 0.969409 -0.234301 9.938600 -0.018869 0.233543 0.972163 0.799700 0.000000 0.000000 0.000000 1.000000
0.997478 0.070973 -0.000832 -0.000900 -0.069268 0.970832 -0.229539 9.938600 -0.015484 0.229018 0.973299 0.799700 0.000000 0.000000 0.000000 1.000000
0.997797 0.066335 -0.001322 -0.000900 -0.064959 0.972657 -0.222978 9.938600 -0.013506 0.222573 0.974823 0.799700 0.000000 0.000000 0.000000 1.000000
0.998077 0.061945 -0.002138 -0.000900 -0.060938 0.974365 -0.216563 9.938600 -0.011332 0.216277 0.976266 0.799700 0.000000 0.000000 0.000000 1.000000
0.998298 0.058236 -0.003063 -0.000900 -0.057587 0.976181 -0.209177 9.938600 -0.009191 0.208997 0.977873 0.799700 0.000000 0.000000 0.000000 1.000000
0.998452 0.055501 -0.003750 -0.000900 -0.055115 0.977870 -0.201822 9.938600 -0.007534 0.201716 0.979415 0.799700 0.000000 0.000000 0.000000 1.000000
0.998588 0.052966 -0.003961 -0.000900 -0.052722 0.979410 -0.194876 9.938600 -0.006443 0.194810 0.980820 0.799700 0.000000 0.000000 0.000000 1.000000
0.998718 0.050469 -0.003896 -0.000900 -0.050301 0.980870 -0.188053 9.938600 -0.005669 0.188008 0.982151 0.799700 0.000000 0.000000 0.000000 1.000000
0.998855 0.047727 -0.003281 -0.000900 -0.047533 0.982346 -0.180936 9.938600 -0.005413 0.180885 0.983489 0.799700 0.000000 0.000000 0.000000 1.000000
0.998958 0.045603 -0.001965 -0.000900 -0.045240 0.983451 -0.175435 9.938600 -0.006068 0.175341 0.984489 0.799700 0.000000 0.000000 0.000000 1.000000
0.998958 0.045641 -0.000183 -0.000900 -0.044992 0.984071 -0.171991 9.938600 -0.007670 0.171820 0.985099 0.799700 0.000000 0.000000 0.000000 1.000000
0.998856 0.047808 0.001322 -0.000900 -0.046880 0.984193 -0.170782 9.938600 -0.009466 0.170525 0.985308 0.799700 0.000000 0.000000 0.000000 1.000000
0.998685 0.051210 0.002415 -0.000900 -0.050052 0.984122 -0.170288 9.938600 -0.011098 0.169943 0.985391 0.799700 0.000000 0.000000 0.000000 1.000000
0.998630 0.052236 0.002991 -0.000900 -0.050971 0.984165 -0.169767 9.938600 -0.011811 0.169382 0.985480 0.799700 0.000000 0.000000 0.000000 1.000000
0.998616 0.052507 0.002957 -0.000900 -0.051245 0.984159 -0.169721 9.938600 -0.011822 0.169334 0.985488 0.799700 0.000000 0.000000 0.000000 1.000000
0.998614 0.052543 0.002947 -0.000900 -0.051282 0.984157 -0.169720 9.938600 -0.011818 0.169334 0.985488 0.799700 0.000000 0.000000 0.000000 1.000000
0.998622 0.052399 0.002959 -0.000900 -0.051137 0.984165 -0.169720 9.938600 -0.011806 0.169335 0.985488 0.799700 0.000000 0.000000 0.000000 1.000000
0.998629 0.052262 0.002969 -0.000900 -0.051001 0.984172 -0.169719 9.938600 -0.011792 0.169335 0.985488 0.799700 0.000000 0.000000 0.000000 1.000000
0.998632 0.052211 0.002954 -0.000900 -0.050953 0.984174 -0.169719 9.938600 -0.011769 0.169336 0.985488 0.799700 0.000000 0.000000 0.000000 1.000000</float_array>
        <technique_common>
          <accessor source="#mixamorig_Spine-Matrix-animation-output-transform-array" count="48" stride="16">
            <param type="float4x4"/>
          </accessor>
        </technique_common>
      </source>
      <source id="mixamorig_Spine-Interpolations">
        <Name_array id="mixamorig_Spine-Interpolations-array" count="48">
 LINEAR LINEAR LINEAR LINEAR LINEAR LINEAR LINEAR LINEAR LINEAR LINEAR LINEAR
LINEAR LINEAR LINEAR LINEAR LINEAR LINEAR LINEAR LINEAR LINEAR LINEAR LINEAR LINEAR
LINEAR LINEAR LINEAR LINEAR LINEAR LINEAR LINEAR LINEAR LINEAR LINEAR LINEAR LINEAR
LINEAR LINEAR LINEAR LINEAR LINEAR LINEAR LINEAR LINEAR LINEAR LINEAR LINEAR LINEAR
LINEAR</Name_array>
        <technique_common>
          <accessor source="#mixamorig_Spine-Interpolations-array" count="48">
            <param type="name"/>
          </accessor>
        </technique_common>
      </source>
      <sampler id="mixamorig_Spine-Matrix-animation-transform">
        <input semantic="INPUT" source="#mixamorig_Spine-Matrix-animation-input"/>
        <input semantic="OUTPUT" source="#mixamorig_Spine-Matrix-animation-output-transform"/>
        <input semantic="INTERPOLATION" source="#mixamorig_Spine-Interpolations"/>
      </sampler>
      <channel source="#mixamorig_Spine-Matrix-animation-transform" target="mixamorig_Spine/matrix"/>
    </animation>
    <animation id="mixamorig_Spine1-anim" name="mixamorig_Spine1">
      <source id="mixamorig_Spine1-Matrix-animation-input">
        <float_array id="mixamorig_Spine1-Matrix-animation-input-array" count="48">

0.000000 0.033333 0.066667 0.100000 0.133333 0.166667 0.200000 0.233333 0.266667 0.300000 0.333333 0.366667 0.400000 0.433333 0.466667 0.500000
0.533333 0.566667 0.600000 0.633333 0.666667 0.700000 0.733333 0.766667 0.800000 0.833333 0.866667 0.900000 0.933333 0.966667 1.000000 1.033333
1.066667 1.100000 1.133333 1.166667 1.200000 1.233333 1.266667 1.300000 1.333333 1.366667 1.400000 1.433333 1.466667 1.500000 1.533333 1.566667</float_array>
        <technique_common>
          <accessor source="#mixamorig_Spine1-Matrix-animation-input-array" count="48">
            <param name="TIME" type="float"/>
          </accessor>
        </technique_common>
      </source>
      <source id="mixamorig_Spine1-Matrix-animation-output-transform">
        <float_array id="mixamorig_Spine1-Matrix-animation-output-transform-array" count="768">

0.995240 0.097123 0.007983 -0.000000 -0.095932 0.990841 -0.095030 11.597900 -0.017139 0.093811 0.995442 0.000000 0.000000 0.000000 0.000000 1.000000
0.992241 0.117744 0.039920 0.000000 -0.116013 0.992307 -0.043217 11.597900 -0.044702 0.038250 0.998268 -0.000000 0.000000 0.000000 0.000000 1.000000
0.986294 0.160256 0.039259 0.000000 -0.161612 0.986262 0.034196 11.597900 -0.033240 -0.040072 0.998644 0.000000 0.000000 0.000000 0.000000 1.000000
0.978991 0.200622 0.036426 0.000000 -0.202999 0.975772 0.081615 11.597900 -0.019170 -0.087295 0.995998 0.000000 0.000000 0.000000 0.000000 1.000000
0.974009 0.225880 0.016862 0.000000 -0.226436 0.969120 0.097634 11.597900 0.005712 -0.098914 0.995080 0.000000 0.000000 0.000000 0.000000 1.000000
0.971869 0.235517 -0.001212 -0.000000 -0.234302 0.967355 0.096573 11.597900 0.023917 -0.093572 0.995325 0.000000 0.000000 0.000000 0.000000 1.000000
0.973230 0.229834 -0.000552 -0.000000 -0.229097 0.970296 0.077718 11.597900 0.018398 -0.075510 0.996975 0.000000 0.000000 0.000000 0.000000 1.000000
0.977174 0.212359 0.005973 0.000000 -0.212349 0.975521 0.057152 11.597900 0.006310 -0.057116 0.998348 0.000000 0.000000 0.000000 0.000000 1.000000
0.982418 0.186008 0.015991 0.000000 -0.186495 0.981718 0.038069 11.597900 -0.008617 -0.040382 0.999147 0.000000 0.000000 0.000000 0.000000 1.000000
0.987477 0.155155 0.028557 -0.000000 -0.155651 0.987682 0.016057 11.597900 -0.025714 -0.020301 0.999463 -0.000000 0.000000 0.000000 0.000000 1.000000
0.990553 0.130255 0.042878 0.000000 -0.129850 0.991460 -0.012116 11.597900 -0.044090 0.006433 0.999007 -0.000000 0.000000 0.000000 0.000000 1.000000
0.993090 0.102428 0.057278 -0.000000 -0.099464 0.993660 -0.052408 11.597900 -0.062283 0.046349 0.996982 -0.000000 0.000000 0.000000 0.000000 1.000000
0.994829 0.071475 0.072159 0.000000 -0.063614 0.992340 -0.105901 11.597900 -0.079175 0.100763 0.991755 -0.000000 0.000000 0.000000 0.000000 1.000000
0.995416 0.043303 0.085271 0.000000 -0.030293 0.988471 -0.148349 11.597900 -0.090712 0.145086 0.985252 -0.000000 0.000000 0.000000 0.000000 1.000000
0.994221 0.030797 0.102837 0.000000 -0.011679 0.983309 -0.181567 11.597900 -0.106712 0.179317 0.977987 -0.000000 0.000000 0.000000 0.000000 1.000000
0.992418 0.033020 0.118393 0.000000 -0.008178 0.978843 -0.204449 11.597900 -0.122639 0.201930 0.971691 -0.000000 0.000000 0.000000 0.000000 1.000000
0.991057 0.042484 0.126495 0.000000 -0.013815 0.975536 -0.219407 11.597900 -0.132722 0.215697 0.967398 0.000000 0.000000 0.000000 0.000000 1.000000
0.990903 0.048852 0.125395 -0.000000 -0.019151 0.973490 -0.227926 11.597900 -0.133206 0.223451 0.965570 0.000000 0.000000 0.000000 0.000000 1.000000
0.991694 0.047008 0.119724 0.000000 -0.018106 0.972572 -0.231896 11.597900 -0.127341 0.227802 0.965345 0.000000 0.000000 0.000000 0.000000 1.000000
0.992858 0.040374 0.112260 0.000000 -0.013124 0.972246 -0.233592 11.597900 -0.118575 0.230450 0.965833 -0.000000 0.000000 0.000000 0.000000 1.000000
0.993918 0.040900 0.102250 0.000000 -0.015987 0.972229 -0.233485 11.597900 -0.108959 0.230430 0.966969 -0.000000 0.000000 0.000000 0.000000 1.000000
0.994689 0.060701 0.083125 0.000000 -0.039956 0.971977 -0.231654 11.597900 -0.094857 0.227102 0.969240 -0.000000 0.000000 0.000000 0.000000 1.000000
0.994761 0.077499 0.066661 0.000000 -0.060414 0.971741 -0.228186 11.597900 -0.082462 0.222963 0.971333 -0.000000 0.000000 0.000000 0.000000 1.000000
0.994504 0.089677 0.054030 0.000000 -0.075491 0.971794 -0.223422 11.597900 -0.072542 0.218115 0.973223 0.000000 0.000000 0.000000 0.000000 1.000000
0.994109 0.099253 0.043547 0.000000 -0.087515 0.972076 -0.217736 11.597900 -0.063942 0.212642 0.975036 0.000000 0.000000 0.000000 0.000000 1.000000
0.993714 0.106418 0.034739 0.000000 -0.096770 0.972615 -0.211320 11.597900 -0.056276 0.206630 0.976799 0.000000 0.000000 0.000000 0.000000 1.000000
0.993410 0.111361 0.027136 0.000000 -0.103538 0.973415 -0.204313 11.597900 -0.049167 0.200157 0.978529 0.000000 0.000000 0.000000 0.000000 1.000000
0.993243 0.114271 0.020267 0.000000 -0.108094 0.974463 -0.196818 11.597900 -0.042240 0.193298 0.980231 0.000000 0.000000 0.000000 0.000000 1.000000
0.993192 0.115426 0.015725 0.000000 -0.110401 0.975724 -0.189143 11.597900 -0.037175 0.186119 0.981824 0.000000 0.000000 0.000000 0.000000 1.000000
0.993289 0.115169 0.010658 -0.000000 -0.111354 0.977142 -0.181092 11.597900 -0.031270 0.178690 0.983408 0.000000 0.000000 0.000000 0.000000 1.000000
0.993429 0.114309 0.005638 0.000000 -0.111622 0.978606 -0.172833 11.597900 -0.025274 0.171068 0.984935 0.000000 0.000000 0.000000 0.000000 1.000000
0.993573 0.113141 0.003390 -0.000000 -0.111065 0.980243 -0.163673 11.597900 -0.021841 0.162244 0.986509 -0.000000 0.000000 0.000000 0.000000 1.000000
0.993748 0.111638 0.000950 0.000000 -0.110156 0.981870 -0.154262 11.597900 -0.018154 0.153193 0.988030 -0.000000 0.000000 0.000000 0.000000 1.000000
0.993951 0.109820 -0.001295 -0.000000 -0.108847 0.983433 -0.144956 11.597900 -0.014646 0.144220 0.989437 0.000000 0.000000 0.000000 0.000000 1.000000
0.994317 0.106421 -0.002880 -0.000000 -0.105823 0.985054 -0.135907 11.597900 -0.011627 0.135439 0.990717 0.000000 0.000000 0.000000 0.000000 1.000000
0.994691 0.102843 -0.003665 0.000000 -0.102478 0.986649 -0.126578 11.597900 -0.009401 0.126281 0.991950 0.000000 0.000000 0.000000 0.000000 1.000000
0.995061 0.099179 -0.004244 0.000000 -0.098988 0.988107 -0.117666 11.597900 -0.007476 0.117505 0.993044 -0.000000 0.000000 0.000000 0.000000 1.000000
0.995420 0.095525 -0.003695 -0.000000 -0.095358 0.989469 -0.108894 11.597900 -0.006746 0.108748 0.994046 0.000000 0.000000 0.000000 0.000000 1.000000
0.995718 0.092425 -0.001711 -0.000000 -0.092116 0.990496 -0.102138 11.597900 -0.007745 0.101858 0.994769 -0.000000 0.000000 0.000000 0.000000 1.000000
0.995808 0.091451 0.001494 0.000000 -0.090867 0.991044 -0.097851 11.597900 -0.010429 0.097305 0.995200 0.000000 0.000000 0.000000 0.000000 1.000000
0.995652 0.093048 0.004470 0.000000 -0.092190 0.991090 -0.096132 11.597900 -0.013375 0.095302 0.995359 -0.000000 0.000000 0.000000 0.000000 1.000000
0.995427 0.095286 0.006785 -0.000000 -0.094215 0.991009 -0.095003 11.597900 -0.015776 0.093929 0.995454 0.000000 0.000000 0.000000 0.000000 1.000000
0.995301 0.096535 0.007480 0.000000 -0.095402 0.990938 -0.094555 11.597900 -0.016540 0.093397 0.995492 0.000000 0.000000 0.000000 0.000000 1.000000
0.995262 0.096915 0.007811 0.000000 -0.095753 0.990925 -0.094337 11.597900 -0.016882 0.093142 0.995510 0.000000 0.000000 0.000000 0.000000 1.000000
0.995251 0.097025 0.007902 0.000000 -0.095850 0.990896 -0.094539 11.597900 -0.017003 0.093333 0.995490 0.000000 0.000000 0.000000 0.000000 1.000000
0.995251 0.097027 0.007886 0.000000 -0.095850 0.990880 -0.094705 11.597900 -0.017003 0.093499 0.995474 0.000000 0.000000 0.000000 0.000000 1.000000
0.995251 0.097028 0.007871 0.000000 -0.095850 0.990866 -0.094859 11.597900 -0.017003 0.093654 0.995460 -0.000000 0.000000 0.000000 0.000000 1.000000
0.995251 0.097029 0.007856 0.000000 -0.095850 0.990851 -0.095016 11.597900 -0.017003 0.093812 0.995445 0.000000 0.000000 0.000000 0.000000 1.000000</float_array>
        <technique_common>
          <accessor source="#mixamorig_Spine1-Matrix-animation-output-transform-array" count="48" stride="16">
            <param type="float4x4"/>
          </accessor>
        </technique_common>
      </source>
      <source id="mixamorig_Spine1-Interpolations">
        <Name_array id="mixamorig_Spine1-Interpolations-array" count="48">
 LINEAR LINEAR LINEAR LINEAR LINEAR LINEAR LINEAR LINEAR LINEAR LINEAR LINEAR
LINEAR LINEAR LINEAR LINEAR LINEAR LINEAR LINEAR LINEAR LINEAR LINEAR LINEAR LINEAR
LINEAR LINEAR LINEAR LINEAR LINEAR LINEAR LINEAR LINEAR LINEAR LINEAR LINEAR LINEAR
LINEAR LINEAR LINEAR LINEAR LINEAR LINEAR LINEAR LINEAR LINEAR LINEAR LINEAR LINEAR
LINEAR</Name_array>
        <technique_common>
          <accessor source="#mixamorig_Spine1-Interpolations-array" count="48">
            <param type="name"/>
          </accessor>
        </technique_common>
      </source>
      <sampler id="mixamorig_Spine1-Matrix-animation-transform">
        <input semantic="INPUT" source="#mixamorig_Spine1-Matrix-animation-input"/>
        <input semantic="OUTPUT" source="#mixamorig_Spine1-Matrix-animation-output-transform"/>
        <input semantic="INTERPOLATION" source="#mixamorig_Spine1-Interpolations"/>
      </sampler>
      <channel source="#mixamorig_Spine1-Matrix-animation-transform" target="mixamorig_Spine1/matrix"/>
    </animation>
    <animation id="mixamorig_Spine2-anim" name="mixamorig_Spine2">
      <source id="mixamorig_Spine2-Matrix-animation-input">
        <float_array id="mixamorig_Spine2-Matrix-animation-input-array" count="48">

0.000000 0.033333 0.066667 0.100000 0.133333 0.166667 0.200000 0.233333 0.266667 0.300000 0.333333 0.366667 0.400000 0.433333 0.466667 0.500000
0.533333 0.566667 0.600000 0.633333 0.666667 0.700000 0.733333 0.766667 0.800000 0.833333 0.866667 0.900000 0.933333 0.966667 1.000000 1.033333
1.066667 1.100000 1.133333 1.166667 1.200000 1.233333 1.266667 1.300000 1.333333 1.366667 1.400000 1.433333 1.466667 1.500000 1.533333 1.566667</float_array>
        <technique_common>
          <accessor source="#mixamorig_Spine2-Matrix-animation-input-array" count="48">
            <param name="TIME" type="float"/>
          </accessor>
        </technique_common>
      </source>
      <source id="mixamorig_Spine2-Matrix-animation-output-transform">
        <float_array id="mixamorig_Spine2-Matrix-animation-output-transform-array" count="768">

0.995241 0.097442 0.000487 0.000000 -0.094885 0.970244 -0.222764 13.290100 -0.022179 0.221658 0.974872 -0.000000 0.000000 0.000000 0.000000 1.000000
0.993025 0.116687 0.016910 0.000000 -0.111568 0.976319 -0.185348 13.290100 -0.038137 0.182168 0.982527 0.000000 0.000000 0.000000 0.000000 1.000000
0.987053 0.159769 0.014179 0.000000 -0.157345 0.981643 -0.107798 13.290100 -0.031141 0.104171 0.994072 -0.000000 0.000000 0.000000 0.000000 1.000000
0.979789 0.200025 0.001961 0.000000 -0.199658 0.978499 -0.051730 13.290100 -0.012266 0.050293 0.998659 0.000000 0.000000 0.000000 0.000000 1.000000
0.974409 0.223745 -0.021558 0.000000 -0.224317 0.974075 -0.029306 13.290100 0.014442 0.033392 0.999338 -0.000000 0.000000 0.000000 0.000000 1.000000
0.971996 0.231756 -0.038900 -0.000000 -0.232961 0.972025 -0.029932 13.290100 0.030875 0.038156 0.998795 -0.000000 0.000000 0.000000 0.000000 1.000000
0.973365 0.226204 -0.037320 0.000000 -0.227875 0.972451 -0.049110 13.290100 0.025183 0.056306 0.998096 0.000000 0.000000 0.000000 0.000000 1.000000
0.977395 0.209531 -0.028219 0.000000 -0.211038 0.974932 -0.070501 13.290100 0.012739 0.074863 0.997112 0.000000 0.000000 0.000000 0.000000 1.000000
0.982747 0.184405 -0.014265 0.000000 -0.184935 0.978550 -0.090768 13.290100 -0.002779 0.091840 0.995770 -0.000000 0.000000 0.000000 0.000000 1.000000
0.987901 0.155053 0.003029 0.000000 -0.153703 0.981523 -0.113963 13.290100 -0.020643 0.112119 0.993480 0.000000 0.000000 0.000000 0.000000 1.000000
0.991038 0.131786 0.021809 0.000000 -0.127383 0.981535 -0.142696 13.290100 -0.040212 0.138639 0.989526 -0.000000 0.000000 0.000000 0.000000 1.000000
0.993582 0.105554 0.040666 0.000000 -0.096439 0.978342 -0.183159 13.290100 -0.059119 0.178061 0.982242 -0.000000 0.000000 0.000000 0.000000 1.000000
0.995301 0.076136 0.059821 0.000000 -0.059995 0.969858 -0.236172 13.290100 -0.075999 0.231473 0.969868 -0.000000 0.000000 0.000000 0.000000 1.000000
0.995834 0.049036 0.076882 -0.000000 -0.025853 0.960337 -0.277640 13.290100 -0.087447 0.274496 0.957604 0.000000 0.000000 0.000000 0.000000 1.000000
0.994590 0.037605 0.096838 0.000000 -0.005814 0.950872 -0.309531 13.290100 -0.103720 0.307293 0.945946 -0.000000 0.000000 0.000000 0.000000 1.000000
0.992729 0.040604 0.113317 -0.000000 -0.000970 0.944057 -0.329780 13.290100 -0.120368 0.327273 0.937232 -0.000000 0.000000 0.000000 0.000000 1.000000
0.991287 0.050526 0.121645 0.000000 -0.005534 0.938665 -0.344786 13.290100 -0.131605 0.341109 0.930766 -0.000000 0.000000 0.000000 0.000000 1.000000
0.990997 0.057053 0.121121 0.000000 -0.010856 0.935923 -0.352039 13.290100 -0.133445 0.347554 0.928116 0.000000 0.000000 0.000000 0.000000 1.000000
0.991659 0.055217 0.116460 -0.000000 -0.010207 0.934388 -0.356110 13.290100 -0.128482 0.351951 0.927158 0.000000 0.000000 0.000000 0.000000 1.000000
0.992763 0.048370 0.109919 0.000000 -0.006073 0.934348 -0.356310 13.290100 -0.119937 0.353064 0.927880 0.000000 0.000000 0.000000 0.000000 1.000000
0.993802 0.048347 0.100104 -0.000000 -0.009307 0.933499 -0.358460 13.290100 -0.110778 0.355307 0.928162 0.000000 0.000000 0.000000 0.000000 1.000000
0.994543 0.066752 0.080177 0.000000 -0.033791 0.933194 -0.357781 13.290100 -0.098703 0.353119 0.930357 -0.000000 0.000000 0.000000 0.000000 1.000000
0.994631 0.082293 0.062741 0.000000 -0.054826 0.933274 -0.354956 13.290100 -0.087765 0.349610 0.932775 0.000000 0.000000 0.000000 0.000000 1.000000
0.994419 0.093303 0.049241 -0.000000 -0.070275 0.933942 -0.350449 13.290100 -0.078686 0.345033 0.935287 0.000000 0.000000 0.000000 0.000000 1.000000
0.994083 0.101780 0.037937 -0.000000 -0.082584 0.935073 -0.344701 13.290100 -0.070558 0.339529 0.937946 0.000000 0.000000 0.000000 0.000000 1.000000
0.993745 0.108025 0.028300 0.000000 -0.092190 0.936621 -0.337996 13.290100 -0.063018 0.333273 0.940722 0.000000 0.000000 0.000000 0.000000 1.000000
0.993473 0.112332 0.019801 0.000000 -0.099530 0.938523 -0.330559 13.290100 -0.055716 0.326431 0.943578 0.000000 0.000000 0.000000 0.000000 1.000000
0.993294 0.114997 0.011912 0.000000 -0.105039 0.940697 -0.322577 13.290100 -0.048301 0.319163 0.946468 -0.000000 0.000000 0.000000 0.000000 1.000000
0.993206 0.116183 0.006607 0.000000 -0.108227 0.943073 -0.314483 13.290100 -0.042768 0.311631 0.949240 0.000000 0.000000 0.000000 0.000000 1.000000
0.993225 0.116198 0.001788 0.000000 -0.110070 0.945562 -0.306264 13.290100 -0.037277 0.303992 0.951945 0.000000 0.000000 0.000000 0.000000 1.000000
0.993337 0.115211 -0.002897 -0.000000 -0.110832 0.948087 -0.298074 13.290100 -0.031595 0.296409 0.954538 0.000000 0.000000 0.000000 0.000000 1.000000
0.993531 0.113434 -0.005300 0.000000 -0.110112 0.950927 -0.289160 13.290100 -0.027761 0.287873 0.957266 -0.000000 0.000000 0.000000 0.000000 1.000000
0.993745 0.111364 -0.008255 -0.000000 -0.109211 0.953776 -0.279971 13.290100 -0.023305 0.279122 0.959973 0.000000 0.000000 0.000000 0.000000 1.000000
0.993967 0.109191 -0.010360 0.000000 -0.107903 0.956527 -0.270949 13.290100 -0.019675 0.270432 0.962538 0.000000 0.000000 0.000000 0.000000 1.000000
0.994331 0.105690 -0.011622 -0.000000 -0.105029 0.959274 -0.262224 13.290100 -0.016566 0.261959 0.964937 0.000000 0.000000 0.000000 0.000000 1.000000
0.994704 0.102069 -0.012102 0.000000 -0.101798 0.962037 -0.253224 13.290100 -0.014204 0.253115 0.967332 -0.000000 0.000000 0.000000 0.000000 1.000000
0.995073 0.098384 -0.012277 0.000000 -0.098391 0.964609 -0.244641 13.290100 -0.012226 0.244644 0.969536 0.000000 0.000000 0.000000 0.000000 1.000000
0.995431 0.094803 -0.011389 0.000000 -0.094805 0.967092 -0.236104 13.290100 -0.011369 0.236105 0.971661 0.000000 0.000000 0.000000 0.000000 1.000000
0.995727 0.091891 -0.009117 0.000000 -0.091524 0.968977 -0.229580 13.290100 -0.012262 0.229433 0.973247 -0.000000 0.000000 0.000000 0.000000 1.000000
0.995815 0.091204 -0.005773 0.000000 -0.090154 0.970074 -0.225451 13.290100 -0.014962 0.225028 0.974237 -0.000000 0.000000 0.000000 0.000000 1.000000
0.995657 0.093057 -0.002859 -0.000000 -0.091341 0.970425 -0.223456 13.290100 -0.018020 0.222747 0.974710 0.000000 0.000000 0.000000 0.000000 1.000000
0.995428 0.095513 -0.000643 -0.000000 -0.093262 0.970465 -0.222485 13.290100 -0.020626 0.221528 0.974936 0.000000 0.000000 0.000000 0.000000 1.000000
0.995273 0.097118 0.000319 -0.000000 -0.094622 0.970422 -0.222097 13.290100 -0.021879 0.221017 0.975024 0.000000 0.000000 0.000000 0.000000 1.000000
0.995250 0.097347 0.000755 -0.000000 -0.094750 0.970425 -0.222029 13.290100 -0.022347 0.220903 0.975040 -0.000000 0.000000 0.000000 0.000000 1.000000
0.995250 0.097349 0.000747 0.000000 -0.094751 0.970394 -0.222164 13.290100 -0.022353 0.221038 0.975009 -0.000000 0.000000 0.000000 0.000000 1.000000
0.995250 0.097349 0.000727 0.000000 -0.094751 0.970350 -0.222360 13.290100 -0.022352 0.221235 0.974964 0.000000 0.000000 0.000000 0.000000 1.000000
0.995250 0.097349 0.000707 0.000000 -0.094751 0.970302 -0.222569 13.290100 -0.022352 0.221445 0.974917 -0.000000 0.000000 0.000000 0.000000 1.000000
0.995250 0.097349 0.000685 0.000000 -0.094751 0.970253 -0.222781 13.290100 -0.022352 0.221657 0.974868 0.000000 0.000000 0.000000 0.000000 1.000000</float_array>
        <technique_common>
          <accessor source="#mixamorig_Spine2-Matrix-animation-output-transform-array" count="48" stride="16">
            <param type="float4x4"/>
          </accessor>
        </technique_common>
      </source>
      <source id="mixamorig_Spine2-Interpolations">
        <Name_array id="mixamorig_Spine2-Interpolations-array" count="48">
 LINEAR LINEAR LINEAR LINEAR LINEAR LINEAR LINEAR LINEAR LINEAR LINEAR LINEAR
LINEAR LINEAR LINEAR LINEAR LINEAR LINEAR LINEAR LINEAR LINEAR LINEAR LINEAR LINEAR
LINEAR LINEAR LINEAR LINEAR LINEAR LINEAR LINEAR LINEAR LINEAR LINEAR LINEAR LINEAR
LINEAR LINEAR LINEAR LINEAR LINEAR LINEAR LINEAR LINEAR LINEAR LINEAR LINEAR LINEAR
LINEAR</Name_array>
        <technique_common>
          <accessor source="#mixamorig_Spine2-Interpolations-array" count="48">
            <param type="name"/>
          </accessor>
        </technique_common>
      </source>
      <sampler id="mixamorig_Spine2-Matrix-animation-transform">
        <input semantic="INPUT" source="#mixamorig_Spine2-Matrix-animation-input"/>
        <input semantic="OUTPUT" source="#mixamorig_Spine2-Matrix-animation-output-transform"/>
        <input semantic="INTERPOLATION" source="#mixamorig_Spine2-Interpolations"/>
      </sampler>
      <channel source="#mixamorig_Spine2-Matrix-animation-transform" target="mixamorig_Spine2/matrix"/>
    </animation>
    <animation id="mixamorig_Neck-anim" name="mixamorig_Neck">
      <source id="mixamorig_Neck-Matrix-animation-input">
        <float_array id="mixamorig_Neck-Matrix-animation-input-array" count="48">

0.000000 0.033333 0.066667 0.100000 0.133333 0.166667 0.200000 0.233333 0.266667 0.300000 0.333333 0.366667 0.400000 0.433333 0.466667 0.500000
0.533333 0.566667 0.600000 0.633333 0.666667 0.700000 0.733333 0.766667 0.800000 0.833333 0.866667 0.900000 0.933333 0.966667 1.000000 1.033333
1.066667 1.100000 1.133333 1.166667 1.200000 1.233333 1.266667 1.300000 1.333333 1.366667 1.400000 1.433333 1.466667 1.500000 1.533333 1.566667</float_array>
        <technique_common>
          <accessor source="#mixamorig_Neck-Matrix-animation-input-array" count="48">
            <param name="TIME" type="float"/>
          </accessor>
        </technique_common>
      </source>
      <source id="mixamorig_Neck-Matrix-animation-output-transform">
