<?xml version="1.0" encoding="utf-8"?>
<COLLADA xmlns="http://www.collada.org/2005/11/COLLADASchema" version="1.4.1">
  <asset>
    <contributor>
      <author>Mixamo</author>
      <authoring_tool>COLLADA Mixamo exporter</authoring_tool>
      <comments/>
    </contributor>
    <created>2024-12-02T03:31:43Z</created>
    <modified>2024-12-02T03:31:43Z</modified>
    <revision/>
    <title/>
    <unit meter="0.010000"/>
    <up_axis>Y_UP</up_axis>
  </asset>
  <library_animations>
    <animation id="mixamorig_Hips-anim" name="mixamorig_Hips">
      <source id="mixamorig_Hips-Matrix-animation-input">
        <float_array id="mixamorig_Hips-Matrix-animation-input-array" count="107">

0.000000 0.033333 0.066667 0.100000 0.133333 0.166667 0.200000 0.233333 0.266667 0.300000 0.333333 0.366667 0.400000 0.433333 0.466667 0.500000
0.533333 0.566667 0.600000 0.633333 0.666667 0.700000 0.733333 0.766667 0.800000 0.833333 0.866667 0.900000 0.933333 0.966667 1.000000 1.033333
1.066667 1.100000 1.133333 1.166667 1.200000 1.233333 1.266667 1.300000 1.333333 1.366667 1.400000 1.433333 1.466667 1.500000 1.533333 1.566667
1.600000 1.633333 1.666667 1.700000 1.733333 1.766667 1.800000 1.833333 1.866667 1.900000 1.933333 1.966667 2.000000 2.033333 2.066667 2.100000
2.133333 2.166667 2.200000 2.233333 2.266667 2.300000 2.333333 2.366667 2.400000 2.433333 2.466667 2.500000 2.533333 2.566667 2.600000 2.633333
2.666667 2.700000 2.733333 2.766667 2.800000 2.833333 2.866667 2.900000 2.933333 2.966667 3.000000 3.033333 3.066667 3.100000 3.133333 3.166667
3.200000 3.233333 3.266667 3.300000 3.333333 3.366667 3.400000 3.433333 3.466667 3.500000 3.533333</float_array>
        <technique_common>
          <accessor source="#mixamorig_Hips-Matrix-animation-input-array" count="107">
            <param name="TIME" type="float"/>
          </accessor>
        </technique_common>
      </source>
      <source id="mixamorig_Hips-Matrix-animation-output-transform">
        <float_array id="mixamorig_Hips-Matrix-animation-output-transform-array" count="1712">

0.521742 -0.062051 -0.850844 0.187742 0.073321 0.996922 -0.027743 105.235321 0.849947 -0.047910 0.524686 0.169207 0.000000 0.000000 0.000000 1.000000
0.514074 -0.061705 -0.855524 0.250660 0.074670 0.996842 -0.027029 105.284576 0.854490 -0.049987 0.517058 0.094252 0.000000 0.000000 0.000000 1.000000
0.497061 -0.062290 -0.865477 0.377704 0.076546 0.996679 -0.027771 105.583458 0.864332 -0.052445 0.500179 -0.005794 0.000000 0.000000 0.000000 1.000000
0.467372 -0.066908 -0.881525 0.540971 0.080178 0.996231 -0.033105 106.181862 0.880418 -0.055207 0.470975 -0.013068 0.000000 0.000000 0.000000 1.000000
0.424655 -0.071385 -0.902537 0.711666 0.082606 0.995784 -0.039893 107.040009 0.901579 -0.057614 0.428761 0.070105 0.000000 0.000000 0.000000 1.000000
0.375717 -0.076995 -0.923530 0.906958 0.082294 0.995378 -0.049506 108.071869 0.923073 -0.057401 0.380317 0.235250 0.000000 0.000000 0.000000 1.000000
0.331047 -0.084834 -0.939793 1.120668 0.078923 0.994950 -0.062012 109.138161 0.940308 -0.053643 0.336070 0.448309 0.000000 0.000000 0.000000 1.000000
0.305208 -0.091554 -0.947874 1.302717 0.068832 0.994885 -0.073932 110.131287 0.949795 -0.042679 0.309949 0.603065 0.000000 0.000000 0.000000 1.000000
0.315002 -0.103224 -0.943461 1.455211 0.055679 0.994366 -0.090203 110.989471 0.947456 -0.024117 0.318975 0.543795 0.000000 0.000000 0.000000 1.000000
0.374238 -0.123535 -0.919067 1.530831 0.046896 0.992340 -0.114288 111.724518 0.926146 -0.000330 0.377165 0.182632 0.000000 0.000000 0.000000 1.000000
0.476009 -0.144389 -0.867506 1.376945 0.045691 0.989158 -0.139565 112.280472 0.878253 0.026797 0.477446 -0.427991 0.000000 0.000000 0.000000 1.000000
0.590750 -0.161536 -0.790519 0.826555 0.047389 0.985009 -0.165864 112.559196 0.805462 0.060522 0.589549 -1.062591 0.000000 0.000000 0.000000 1.000000
0.699176 -0.167438 -0.695066 -0.171543 0.047115 0.980867 -0.188893 112.496315 0.713395 0.099322 0.693688 -1.449337 0.000000 0.000000 0.000000 1.000000
0.789662 -0.166388 -0.590550 -1.448788 0.048409 0.976421 -0.210376 110.988083 0.611630 0.137538 0.779097 -1.858797 0.000000 0.000000 0.000000 1.000000
0.858715 -0.163700 -0.485604 -2.943828 0.049677 0.969734 -0.239056 107.236626 0.510040 0.181158 0.840857 -2.793769 0.000000 0.000000 0.000000 1.000000
0.909529 -0.150739 -0.387343 -4.515555 0.045001 0.962154 -0.268765 101.108307 0.413197 0.227018 0.881890 -4.280431 0.000000 0.000000 0.000000 1.000000
0.940748 -0.137819 -0.309836 -6.092523 0.041854 0.953891 -0.297220 93.024956 0.336513 0.266641 0.903140 -6.186718 0.000000 0.000000 0.000000 1.000000
0.955369 -0.135916 -0.262293 -7.565202 0.045562 0.945044 -0.323752 84.317345 0.291881 0.297352 0.909058 -8.021079 0.000000 0.000000 0.000000 1.000000
0.962676 -0.140430 -0.231375 -8.585257 0.055321 0.938911 -0.339686 76.132301 0.264942 0.314208 0.911635 -9.461645 0.000000 0.000000 0.000000 1.000000
0.971947 -0.142071 -0.187444 -9.140667 0.071833 0.938180 -0.338611 68.763466 0.223963 0.315647 0.922067 -10.778429 0.000000 0.000000 0.000000 1.000000
0.983807 -0.131337 -0.121957 -9.586752 0.086623 0.944134 -0.317973 62.338558 0.156906 0.302260 0.940223 -12.398713 0.000000 0.000000 0.000000 1.000000
0.991019 -0.116335 -0.065937 -9.928452 0.090633 0.946909 -0.308461 57.312824 0.098321 0.299715 0.948949 -14.300504 0.000000 0.000000 0.000000 1.000000
0.993707 -0.106466 -0.034811 -10.241847 0.089813 0.943030 -0.320357 53.598301 0.066935 0.315214 0.946657 -16.102362 0.000000 0.000000 0.000000 1.000000
0.993960 -0.107610 -0.021525 -10.626287 0.094092 0.936613 -0.337496 51.029388 0.056479 0.333432 0.941081 -17.427067 0.000000 0.000000 0.000000 1.000000
0.992993 -0.115697 -0.024070 -11.018797 0.100635 0.934666 -0.340986 49.998886 0.061949 0.336175 0.939760 -18.280220 0.000000 0.000000 0.000000 1.000000
0.992612 -0.117513 -0.030194 -11.410592 0.100678 0.936631 -0.335540 49.773769 0.067711 0.330021 0.941542 -18.660610 0.000000 0.000000 0.000000 1.000000
0.993288 -0.112002 -0.028892 -11.767664 0.096614 0.940705 -0.325177 49.573624 0.063600 0.320203 0.945212 -18.775896 0.000000 0.000000 0.000000 1.000000
0.994067 -0.105587 -0.026109 -12.021149 0.092534 0.947140 -0.307187 49.669132 0.057164 0.302949 0.951291 -18.705910 0.000000 0.000000 0.000000 1.000000
0.994387 -0.100701 -0.032466 -12.156992 0.087554 0.955446 -0.281883 50.168839 0.059405 0.277458 0.958899 -18.433386 0.000000 0.000000 0.000000 1.000000
0.994333 -0.097953 -0.041321 -12.174715 0.084400 0.963664 -0.253433 51.137012 0.064644 0.248510 0.966470 -18.027086 0.000000 0.000000 0.000000 1.000000
0.994509 -0.096851 -0.039641 -12.094322 0.085276 0.969573 -0.229470 52.589188 0.060659 0.224829 0.972508 -17.543604 0.000000 0.000000 0.000000 1.000000
0.994846 -0.094179 -0.037585 -12.026087 0.084664 0.975456 -0.203266 54.509094 0.055806 0.199036 0.978402 -16.996311 0.000000 0.000000 0.000000 1.000000
0.995202 -0.089561 -0.039389 -11.958626 0.081454 0.981449 -0.173558 56.934044 0.054203 0.169517 0.984036 -16.449389 0.000000 0.000000 0.000000 1.000000
0.995437 -0.086116 -0.041093 -11.821704 0.079152 0.985754 -0.148407 59.818924 0.053287 0.144477 0.988072 -15.961110 0.000000 0.000000 0.000000 1.000000
0.995628 -0.082798 -0.043229 -11.670228 0.076901 0.989328 -0.123757 62.999413 0.053015 0.119892 0.991370 -15.444007 0.000000 0.000000 0.000000 1.000000
0.995562 -0.080638 -0.048507 -11.530918 0.075459 0.992071 -0.100505 66.358353 0.056227 0.096399 0.993753 -14.919137 0.000000 0.000000 0.000000 1.000000
0.995412 -0.079626 -0.053055 -11.419328 0.075557 0.994338 -0.074721 69.833069 0.058705 0.070370 0.995792 -14.346628 0.000000 0.000000 0.000000 1.000000
0.995505 -0.076531 -0.055791 -11.381888 0.074054 0.996230 -0.045189 73.330132 0.059039 0.040855 0.997419 -13.721964 0.000000 0.000000 0.000000 1.000000
0.995733 -0.072116 -0.057572 -11.388893 0.071196 0.997302 -0.017870 76.846046 0.058705 0.013695 0.998181 -13.100577 0.000000 0.000000 0.000000 1.000000
0.995858 -0.069131 -0.059055 -11.454144 0.069727 0.997533 0.008096 80.380959 0.058350 -0.012181 0.998222 -12.432173 0.000000 0.000000 0.000000 1.000000
0.996020 -0.065314 -0.060646 -11.581388 0.067422 0.997166 0.033391 83.906670 0.058293 -0.037347 0.997601 -11.714600 0.000000 0.000000 0.000000 1.000000
0.996240 -0.061547 -0.060968 -11.723135 0.065175 0.996103 0.059415 87.443840 0.057073 -0.063166 0.996370 -11.009316 0.000000 0.000000 0.000000 1.000000
0.996555 -0.057713 -0.059552 -11.892661 0.062899 0.994022 0.089237 90.898239 0.054045 -0.092676 0.994229 -10.159772 0.000000 0.000000 0.000000 1.000000
0.997057 -0.051862 -0.056454 -12.088976 0.058104 0.991639 0.115224 94.034004 0.050007 -0.118165 0.991734 -9.024828 0.000000 0.000000 0.000000 1.000000
0.997441 -0.048608 -0.052431 -12.311349 0.055317 0.989272 0.135204 96.771263 0.045296 -0.137758 0.989430 -7.671731 0.000000 0.000000 0.000000 1.000000
0.997763 -0.045307 -0.049151 -12.518476 0.052356 0.986811 0.153176 99.244942 0.041562 -0.155407 0.986976 -6.127060 0.000000 0.000000 0.000000 1.000000
0.997905 -0.042246 -0.048998 -12.727613 0.049809 0.985009 0.165156 101.498940 0.041286 -0.167250 0.985050 -4.479618 0.000000 0.000000 0.000000 1.000000
0.997781 -0.040478 -0.052868 -12.952496 0.048992 0.984013 0.171226 103.601288 0.045092 -0.173436 0.983812 -2.773842 0.000000 0.000000 0.000000 1.000000
0.997727 -0.035315 -0.057384 -13.190613 0.044940 0.983326 0.176211 105.598717 0.050204 -0.178389 0.982678 -1.072412 0.000000 0.000000 0.000000 1.000000
0.997807 -0.030753 -0.058609 -13.409866 0.040556 0.983873 0.174212 107.506248 0.052306 -0.176207 0.982962 0.539807 0.000000 0.000000 0.000000 1.000000
0.998019 -0.030063 -0.055265 -13.528358 0.038684 0.985996 0.162219 109.191040 0.049614 -0.164036 0.985206 2.143454 0.000000 0.000000 0.000000 1.000000
0.998402 -0.022241 -0.051951 -13.384689 0.029720 0.988547 0.147957 110.592125 0.048066 -0.149265 0.987628 3.765719 0.000000 0.000000 0.000000 1.000000
0.998655 -0.008256 -0.051191 -12.863406 0.014822 0.991502 0.129244 111.587204 0.049689 -0.129829 0.990291 5.331134 0.000000 0.000000 0.000000 1.000000
0.998732 0.001218 -0.050335 -12.167290 0.003720 0.995191 0.097884 111.954445 0.050212 -0.097947 0.993924 6.650528 0.000000 0.000000 0.000000 1.000000
0.998613 0.004051 -0.052502 -11.490179 -0.001107 0.998431 0.055978 111.593269 0.052646 -0.055842 0.997051 7.298444 0.000000 0.000000 0.000000 1.000000
0.998729 0.003966 -0.050245 -10.745535 -0.003637 0.999971 0.006618 110.203568 0.050270 -0.006427 0.998715 8.216789 0.000000 0.000000 0.000000 1.000000
0.999812 0.002893 -0.019180 -9.962076 -0.003656 0.999199 -0.039849 108.075005 0.019049 0.039912 0.999022 10.267132 0.000000 0.000000 0.000000 1.000000
0.999386 -0.000362 0.035047 -10.320854 0.002805 0.997564 -0.069698 107.078453 -0.034936 0.069753 0.996952 12.852395 0.000000 0.000000 0.000000 1.000000
0.996570 0.011968 0.081889 -12.148343 -0.008023 0.998799 -0.048338 105.616943 -0.082369 0.047515 0.995469 15.960974 0.000000 0.000000 0.000000 1.000000
0.995385 0.030790 0.090883 -12.109029 -0.033487 0.999039 0.028293 103.611298 -0.089924 -0.031206 0.995460 19.275101 0.000000 0.000000 0.000000 1.000000
0.997499 0.029615 0.064176 -11.187739 -0.038160 0.989931 0.136307 103.091530 -0.059493 -0.138415 0.988586 20.551161 0.000000 0.000000 0.000000 1.000000
0.998230 0.027101 0.052929 -11.141171 -0.038908 0.970800 0.236713 103.821869 -0.044969 -0.238354 0.970137 20.285357 0.000000 0.000000 0.000000 1.000000
0.997666 0.036145 0.057928 -11.301881 -0.050739 0.960179 0.274740 104.770920 -0.045690 -0.277038 0.959772 19.303268 0.000000 0.000000 0.000000 1.000000
0.998914 0.030564 0.035161 -11.730236 -0.039109 0.960259 0.276358 105.529526 -0.025317 -0.277433 0.960411 17.982401 0.000000 0.000000 0.000000 1.000000
0.999832 0.018340 -0.000188 -12.241958 -0.017540 0.959120 0.282456 106.053345 0.005360 -0.282405 0.959280 16.405722 0.000000 0.000000 0.000000 1.000000
0.999653 0.021002 -0.015871 -12.782521 -0.015596 0.958205 0.285657 106.275299 0.021207 -0.285311 0.958200 14.122718 0.000000 0.000000 0.000000 1.000000
0.999814 0.017003 -0.009143 -13.472631 -0.013667 0.957883 0.286833 106.201324 0.013635 -0.286654 0.957937 11.250383 0.000000 0.000000 0.000000 1.000000
0.999875 0.008652 0.013233 -14.200231 -0.012106 0.957334 0.288730 106.366905 -0.010170 -0.288854 0.957319 8.602734 0.000000 0.000000 0.000000 1.000000
0.999526 0.006376 0.030108 -14.824013 -0.014707 0.958328 0.285290 106.824348 -0.027034 -0.285597 0.957968 6.268215 0.000000 0.000000 0.000000 1.000000
0.999549 0.004334 0.029719 -15.200475 -0.012490 0.959885 0.280116 107.322983 -0.027313 -0.280361 0.959506 4.031361 0.000000 0.000000 0.000000 1.000000
0.999607 -0.001786 0.027978 -15.445405 -0.005981 0.961402 0.275082 107.871796 -0.027390 -0.275142 0.961013 1.946864 0.000000 0.000000 0.000000 1.000000
0.999491 -0.007401 0.031041 -15.654548 -0.001248 0.962926 0.269763 108.414925 -0.031887 -0.269664 0.962426 0.102050 0.000000 0.000000 0.000000 1.000000
0.999316 -0.012732 0.034707 -15.774652 0.003078 0.964222 0.265077 108.943039 -0.036840 -0.264789 0.963602 -1.334586 0.000000 0.000000 0.000000 1.000000
0.999106 -0.017631 0.038416 -15.836661 0.007042 0.965583 0.260001 109.420403 -0.041678 -0.259498 0.964844 -2.332177 0.000000 0.000000 0.000000 1.000000
0.998934 -0.020346 0.041436 -15.864535 0.009106 0.966843 0.255209 109.709641 -0.045254 -0.254560 0.965998 -3.032671 0.000000 0.000000 0.000000 1.000000
0.998854 -0.022699 0.042127 -15.844930 0.011387 0.967797 0.251473 109.878937 -0.046479 -0.250705 0.966947 -3.544075 0.000000 0.000000 0.000000 1.000000
0.998811 -0.024168 0.042333 -15.804107 0.012949 0.968781 0.247580 110.018585 -0.046995 -0.246737 0.967942 -3.867804 0.000000 0.000000 0.000000 1.000000
0.998800 -0.023200 0.043121 -15.780277 0.012001 0.969758 0.243772 110.178436 -0.047473 -0.242963 0.968873 -4.080123 0.000000 0.000000 0.000000 1.000000
0.998950 -0.019847 0.041291 -15.755776 0.009410 0.970959 0.239060 110.346252 -0.044837 -0.238421 0.970126 -4.201591 0.000000 0.000000 0.000000 1.000000
0.999343 -0.015686 0.032685 -15.708129 0.007624 0.972322 0.233519 110.519981 -0.035443 -0.233117 0.971803 -4.210012 0.000000 0.000000 0.000000 1.000000
0.999755 -0.008912 0.020269 -15.588273 0.004017 0.973230 0.229797 110.684875 -0.021775 -0.229660 0.973027 -4.051671 0.000000 0.000000 0.000000 1.000000
0.999993 0.001778 0.003281 -15.318044 -0.002463 0.974994 0.222219 110.856895 -0.002803 -0.222225 0.974991 -3.670050 0.000000 0.000000 0.000000 1.000000
0.999564 0.015596 -0.025060 -14.925835 -0.010035 0.977997 0.208379 111.057983 0.027759 -0.208037 0.977727 -3.084244 0.000000 0.000000 0.000000 1.000000
0.997483 0.028332 -0.065002 -14.356820 -0.015111 0.980584 0.195514 111.284355 0.069279 -0.194040 0.978544 -2.298237 0.000000 0.000000 0.000000 1.000000
0.992937 0.038713 -0.112149 -13.593089 -0.017728 0.983066 0.182390 111.501053 0.117311 -0.179114 0.976809 -1.354051 0.000000 0.000000 0.000000 1.000000
0.985421 0.047344 -0.163413 -12.691341 -0.019902 0.985985 0.165645 111.668610 0.168965 -0.159977 0.972552 -0.348377 0.000000 0.000000 0.000000 1.000000
0.974145 0.048733 -0.220607 -11.588476 -0.016587 0.989250 0.145288 111.744072 0.225316 -0.137872 0.964481 0.579781 0.000000 0.000000 0.000000 1.000000
0.958070 0.045678 -0.282870 -10.353259 -0.010404 0.992107 0.124965 111.682388 0.286345 -0.116783 0.950983 1.400486 0.000000 0.000000 0.000000 1.000000
0.939157 0.042424 -0.340858 -9.052616 -0.006073 0.994239 0.107015 111.522095 0.343434 -0.098434 0.934004 2.192566 0.000000 0.000000 0.000000 1.000000
0.919186 0.036254 -0.392152 -7.705994 0.000333 0.995682 0.092830 111.215179 0.393825 -0.085459 0.915204 2.959916 0.000000 0.000000 0.000000 1.000000
0.896207 0.027544 -0.442781 -6.353216 0.007945 0.996914 0.078096 110.676735 0.443566 -0.073508 0.893222 3.628590 0.000000 0.000000 0.000000 1.000000
0.867107 0.016402 -0.497851 -5.007336 0.018407 0.997720 0.064930 109.958565 0.497781 -0.065465 0.864829 4.203866 0.000000 0.000000 0.000000 1.000000
0.830463 0.001207 -0.557073 -3.705430 0.030852 0.998363 0.048156 109.168335 0.556219 -0.057178 0.829066 4.670899 0.000000 0.000000 0.000000 1.000000
0.787719 -0.014545 -0.615863 -2.509340 0.037830 0.998977 0.024793 108.384071 0.614872 -0.042829 0.787463 5.010333 0.000000 0.000000 0.000000 1.000000
0.742061 -0.026579 -0.669806 -1.506182 0.040819 0.999151 0.005575 107.621185 0.669089 -0.031478 0.742516 5.263212 0.000000 0.000000 0.000000 1.000000
0.694780 -0.039639 -0.718129 -0.664575 0.045151 0.998914 -0.011454 106.908226 0.717804 -0.024466 0.695815 5.394735 0.000000 0.000000 0.000000 1.000000
0.649968 -0.048320 -0.758424 -0.051783 0.045734 0.998655 -0.024431 106.201614 0.758584 -0.018806 0.651304 5.348435 0.000000 0.000000 0.000000 1.000000
0.612880 -0.049138 -0.788647 0.327988 0.042223 0.998675 -0.029411 105.544006 0.789047 -0.015274 0.614143 5.107533 0.000000 0.000000 0.000000 1.000000
0.580795 -0.051547 -0.812416 0.600472 0.040453 0.998588 -0.034440 104.979507 0.813044 -0.012863 0.582060 4.694602 0.000000 0.000000 0.000000 1.000000
0.551565 -0.054738 -0.832334 0.787764 0.038379 0.998453 -0.040231 104.515923 0.833249 -0.009754 0.552813 4.116747 0.000000 0.000000 0.000000 1.000000
0.531352 -0.055493 -0.845332 0.869815 0.036380 0.998426 -0.042675 104.240379 0.846370 -0.008078 0.532535 3.465525 0.000000 0.000000 0.000000 1.000000
0.522578 -0.054483 -0.850849 0.832847 0.037932 0.998454 -0.040638 104.105392 0.851747 -0.011038 0.523837 2.802576 0.000000 0.000000 0.000000 1.000000
0.518796 -0.056225 -0.853047 0.746561 0.043974 0.998269 -0.039054 104.057434 0.853767 -0.017251 0.520370 2.152677 0.000000 0.000000 0.000000 1.000000
0.517131 -0.058417 -0.853910 0.639843 0.050619 0.998009 -0.037620 104.171860 0.854408 -0.023769 0.519059 1.567594 0.000000 0.000000 0.000000 1.000000
0.518418 -0.058861 -0.853099 0.499657 0.056090 0.997820 -0.034761 104.402382 0.853286 -0.029830 0.520589 1.055356 0.000000 0.000000 0.000000 1.000000
0.520416 -0.059882 -0.851811 0.346430 0.063605 0.997485 -0.031263 104.773514 0.851541 -0.037909 0.522916 0.598983 0.000000 0.000000 0.000000 1.000000
0.521613 -0.061781 -0.850942 0.205062 0.072192 0.996994 -0.028133 105.180824 0.850122 -0.046757 0.524505 0.216292 0.000000 0.000000 0.000000 1.000000</float_array>
        <technique_common>
          <accessor source="#mixamorig_Hips-Matrix-animation-output-transform-array" count="107" stride="16">
            <param type="float4x4"/>
          </accessor>
        </technique_common>
      </source>
      <source id="mixamorig_Hips-Interpolations">
        <Name_array id="mixamorig_Hips-Interpolations-array" count="107">
 LINEAR LINEAR LINEAR LINEAR LINEAR LINEAR LINEAR LINEAR LINEAR LINEAR LINEAR
LINEAR LINEAR LINEAR LINEAR LINEAR LINEAR LINEAR LINEAR LINEAR LINEAR LINEAR LINEAR
LINEAR LINEAR LINEAR LINEAR LINEAR LINEAR LINEAR LINEAR LINEAR LINEAR LINEAR LINEAR
LINEAR LINEAR LINEAR LINEAR LINEAR LINEAR LINEAR LINEAR LINEAR LINEAR LINEAR LINEAR
LINEAR LINEAR LINEAR LINEAR LINEAR LINEAR LINEAR LINEAR LINEAR LINEAR LINEAR LINEAR
LINEAR LINEAR LINEAR LINEAR LINEAR LINEAR LINEAR LINEAR LINEAR LINEAR LINEAR LINEAR
LINEAR LINEAR LINEAR LINEAR LINEAR LINEAR LINEAR LINEAR LINEAR LINEAR LINEAR LINEAR
LINEAR LINEAR LINEAR LINEAR LINEAR LINEAR LINEAR LINEAR LINEAR LINEAR LINEAR LINEAR
LINEAR LINEAR LINEAR LINEAR LINEAR LINEAR LINEAR LINEAR LINEAR LINEAR LINEAR LINEAR</Name_array>
        <technique_common>
          <accessor source="#mixamorig_Hips-Interpolations-array" count="107">
            <param type="name"/>
          </accessor>
        </technique_common>
      </source>
      <sampler id="mixamorig_Hips-Matrix-animation-transform">
        <input semantic="INPUT" source="#mixamorig_Hips-Matrix-animation-input"/>
        <input semantic="OUTPUT" source="#mixamorig_Hips-Matrix-animation-output-transform"/>
        <input semantic="INTERPOLATION" source="#mixamorig_Hips-Interpolations"/>
      </sampler>
      <channel source="#mixamorig_Hips-Matrix-animation-transform" target="mixamorig_Hips/matrix"/>
    </animation>
    <animation id="mixamorig_Spine-anim" name="mixamorig_Spine">
      <source id="mixamorig_Spine-Matrix-animation-input">
        <float_array id="mixamorig_Spine-Matrix-animation-input-array" count="107">

0.000000 0.033333 0.066667 0.100000 0.133333 0.166667 0.200000 0.233333 0.266667 0.300000 0.333333 0.366667 0.400000 0.433333 0.466667 0.500000
0.533333 0.566667 0.600000 0.633333 0.666667 0.700000 0.733333 0.766667 0.800000 0.833333 0.866667 0.900000 0.933333 0.966667 1.000000 1.033333
1.066667 1.100000 1.133333 1.166667 1.200000 1.233333 1.266667 1.300000 1.333333 1.366667 1.400000 1.433333 1.466667 1.500000 1.533333 1.566667
1.600000 1.633333 1.666667 1.700000 1.733333 1.766667 1.800000 1.833333 1.866667 1.900000 1.933333 1.966667 2.000000 2.033333 2.066667 2.100000
2.133333 2.166667 2.200000 2.233333 2.266667 2.300000 2.333333 2.366667 2.400000 2.433333 2.466667 2.500000 2.533333 2.566667 2.600000 2.633333
2.666667 2.700000 2.733333 2.766667 2.800000 2.833333 2.866667 2.900000 2.933333 2.966667 3.000000 3.033333 3.066667 3.100000 3.133333 3.166667
3.200000 3.233333 3.266667 3.300000 3.333333 3.366667 3.400000 3.433333 3.466667 3.500000 3.533333</float_array>
        <technique_common>
          <accessor source="#mixamorig_Spine-Matrix-animation-input-array" count="107">
            <param name="TIME" type="float"/>
          </accessor>
        </technique_common>
      </source>
      <source id="mixamorig_Spine-Matrix-animation-output-transform">
        <float_array id="mixamorig_Spine-Matrix-animation-output-transform-array" count="1712">

0.998631 0.052206 0.003340 -0.000900 -0.050880 0.984147 -0.169898 9.938600 -0.012156 0.169496 0.985456 0.799700 0.000000 0.000000 0.000000 1.000000
0.998703 0.050825 0.003065 -0.000900 -0.049561 0.984145 -0.170298 9.938600 -0.011672 0.169926 0.985388 0.799700 0.000000 0.000000 0.000000 1.000000
0.998826 0.048396 0.002270 -0.000900 -0.047299 0.984181 -0.170736 9.938600 -0.010497 0.170428 0.985314 0.799700 0.000000 0.000000 0.000000 1.000000
0.998913 0.046609 0.000561 -0.000900 -0.045830 0.984275 -0.170591 9.938600 -0.008504 0.170380 0.985342 0.799700 0.000000 0.000000 0.000000 1.000000
0.998981 0.045044 -0.002656 -0.000900 -0.044838 0.984390 -0.170191 9.938600 -0.005052 0.170137 0.985408 0.799700 0.000000 0.000000 0.000000 1.000000
0.999032 0.043410 -0.007078 -0.000900 -0.043982 0.984630 -0.169027 9.938600 -0.000368 0.169175 0.985586 0.799700 0.000000 0.000000 0.000000 1.000000
0.999119 0.040047 -0.012532 -0.000900 -0.041584 0.984949 -0.167766 9.938600 0.005625 0.168139 0.985747 0.799700 0.000000 0.000000 0.000000 1.000000
0.999248 0.033913 -0.018805 -0.000900 -0.036587 0.985207 -0.167415 9.938600 0.012850 0.167977 0.985707 0.799700 0.000000 0.000000 0.000000 1.000000
0.999338 0.027550 -0.023760 -0.000900 -0.031133 0.985509 -0.166743 9.938600 0.018822 0.167373 0.985714 0.799700 0.000000 0.000000 0.000000 1.000000
0.999404 0.021122 -0.027295 -0.000900 -0.025319 0.986147 -0.163927 9.938600 0.023454 0.164521 0.986095 0.799700 0.000000 0.000000 0.000000 1.000000
0.999483 0.014501 -0.028682 -0.000900 -0.018894 0.987038 -0.159372 9.938600 0.025999 0.159831 0.986802 0.799700 0.000000 0.000000 0.000000 1.000000
0.999543 0.009196 -0.028811 -0.000900 -0.013520 0.988028 -0.153683 9.938600 0.027053 0.154002 0.987700 0.799700 0.000000 0.000000 0.000000 1.000000
0.999640 0.004961 -0.026358 -0.000900 -0.008802 0.988999 -0.147660 9.938600 0.025336 0.147839 0.988687 0.799700 0.000000 0.000000 0.000000 1.000000
0.999808 0.003230 -0.019348 -0.000900 -0.005945 0.989853 -0.141970 9.938600 0.018694 0.142057 0.989682 0.799700 0.000000 0.000000 0.000000 1.000000
0.999953 -0.003722 -0.008933 -0.000900 0.002500 0.991096 -0.133126 9.938600 0.009349 0.133098 0.991059 0.799700 0.000000 0.000000 0.000000 1.000000
0.999860 -0.016185 -0.004321 -0.000900 0.015496 0.991584 -0.128532 9.938600 0.006365 0.128447 0.991696 0.799700 0.000000 0.000000 0.000000 1.000000
0.999571 -0.029237 -0.001934 -0.000900 0.028709 0.990456 -0.134808 9.938600 0.005857 0.134695 0.990870 0.799700 0.000000 0.000000 0.000000 1.000000
0.999004 -0.043945 0.007705 -0.000900 0.044604 0.987513 -0.151092 9.938600 -0.000969 0.151285 0.988490 0.799700 0.000000 0.000000 0.000000 1.000000
0.998695 -0.047775 0.018030 -0.000900 0.050257 0.982125 -0.181396 9.938600 -0.009041 0.182066 0.983245 0.799700 0.000000 0.000000 0.000000 1.000000
0.998467 -0.040603 0.037609 -0.000900 0.047584 0.976819 -0.208713 9.938600 -0.028262 0.210183 0.977253 0.799700 0.000000 0.000000 0.000000 1.000000
0.998382 -0.026487 0.050311 -0.000900 0.037134 0.973836 -0.224196 9.938600 -0.043057 0.225702 0.973244 0.799700 0.000000 0.000000 0.000000 1.000000
0.998569 -0.002792 0.053402 -0.000900 0.014442 0.975608 -0.219045 9.938600 -0.051488 0.219503 0.974252 0.799700 0.000000 0.000000 0.000000 1.000000
0.998451 0.023025 0.050652 -0.000900 -0.012613 0.980322 -0.197001 9.938600 -0.054191 0.196057 0.979094 0.799700 0.000000 0.000000 0.000000 1.000000
0.998060 0.042727 0.045282 -0.000900 -0.034144 0.983840 -0.175763 9.938600 -0.052060 0.173876 0.983390 0.799700 0.000000 0.000000 0.000000 1.000000
0.997508 0.058490 0.039450 -0.000900 -0.051670 0.986406 -0.155990 9.938600 -0.048037 0.153563 0.986971 0.799700 0.000000 0.000000 0.000000 1.000000
0.997156 0.064062 0.039689 -0.000900 -0.057586 0.987453 -0.147037 9.938600 -0.048610 0.144333 0.988334 0.799700 0.000000 0.000000 0.000000 1.000000
0.997043 0.066149 0.039107 -0.000900 -0.059857 0.987682 -0.144575 9.938600 -0.048189 0.141807 0.988721 0.799700 0.000000 0.000000 0.000000 1.000000
0.997074 0.066518 0.037668 -0.000900 -0.060492 0.987844 -0.143198 9.938600 -0.046736 0.140500 0.988977 0.799700 0.000000 0.000000 0.000000 1.000000
0.997134 0.066038 0.036913 -0.000900 -0.060274 0.988324 -0.139939 9.938600 -0.045723 0.137313 0.989472 0.799700 0.000000 0.000000 0.000000 1.000000
0.997194 0.066014 0.035299 -0.000900 -0.060718 0.989064 -0.134406 9.938600 -0.043786 0.131885 0.990297 0.799700 0.000000 0.000000 0.000000 1.000000
0.997351 0.066087 0.030396 -0.000900 -0.061735 0.990004 -0.126813 9.938600 -0.038472 0.124600 0.991461 0.799700 0.000000 0.000000 0.000000 1.000000
0.997578 0.064916 0.024979 -0.000900 -0.061493 0.990937 -0.119423 9.938600 -0.032505 0.117598 0.992529 0.799700 0.000000 0.000000 0.000000 1.000000
0.997794 0.062917 0.021183 -0.000900 -0.060175 0.991917 -0.111716 9.938600 -0.028041 0.110195 0.993514 0.799700 0.000000 0.000000 0.000000 1.000000
0.997995 0.060747 0.017795 -0.000900 -0.058585 0.992874 -0.103779 9.938600 -0.023973 0.102528 0.994441 0.799700 0.000000 0.000000 0.000000 1.000000
0.998163 0.058939 0.014061 -0.000900 -0.057309 0.993653 -0.096794 9.938600 -0.019677 0.095811 0.995205 0.799700 0.000000 0.000000 0.000000 1.000000
0.998259 0.057959 0.010987 -0.000900 -0.056738 0.994313 -0.090130 9.938600 -0.016148 0.089350 0.995869 0.799700 0.000000 0.000000 0.000000 1.000000
0.998351 0.056740 0.008748 -0.000900 -0.055790 0.994785 -0.085379 9.938600 -0.013547 0.084750 0.996310 0.799700 0.000000 0.000000 0.000000 1.000000
0.998500 0.054345 0.006600 -0.000900 -0.053613 0.995117 -0.082877 9.938600 -0.011072 0.082399 0.996538 0.799700 0.000000 0.000000 0.000000 1.000000
0.998673 0.051318 0.004292 -0.000900 -0.050806 0.995456 -0.080537 9.938600 -0.008405 0.080212 0.996742 0.799700 0.000000 0.000000 0.000000 1.000000
0.998858 0.047715 0.002247 -0.000900 -0.047388 0.995744 -0.079045 9.938600 -0.006009 0.078849 0.996868 0.799700 0.000000 0.000000 0.000000 1.000000
0.999068 0.043156 0.000768 -0.000900 -0.042962 0.995969 -0.078741 9.938600 -0.004163 0.078634 0.996895 0.799700 0.000000 0.000000 0.000000 1.000000
0.999228 0.039280 -0.000219 -0.000900 -0.039176 0.996151 -0.078415 9.938600 -0.002862 0.078363 0.996921 0.799700 0.000000 0.000000 0.000000 1.000000
0.999385 0.035048 -0.000649 -0.000900 -0.034989 0.996234 -0.079331 9.938600 -0.002134 0.079305 0.996848 0.799700 0.000000 0.000000 0.000000 1.000000
0.999585 0.028813 -0.000496 -0.000900 -0.028759 0.996322 -0.080718 9.938600 -0.001832 0.080698 0.996737 0.799700 0.000000 0.000000 0.000000 1.000000
0.999768 0.021520 0.000064 -0.000900 -0.021442 0.996419 -0.081790 9.938600 -0.001824 0.081769 0.996650 0.799700 0.000000 0.000000 0.000000 1.000000
0.999892 0.014284 0.003426 -0.000900 -0.013953 0.996483 -0.082624 9.938600 -0.004594 0.082567 0.996575 0.799700 0.000000 0.000000 0.000000 1.000000
0.999940 0.009656 0.005211 -0.000900 -0.009200 0.996641 -0.081374 9.938600 -0.005979 0.081321 0.996670 0.799700 0.000000 0.000000 0.000000 1.000000
0.999959 0.004101 0.008078 -0.000900 -0.003444 0.996808 -0.079759 9.938600 -0.008379 0.079728 0.996781 0.799700 0.000000 0.000000 0.000000 1.000000
0.999936 -0.003607 0.010702 -0.000900 0.004448 0.996814 -0.079639 9.938600 -0.010381 0.079681 0.996766 0.799700 0.000000 0.000000 0.000000 1.000000
0.999864 -0.009571 0.013428 -0.000900 0.010590 0.996893 -0.078048 9.938600 -0.012639 0.078180 0.996859 0.799700 0.000000 0.000000 0.000000 1.000000
0.999823 -0.012220 0.014324 -0.000900 0.013228 0.997277 -0.072545 9.938600 -0.013398 0.072722 0.997262 0.799700 0.000000 0.000000 0.000000 1.000000
0.999832 -0.014975 0.010538 -0.000900 0.015641 0.997685 -0.066174 9.938600 -0.009522 0.066328 0.997752 0.799700 0.000000 0.000000 0.000000 1.000000
0.999847 -0.017237 0.003008 -0.000900 0.017386 0.998059 -0.059791 9.938600 -0.001971 0.059835 0.998206 0.799700 0.000000 0.000000 0.000000 1.000000
0.999843 -0.016123 -0.007392 -0.000900 0.015697 0.998396 -0.054391 9.938600 0.008257 0.054267 0.998492 0.799700 0.000000 0.000000 0.000000 1.000000
0.999927 -0.005118 -0.010960 -0.000900 0.004528 0.998576 -0.053152 9.938600 0.011217 0.053098 0.998526 0.799700 0.000000 0.000000 0.000000 1.000000
0.999901 -0.001953 -0.013944 -0.000900 0.001074 0.998025 -0.062806 9.938600 0.014039 0.062785 0.997928 0.799700 0.000000 0.000000 0.000000 1.000000
0.999869 -0.003843 -0.015693 -0.000900 0.002600 0.996912 -0.078482 9.938600 0.015946 0.078430 0.996792 0.799700 0.000000 0.000000 0.000000 1.000000
0.999838 -0.005899 -0.016993 -0.000900 0.004603 0.997146 -0.075361 9.938600 0.017389 0.075271 0.997011 0.799700 0.000000 0.000000 0.000000 1.000000
0.999813 -0.008254 -0.017485 -0.000900 0.007167 0.998092 -0.061333 9.938600 0.017958 0.061196 0.997964 0.799700 0.000000 0.000000 0.000000 1.000000
0.999748 -0.012886 -0.018383 -0.000900 0.011405 0.996848 -0.078510 9.938600 0.019336 0.078280 0.996744 0.799700 0.000000 0.000000 0.000000 1.000000
0.999817 -0.012831 -0.014207 -0.000900 0.011517 0.995965 -0.089000 9.938600 0.015291 0.088820 0.995930 0.799700 0.000000 0.000000 0.000000 1.000000
0.999884 -0.004168 -0.014669 -0.000900 0.002822 0.995883 -0.090602 9.938600 0.014986 0.090550 0.995779 0.799700 0.000000 0.000000 0.000000 1.000000
0.999505 -0.003641 -0.031251 -0.000900 0.000934 0.996276 -0.086215 9.938600 0.031449 0.086143 0.995786 0.799700 0.000000 0.000000 0.000000 1.000000
0.999454 -0.010564 -0.031314 -0.000900 0.007950 0.996564 -0.082448 9.938600 0.032077 0.082154 0.996103 0.799700 0.000000 0.000000 0.000000 1.000000
0.999780 -0.010244 -0.018310 -0.000900 0.008620 0.996196 -0.086713 9.938600 0.019129 0.086536 0.996065 0.799700 0.000000 0.000000 0.000000 1.000000
0.999838 -0.010443 -0.014640 -0.000900 0.009078 0.995862 -0.090426 9.938600 0.015524 0.090279 0.995796 0.799700 0.000000 0.000000 0.000000 1.000000
0.999843 -0.010831 -0.014048 -0.000900 0.009542 0.996005 -0.088782 9.938600 0.014954 0.088634 0.995952 0.799700 0.000000 0.000000 0.000000 1.000000
0.999812 -0.008951 -0.017179 -0.000900 0.007380 0.995968 -0.089403 9.938600 0.017910 0.089260 0.995847 0.799700 0.000000 0.000000 0.000000 1.000000
0.999799 -0.007311 -0.018660 -0.000900 0.005572 0.995779 -0.091618 9.938600 0.019251 0.091496 0.995619 0.799700 0.000000 0.000000 0.000000 1.000000
0.999842 -0.004600 -0.017198 -0.000900 0.002951 0.995497 -0.094749 9.938600 0.017556 0.094683 0.995353 0.799700 0.000000 0.000000 0.000000 1.000000
0.999871 -0.000978 -0.016058 -0.000900 -0.000590 0.995251 -0.097345 9.938600 0.016077 0.097342 0.995121 0.799700 0.000000 0.000000 0.000000 1.000000
0.999865 0.002566 -0.016210 -0.000900 -0.004159 0.995076 -0.099024 9.938600 0.015876 0.099078 0.994953 0.799700 0.000000 0.000000 0.000000 1.000000
0.999835 0.005964 -0.017142 -0.000900 -0.007648 0.994963 -0.099950 9.938600 0.016459 0.100064 0.994845 0.799700 0.000000 0.000000 0.000000 1.000000
0.999804 0.008822 -0.017717 -0.000900 -0.010550 0.994937 -0.099943 9.938600 0.016745 0.100111 0.994835 0.799700 0.000000 0.000000 0.000000 1.000000
0.999781 0.010643 -0.018031 -0.000900 -0.012397 0.994898 -0.100119 9.938600 0.016873 0.100321 0.994812 0.799700 0.000000 0.000000 0.000000 1.000000
0.999765 0.011970 -0.018093 -0.000900 -0.013742 0.994772 -0.101194 9.938600 0.016787 0.101418 0.994702 0.799700 0.000000 0.000000 0.000000 1.000000
0.999748 0.013175 -0.018152 -0.000900 -0.014963 0.994655 -0.102162 9.938600 0.016709 0.102408 0.994602 0.799700 0.000000 0.000000 0.000000 1.000000
0.999748 0.013620 -0.017849 -0.000900 -0.015372 0.994659 -0.102062 9.938600 0.016363 0.102311 0.994618 0.799700 0.000000 0.000000 0.000000 1.000000
0.999768 0.012888 -0.017268 -0.000900 -0.014585 0.994675 -0.102024 9.938600 0.015861 0.102252 0.994632 0.799700 0.000000 0.000000 0.000000 1.000000
0.999801 0.011988 -0.015953 -0.000900 -0.013571 0.994576 -0.103127 9.938600 0.014630 0.103323 0.994540 0.799700 0.000000 0.000000 0.000000 1.000000
0.999846 0.010356 -0.014203 -0.000900 -0.011792 0.994391 -0.105104 9.938600 0.013035 0.105255 0.994360 0.799700 0.000000 0.000000 0.000000 1.000000
0.999881 0.007987 -0.013220 -0.000900 -0.009358 0.994206 -0.107086 9.938600 0.012288 0.107197 0.994162 0.799700 0.000000 0.000000 0.000000 1.000000
0.999907 0.005675 -0.012423 -0.000900 -0.007000 0.993978 -0.109353 9.938600 0.011727 0.109429 0.993925 0.799700 0.000000 0.000000 0.000000 1.000000
0.999927 0.004082 -0.011391 -0.000900 -0.005317 0.993853 -0.110580 9.938600 0.010869 0.110633 0.993802 0.799700 0.000000 0.000000 0.000000 1.000000
0.999934 0.003490 -0.010962 -0.000900 -0.004694 0.993713 -0.111857 9.938600 0.010503 0.111901 0.993664 0.799700 0.000000 0.000000 0.000000 1.000000
0.999928 0.004127 -0.011273 -0.000900 -0.005377 0.993550 -0.113264 9.938600 0.010732 0.113316 0.993501 0.799700 0.000000 0.000000 0.000000 1.000000
0.999918 0.006618 -0.010946 -0.000900 -0.007823 0.993446 -0.114036 9.938600 0.010119 0.114112 0.993416 0.799700 0.000000 0.000000 0.000000 1.000000
0.999905 0.009968 -0.009547 -0.000900 -0.011007 0.993200 -0.115902 9.938600 0.008327 0.115996 0.993215 0.799700 0.000000 0.000000 0.000000 1.000000
0.999882 0.013120 -0.007931 -0.000900 -0.013978 0.992670 -0.120045 9.938600 0.006297 0.120142 0.992737 0.799700 0.000000 0.000000 0.000000 1.000000
0.999816 0.017720 -0.007320 -0.000900 -0.018499 0.991918 -0.125526 9.938600 0.005037 0.125639 0.992063 0.799700 0.000000 0.000000 0.000000 1.000000
0.999717 0.022961 -0.006230 -0.000900 -0.023580 0.991101 -0.131005 9.938600 0.003166 0.131115 0.991362 0.799700 0.000000 0.000000 0.000000 1.000000
0.999591 0.028361 -0.003679 -0.000900 -0.028597 0.990200 -0.136694 9.938600 -0.000234 0.136743 0.990607 0.799700 0.000000 0.000000 0.000000 1.000000
0.999432 0.033671 -0.000970 -0.000900 -0.033471 0.989402 -0.141294 9.938600 -0.003798 0.141246 0.989967 0.799700 0.000000 0.000000 0.000000 1.000000
0.999294 0.037558 0.000676 -0.000900 -0.037068 0.988859 -0.144164 9.938600 -0.006083 0.144037 0.989554 0.799700 0.000000 0.000000 0.000000 1.000000
0.999190 0.040172 0.002490 -0.000900 -0.039367 0.988294 -0.147392 9.938600 -0.008381 0.147174 0.989075 0.799700 0.000000 0.000000 0.000000 1.000000
0.999061 0.042882 0.006129 -0.000900 -0.041483 0.987865 -0.149670 9.938600 -0.012472 0.149275 0.988717 0.799700 0.000000 0.000000 0.000000 1.000000
0.998971 0.044659 0.007848 -0.000900 -0.042946 0.987404 -0.152280 9.938600 -0.014550 0.151787 0.988306 0.799700 0.000000 0.000000 0.000000 1.000000
0.998941 0.045265 0.008209 -0.000900 -0.043431 0.986781 -0.156130 9.938600 -0.015167 0.155609 0.987702 0.799700 0.000000 0.000000 0.000000 1.000000
0.998895 0.046293 0.008094 -0.000900 -0.044414 0.986222 -0.159351 9.938600 -0.015359 0.158816 0.987189 0.799700 0.000000 0.000000 0.000000 1.000000
0.998834 0.047603 0.008060 -0.000900 -0.045673 0.985754 -0.161875 9.938600 -0.015651 0.161318 0.986778 0.799700 0.000000 0.000000 0.000000 1.000000
0.998795 0.048510 0.007421 -0.000900 -0.046632 0.985292 -0.164392 9.938600 -0.015286 0.163848 0.986367 0.799700 0.000000 0.000000 0.000000 1.000000
0.998756 0.049452 0.006398 -0.000900 -0.047696 0.984851 -0.166713 9.938600 -0.014545 0.166200 0.985985 0.799700 0.000000 0.000000 0.000000 1.000000
0.998684 0.050959 0.005721 -0.000900 -0.049274 0.984539 -0.168093 9.938600 -0.014198 0.167590 0.985755 0.799700 0.000000 0.000000 0.000000 1.000000
0.998648 0.051745 0.004936 -0.000900 -0.050168 0.984328 -0.169058 9.938600 -0.013607 0.168582 0.985594 0.799700 0.000000 0.000000 0.000000 1.000000
0.998655 0.051690 0.004059 -0.000900 -0.050250 0.984179 -0.169904 9.938600 -0.012778 0.169472 0.985452 0.799700 0.000000 0.000000 0.000000 1.000000
0.998644 0.051919 0.003933 -0.000900 -0.050494 0.984123 -0.170156 9.938600 -0.012705 0.169727 0.985409 0.799700 0.000000 0.000000 0.000000 1.000000
0.998624 0.052295 0.003953 -0.000900 -0.050864 0.984137 -0.169962 9.938600 -0.012778 0.169527 0.985443 0.799700 0.000000 0.000000 0.000000 1.000000</float_array>
        <technique_common>
          <accessor source="#mixamorig_Spine-Matrix-animation-output-transform-array" count="107" stride="16">
            <param type="float4x4"/>
          </accessor>
        </technique_common>
      </source>
      <source id="mixamorig_Spine-Interpolations">
        <Name_array id="mixamorig_Spine-Interpolations-array" count="107">
 LINEAR LINEAR LINEAR LINEAR LINEAR LINEAR LINEAR LINEAR LINEAR LINEAR LINEAR
LINEAR LINEAR LINEAR LINEAR LINEAR LINEAR LINEAR LINEAR LINEAR LINEAR LINEAR LINEAR
LINEAR LINEAR LINEAR LINEAR LINEAR LINEAR LINEAR LINEAR LINEAR LINEAR LINEAR LINEAR
LINEAR LINEAR LINEAR LINEAR LINEAR LINEAR LINEAR LINEAR LINEAR LINEAR LINEAR LINEAR
LINEAR LINEAR LINEAR LINEAR LINEAR LINEAR LINEAR LINEAR LINEAR LINEAR LINEAR LINEAR
LINEAR LINEAR LINEAR LINEAR LINEAR LINEAR LINEAR LINEAR LINEAR LINEAR LINEAR LINEAR
LINEAR LINEAR LINEAR LINEAR LINEAR LINEAR LINEAR LINEAR LINEAR LINEAR LINEAR LINEAR
LINEAR LINEAR LINEAR LINEAR LINEAR LINEAR LINEAR LINEAR LINEAR LINEAR LINEAR LINEAR
LINEAR LINEAR LINEAR LINEAR LINEAR LINEAR LINEAR LINEAR LINEAR LINEAR LINEAR LINEAR</Name_array>
        <technique_common>
          <accessor source="#mixamorig_Spine-Interpolations-array" count="107">
            <param type="name"/>
          </accessor>
        </technique_common>
      </source>
      <sampler id="mixamorig_Spine-Matrix-animation-transform">
        <input semantic="INPUT" source="#mixamorig_Spine-Matrix-animation-input"/>
        <input semantic="OUTPUT" source="#mixamorig_Spine-Matrix-animation-output-transform"/>
        <input semantic="INTERPOLATION" source="#mixamorig_Spine-Interpolations"/>
      </sampler>
      <channel source="#mixamorig_Spine-Matrix-animation-transform" target="mixamorig_Spine/matrix"/>
    </animation>
    <animation id="mixamorig_Spine1-anim" name="mixamorig_Spine1">
      <source id="mixamorig_Spine1-Matrix-animation-input">
        <float_array id="mixamorig_Spine1-Matrix-animation-input-array" count="107">

0.000000 0.033333 0.066667 0.100000 0.133333 0.166667 0.200000 0.233333 0.266667 0.300000 0.333333 0.366667 0.400000 0.433333 0.466667 0.500000
0.533333 0.566667 0.600000 0.633333 0.666667 0.700000 0.733333 0.766667 0.800000 0.833333 0.866667 0.900000 0.933333 0.966667 1.000000 1.033333
1.066667 1.100000 1.133333 1.166667 1.200000 1.233333 1.266667 1.300000 1.333333 1.366667 1.400000 1.433333 1.466667 1.500000 1.533333 1.566667
