<?xml version="1.0" encoding="utf-8"?>
<COLLADA xmlns="http://www.collada.org/2005/11/COLLADASchema" version="1.4.1">
  <asset>
    <contributor>
      <author>Mixamo</author>
      <authoring_tool>COLLADA Mixamo exporter</authoring_tool>
      <comments/>
    </contributor>
    <created>2024-12-01T05:45:50Z</created>
    <modified>2024-12-01T05:45:50Z</modified>
    <revision/>
    <title/>
    <unit meter="0.010000"/>
    <up_axis>Y_UP</up_axis>
  </asset>
  <library_animations>
    <animation id="mixamorig_Hips-anim" name="mixamorig_Hips">
      <source id="mixamorig_Hips-Matrix-animation-input">
        <float_array id="mixamorig_Hips-Matrix-animation-input-array" count="129">

0.000000 0.033333 0.066667 0.100000 0.133333 0.166667 0.200000 0.233333 0.266667 0.300000 0.333333 0.366667 0.400000 0.433333 0.466667 0.500000
0.533333 0.566667 0.600000 0.633333 0.666667 0.700000 0.733333 0.766667 0.800000 0.833333 0.866667 0.900000 0.933333 0.966667 1.000000 1.033333
1.066667 1.100000 1.133333 1.166667 1.200000 1.233333 1.266667 1.300000 1.333333 1.366667 1.400000 1.433333 1.466667 1.500000 1.533333 1.566667
1.600000 1.633333 1.666667 1.700000 1.733333 1.766667 1.800000 1.833333 1.866667 1.900000 1.933333 1.966667 2.000000 2.033333 2.066667 2.100000
2.133333 2.166667 2.200000 2.233333 2.266667 2.300000 2.333333 2.366667 2.400000 2.433333 2.466667 2.500000 2.533333 2.566667 2.600000 2.633333
2.666667 2.700000 2.733333 2.766667 2.800000 2.833333 2.866667 2.900000 2.933333 2.966667 3.000000 3.033333 3.066667 3.100000 3.133333 3.166667
3.200000 3.233333 3.266667 3.300000 3.333333 3.366667 3.400000 3.433333 3.466667 3.500000 3.533333 3.566667 3.600000 3.633333 3.666667 3.700000
3.733333 3.766667 3.800000 3.833333 3.866667 3.900000 3.933333 3.966667 4.000000 4.033333 4.066667 4.100000 4.133333 4.166667 4.200000 4.233333
4.266667</float_array>
        <technique_common>
          <accessor source="#mixamorig_Hips-Matrix-animation-input-array" count="129">
            <param name="TIME" type="float"/>
          </accessor>
        </technique_common>
      </source>
      <source id="mixamorig_Hips-Matrix-animation-output-transform">
        <float_array id="mixamorig_Hips-Matrix-animation-output-transform-array" count="2064">

0.990144 0.030940 -0.136594 -1.586214 -0.030119 0.999514 0.008074 103.829170 0.136778 -0.003880 0.990594 0.661034 0.000000 0.000000 0.000000 1.000000
0.990041 0.031313 -0.137254 -1.593612 -0.030507 0.999503 0.007967 103.828453 0.137435 -0.003701 0.990504 0.671110 0.000000 0.000000 0.000000 1.000000
0.989937 0.031608 -0.137933 -1.601934 -0.030857 0.999495 0.007580 103.828690 0.138103 -0.003248 0.990413 0.685066 0.000000 0.000000 0.000000 1.000000
0.989860 0.031746 -0.138456 -1.608874 -0.031102 0.999493 0.006811 103.829704 0.138602 -0.002436 0.990345 0.703609 0.000000 0.000000 0.000000 1.000000
0.989818 0.031785 -0.138743 -1.612534 -0.031293 0.999494 0.005728 103.831467 0.138855 -0.001328 0.990312 0.726548 0.000000 0.000000 0.000000 1.000000
0.989810 0.031899 -0.138777 -1.613419 -0.031571 0.999491 0.004568 103.834106 0.138852 -0.000140 0.990313 0.752694 0.000000 0.000000 0.000000 1.000000
0.989822 0.032162 -0.138626 -1.614510 -0.031975 0.999482 0.003579 103.837509 0.138669 0.000890 0.990338 0.780544 0.000000 0.000000 0.000000 1.000000
0.989837 0.032467 -0.138448 -1.617150 -0.032395 0.999471 0.002773 103.841522 0.138465 0.001740 0.990366 0.809655 0.000000 0.000000 0.000000 1.000000
0.989840 0.032640 -0.138389 -1.620319 -0.032687 0.999464 0.001931 103.845406 0.138378 0.002612 0.990376 0.840642 0.000000 0.000000 0.000000 1.000000
0.989831 0.032599 -0.138463 -1.622234 -0.032802 0.999462 0.000819 103.848541 0.138415 0.003731 0.990367 0.874145 0.000000 0.000000 0.000000 1.000000
0.989823 0.032413 -0.138565 -1.622513 -0.032818 0.999461 -0.000635 103.850967 0.138469 0.005176 0.990353 0.909880 0.000000 0.000000 0.000000 1.000000
0.989827 0.032196 -0.138587 -1.622356 -0.032844 0.999458 -0.002394 103.851837 0.138435 0.006921 0.990347 0.946880 0.000000 0.000000 0.000000 1.000000
0.989844 0.031916 -0.138530 -1.621880 -0.032847 0.999451 -0.004441 103.850883 0.138312 0.008946 0.990348 0.984188 0.000000 0.000000 0.000000 1.000000
0.989873 0.031468 -0.138421 -1.621046 -0.032713 0.999442 -0.006728 103.847427 0.138132 0.011188 0.990351 1.020635 0.000000 0.000000 0.000000 1.000000
0.989916 0.030956 -0.138231 -1.622317 -0.032530 0.999429 -0.009144 103.840668 0.137869 0.013548 0.990358 1.054960 0.000000 0.000000 0.000000 1.000000
0.989966 0.030685 -0.137933 -1.628668 -0.032593 0.999401 -0.011599 103.829811 0.137494 0.015978 0.990374 1.086353 0.000000 0.000000 0.000000 1.000000
0.990015 0.030788 -0.137557 -1.638539 -0.033076 0.999349 -0.014375 103.813316 0.137025 0.018782 0.990390 1.116146 0.000000 0.000000 0.000000 1.000000
0.990070 0.031065 -0.137098 -1.646896 -0.033813 0.999270 -0.017759 103.789726 0.136446 0.022218 0.990398 1.145633 0.000000 0.000000 0.000000 1.000000
0.990159 0.031228 -0.136416 -1.650481 -0.034522 0.999165 -0.021844 103.758171 0.135620 0.026339 0.990411 1.175175 0.000000 0.000000 0.000000 1.000000
0.990302 0.031163 -0.135388 -1.648749 -0.035099 0.999025 -0.026788 103.718094 0.134421 0.031281 0.990430 1.205791 0.000000 0.000000 0.000000 1.000000
0.990479 0.030925 -0.134144 -1.643098 -0.035591 0.998837 -0.032527 103.669357 0.132982 0.036992 0.990428 1.237414 0.000000 0.000000 0.000000 1.000000
0.990640 0.030586 -0.133032 -1.636968 -0.036035 0.998599 -0.038747 103.612450 0.131660 0.043178 0.990354 1.268528 0.000000 0.000000 0.000000 1.000000
0.990742 0.030210 -0.132353 -1.633958 -0.036476 0.998313 -0.045177 103.548195 0.130764 0.049586 0.990173 1.297743 0.000000 0.000000 0.000000 1.000000
0.990779 0.029884 -0.132148 -1.634566 -0.037004 0.997974 -0.051757 103.477112 0.130333 0.056170 0.989878 1.324743 0.000000 0.000000 0.000000 1.000000
0.990781 0.029708 -0.132179 -1.635798 -0.037719 0.997573 -0.058522 103.399887 0.130120 0.062968 0.989497 1.349584 0.000000 0.000000 0.000000 1.000000
0.990790 0.029694 -0.132112 -1.634588 -0.038609 0.997110 -0.065435 103.317665 0.129787 0.069933 0.989073 1.371766 0.000000 0.000000 0.000000 1.000000
0.990839 0.029731 -0.131732 -1.629403 -0.039521 0.996597 -0.072340 103.231819 0.129133 0.076883 0.988642 1.389928 0.000000 0.000000 0.000000 1.000000
0.990933 0.029647 -0.131043 -1.621063 -0.040254 0.996058 -0.079049 103.143593 0.128183 0.083608 0.988220 1.402558 0.000000 0.000000 0.000000 1.000000
0.991054 0.029248 -0.130220 -1.612234 -0.040600 0.995520 -0.085395 103.054642 0.127138 0.089918 0.987801 1.408522 0.000000 0.000000 0.000000 1.000000
0.991178 0.028381 -0.129460 -1.604790 -0.040390 0.995023 -0.091098 102.966751 0.126231 0.095523 0.987391 1.406422 0.000000 0.000000 0.000000 1.000000
0.991303 0.027103 -0.128780 -1.597800 -0.039659 0.994595 -0.095957 102.881104 0.125483 0.100229 0.987020 1.395772 0.000000 0.000000 0.000000 1.000000
0.991449 0.025768 -0.127929 -1.589147 -0.038774 0.994207 -0.100247 102.797638 0.124605 0.104350 0.986704 1.379369 0.000000 0.000000 0.000000 1.000000
0.991634 0.024826 -0.126670 -1.578712 -0.038241 0.993779 -0.104601 102.715485 0.123285 0.108570 0.986414 1.362441 0.000000 0.000000 0.000000 1.000000
0.991835 0.024445 -0.125160 -1.568937 -0.038281 0.993264 -0.109363 102.634392 0.121643 0.113261 0.986091 1.348697 0.000000 0.000000 0.000000 1.000000
0.992002 0.024413 -0.123838 -1.564878 -0.038692 0.992699 -0.114241 102.555374 0.120145 0.118118 0.985704 1.338138 0.000000 0.000000 0.000000 1.000000
0.992101 0.024464 -0.123031 -1.571693 -0.039177 0.992165 -0.118631 102.480446 0.119165 0.122514 0.985287 1.328932 0.000000 0.000000 0.000000 1.000000
0.992124 0.024621 -0.122812 -1.591481 -0.039732 0.991716 -0.122151 102.411034 0.118787 0.126069 0.984884 1.320292 0.000000 0.000000 0.000000 1.000000
0.992082 0.025056 -0.123067 -1.620383 -0.040508 0.991366 -0.124708 102.347977 0.118879 0.128706 0.984532 1.312545 0.000000 0.000000 0.000000 1.000000
0.992003 0.025697 -0.123574 -1.649699 -0.041400 0.991136 -0.126233 102.292374 0.119235 0.130339 0.984274 1.305267 0.000000 0.000000 0.000000 1.000000
0.991928 0.026230 -0.124060 -1.672101 -0.042044 0.991059 -0.126625 102.245255 0.119629 0.130819 0.984162 1.296903 0.000000 0.000000 0.000000 1.000000
0.991893 0.026471 -0.124288 -1.685864 -0.042265 0.991103 -0.126211 102.206543 0.119841 0.130440 0.984187 1.287788 0.000000 0.000000 0.000000 1.000000
0.991909 0.026514 -0.124150 -1.693659 -0.042204 0.991194 -0.125514 102.175896 0.119729 0.129738 0.984293 1.279185 0.000000 0.000000 0.000000 1.000000
0.991971 0.026533 -0.123651 -1.699963 -0.042051 0.991312 -0.124629 102.153549 0.119270 0.128828 0.984468 1.270045 0.000000 0.000000 0.000000 1.000000
0.992070 0.026658 -0.122830 -1.708009 -0.041931 0.991461 -0.123482 102.140007 0.118489 0.127653 0.984716 1.258615 0.000000 0.000000 0.000000 1.000000
0.992192 0.027005 -0.121757 -1.718067 -0.041981 0.991622 -0.122161 102.135101 0.117438 0.126319 0.985014 1.244642 0.000000 0.000000 0.000000 1.000000
0.992317 0.027635 -0.120593 -1.727901 -0.042319 0.991755 -0.120956 102.137901 0.116256 0.125130 0.985306 1.229717 0.000000 0.000000 0.000000 1.000000
0.992416 0.028433 -0.119592 -1.735458 -0.042881 0.991845 -0.120023 102.147644 0.115204 0.124241 0.985542 1.215425 0.000000 0.000000 0.000000 1.000000
0.992475 0.029110 -0.118938 -1.741193 -0.043378 0.991923 -0.119190 102.164040 0.114508 0.123452 0.985722 1.202171 0.000000 0.000000 0.000000 1.000000
0.992503 0.029404 -0.118630 -1.746451 -0.043510 0.992044 -0.118131 102.187119 0.114212 0.122407 0.985886 1.190091 0.000000 0.000000 0.000000 1.000000
0.992523 0.029248 -0.118505 -1.751308 -0.043167 0.992235 -0.116642 102.216537 0.114173 0.120886 0.986079 1.180370 0.000000 0.000000 0.000000 1.000000
0.992558 0.028764 -0.118324 -1.754978 -0.042437 0.992493 -0.114706 102.251495 0.114137 0.118874 0.986327 1.175292 0.000000 0.000000 0.000000 1.000000
0.992629 0.028110 -0.117889 -1.755728 -0.041452 0.992810 -0.112296 102.291382 0.113884 0.116355 0.986657 1.176756 0.000000 0.000000 0.000000 1.000000
0.992734 0.027279 -0.117195 -1.749835 -0.040179 0.993211 -0.109164 102.336273 0.113422 0.113080 0.987091 1.184692 0.000000 0.000000 0.000000 1.000000
0.992854 0.026039 -0.116457 -1.733341 -0.038357 0.993751 -0.104818 102.386848 0.113000 0.108536 0.987649 1.196696 0.000000 0.000000 0.000000 1.000000
0.992959 0.024276 -0.115945 -1.708134 -0.035859 0.994453 -0.098883 102.443726 0.112902 0.102344 0.988321 1.210151 0.000000 0.000000 0.000000 1.000000
0.993012 0.022327 -0.115883 -1.684488 -0.033079 0.995237 -0.091702 102.505753 0.113284 0.094894 0.989021 1.225795 0.000000 0.000000 0.000000 1.000000
0.992999 0.020679 -0.116298 -1.671746 -0.030616 0.995969 -0.084314 102.570572 0.114086 0.087284 0.989629 1.247660 0.000000 0.000000 0.000000 1.000000
0.992955 0.019492 -0.116880 -1.669762 -0.028695 0.996573 -0.077578 102.636116 0.114968 0.080385 0.990111 1.278338 0.000000 0.000000 0.000000 1.000000
0.992949 0.018618 -0.117074 -1.671004 -0.027113 0.997080 -0.071395 102.702522 0.115403 0.074066 0.990554 1.314802 0.000000 0.000000 0.000000 1.000000
0.993037 0.017868 -0.116439 -1.668327 -0.025579 0.997553 -0.065066 102.771156 0.114992 0.067591 0.991064 1.350830 0.000000 0.000000 0.000000 1.000000
0.993206 0.017097 -0.115104 -1.660838 -0.023934 0.998013 -0.058281 102.842842 0.113879 0.060639 0.991642 1.382813 0.000000 0.000000 0.000000 1.000000
0.993383 0.016183 -0.113703 -1.651211 -0.022141 0.998436 -0.051333 102.916435 0.112695 0.053511 0.992188 1.411128 0.000000 0.000000 0.000000 1.000000
0.993506 0.015050 -0.112778 -1.640943 -0.020201 0.998797 -0.044672 102.990715 0.111970 0.046660 0.992616 1.437764 0.000000 0.000000 0.000000 1.000000
0.993581 0.013743 -0.112289 -1.630133 -0.018179 0.999090 -0.038578 103.064812 0.111657 0.040371 0.992926 1.464468 0.000000 0.000000 0.000000 1.000000
0.993665 0.012461 -0.111689 -1.620420 -0.016230 0.999327 -0.032901 103.138374 0.111204 0.034506 0.993198 1.491210 0.000000 0.000000 0.000000 1.000000
0.993810 0.011373 -0.110510 -1.613890 -0.014453 0.999528 -0.027113 103.211975 0.110150 0.028542 0.993505 1.516054 0.000000 0.000000 0.000000 1.000000
0.994004 0.010440 -0.108847 -1.609929 -0.012789 0.999700 -0.020905 103.285767 0.108596 0.022171 0.993839 1.538162 0.000000 0.000000 0.000000 1.000000
0.994199 0.009550 -0.107131 -1.607253 -0.011167 0.999832 -0.014511 103.359085 0.106974 0.015623 0.994139 1.559533 0.000000 0.000000 0.000000 1.000000
0.994363 0.008705 -0.105676 -1.607911 -0.009641 0.999919 -0.008344 103.431366 0.105595 0.009316 0.994366 1.582897 0.000000 0.000000 0.000000 1.000000
0.994487 0.007922 -0.104558 -1.614738 -0.008236 0.999963 -0.002573 103.501907 0.104534 0.003420 0.994515 1.609651 0.000000 0.000000 0.000000 1.000000
0.994579 0.007174 -0.103738 -1.628137 -0.006907 0.999972 0.002933 103.569824 0.103756 -0.002201 0.994600 1.639135 0.000000 0.000000 0.000000 1.000000
0.994647 0.006437 -0.103134 -1.645217 -0.005605 0.999949 0.008360 103.635567 0.103182 -0.007738 0.994632 1.670033 0.000000 0.000000 0.000000 1.000000
0.994696 0.005711 -0.102700 -1.661698 -0.004323 0.999896 0.013741 103.699646 0.102768 -0.013224 0.994617 1.701713 0.000000 0.000000 0.000000 1.000000
0.994723 0.004996 -0.102479 -1.675565 -0.003061 0.999814 0.019029 103.762230 0.102555 -0.018615 0.994553 1.733962 0.000000 0.000000 0.000000 1.000000
0.994728 0.004286 -0.102459 -1.687666 -0.001826 0.999708 0.024096 103.823128 0.102532 -0.023782 0.994445 1.767102 0.000000 0.000000 0.000000 1.000000
0.994722 0.003509 -0.102543 -1.697890 -0.000552 0.999584 0.028844 103.881699 0.102601 -0.028636 0.994310 1.801325 0.000000 0.000000 0.000000 1.000000
0.994704 0.002512 -0.102751 -1.703282 0.000949 0.999434 0.033615 103.937561 0.102777 -0.033535 0.994139 1.834362 0.000000 0.000000 0.000000 1.000000
0.994658 0.001305 -0.103214 -1.702692 0.002722 0.999241 0.038862 103.990616 0.103186 -0.038935 0.993900 1.863488 0.000000 0.000000 0.000000 1.000000
0.994578 0.000140 -0.103995 -1.702548 0.004485 0.999011 0.044238 104.039658 0.103899 -0.044464 0.993593 1.890732 0.000000 0.000000 0.000000 1.000000
0.994457 -0.000749 -0.105146 -1.711956 0.005920 0.998787 0.048881 104.083054 0.104982 -0.049232 0.993255 1.920963 0.000000 0.000000 0.000000 1.000000
0.994293 -0.001311 -0.106672 -1.732524 0.006953 0.998595 0.052537 104.120186 0.106454 -0.052979 0.992905 1.955346 0.000000 0.000000 0.000000 1.000000
0.994122 -0.001587 -0.108252 -1.756748 0.007647 0.998425 0.055586 104.151711 0.107993 -0.056088 0.992568 1.991426 0.000000 0.000000 0.000000 1.000000
0.994007 -0.001638 -0.109308 -1.776090 0.008049 0.998270 0.058236 104.177544 0.109023 -0.058767 0.992301 2.027812 0.000000 0.000000 0.000000 1.000000
0.993975 -0.001667 -0.109592 -1.787339 0.008336 0.998138 0.060421 104.197685 0.109288 -0.060970 0.992139 2.064399 0.000000 0.000000 0.000000 1.000000
0.993987 -0.001968 -0.109481 -1.790935 0.008834 0.998020 0.062269 104.212570 0.109142 -0.062862 0.992037 2.099629 0.000000 0.000000 0.000000 1.000000
0.993977 -0.002619 -0.109560 -1.787613 0.009681 0.997904 0.063978 104.222931 0.109163 -0.064653 0.991919 2.131579 0.000000 0.000000 0.000000 1.000000
0.993925 -0.003341 -0.110007 -1.779859 0.010590 0.997805 0.065374 104.229034 0.109547 -0.066142 0.991779 2.160836 0.000000 0.000000 0.000000 1.000000
0.993860 -0.003774 -0.110582 -1.772676 0.011141 0.997752 0.066082 104.231033 0.110084 -0.066908 0.991668 2.189301 0.000000 0.000000 0.000000 1.000000
0.993811 -0.003841 -0.111018 -1.769002 0.011216 0.997765 0.065880 104.229401 0.110517 -0.066717 0.991632 2.217884 0.000000 0.000000 0.000000 1.000000
0.993785 -0.003768 -0.111256 -1.767209 0.011039 0.997837 0.064810 104.224838 0.110771 -0.065636 0.991676 2.245905 0.000000 0.000000 0.000000 1.000000
0.993763 -0.003783 -0.111444 -1.765236 0.010880 0.997945 0.063138 104.218277 0.110977 -0.063957 0.991763 2.271592 0.000000 0.000000 0.000000 1.000000
0.993721 -0.003938 -0.111818 -1.762784 0.010832 0.998072 0.061118 104.210396 0.111362 -0.061946 0.991847 2.293493 0.000000 0.000000 0.000000 1.000000
0.993640 -0.004202 -0.112526 -1.760605 0.010872 0.998215 0.058728 104.201645 0.112078 -0.059578 0.991912 2.311960 0.000000 0.000000 0.000000 1.000000
0.993519 -0.004555 -0.113573 -1.759289 0.010955 0.998382 0.055793 104.191963 0.113135 -0.056676 0.991962 2.328423 0.000000 0.000000 0.000000 1.000000
0.993368 -0.004943 -0.114872 -1.758230 0.011025 0.998567 0.052377 104.181473 0.114449 -0.053296 0.991998 2.343111 0.000000 0.000000 0.000000 1.000000
0.993203 -0.005253 -0.116280 -1.756908 0.010994 0.998749 0.048789 104.170387 0.115879 -0.049736 0.992017 2.354890 0.000000 0.000000 0.000000 1.000000
0.993041 -0.005397 -0.117649 -1.755365 0.010793 0.998916 0.045272 104.158821 0.117277 -0.046227 0.992023 2.362870 0.000000 0.000000 0.000000 1.000000
0.992893 -0.005377 -0.118888 -1.753649 0.010419 0.999071 0.041826 104.146484 0.118553 -0.042767 0.992026 2.367422 0.000000 0.000000 0.000000 1.000000
0.992758 -0.005254 -0.120020 -1.751714 0.009915 0.999218 0.038269 104.132965 0.119725 -0.039182 0.992034 2.369767 0.000000 0.000000 0.000000 1.000000
0.992624 -0.005075 -0.121131 -1.749192 0.009315 0.999363 0.034463 104.117859 0.120879 -0.035337 0.992038 2.370725 0.000000 0.000000 0.000000 1.000000
0.992493 -0.004844 -0.122207 -1.745952 0.008619 0.999501 0.030381 104.101097 0.121999 -0.031207 0.992040 2.370428 0.000000 0.000000 0.000000 1.000000
0.992379 -0.004584 -0.123134 -1.742332 0.007841 0.999632 0.025984 104.082687 0.122969 -0.026752 0.992050 2.369154 0.000000 0.000000 0.000000 1.000000
0.992288 -0.004384 -0.123880 -1.739613 0.007060 0.999751 0.021164 104.062592 0.123756 -0.021875 0.992071 2.367733 0.000000 0.000000 0.000000 1.000000
0.992204 -0.004325 -0.124548 -1.740629 0.006346 0.999854 0.015834 104.040947 0.124461 -0.016501 0.992087 2.367097 0.000000 0.000000 0.000000 1.000000
0.992126 -0.004363 -0.125170 -1.747739 0.005669 0.999933 0.010075 104.018173 0.125118 -0.010705 0.992084 2.367573 0.000000 0.000000 0.000000 1.000000
0.992072 -0.004341 -0.125592 -1.757735 0.004901 0.999979 0.004149 103.993248 0.125572 -0.004732 0.992073 2.368384 0.000000 0.000000 0.000000 1.000000
0.992070 -0.004306 -0.125613 -1.767174 0.004113 0.999990 -0.001798 103.970810 0.125619 0.001267 0.992078 2.370922 0.000000 0.000000 0.000000 1.000000
0.992113 -0.004283 -0.125276 -1.772303 0.003324 0.999964 -0.007864 103.949081 0.125305 0.007386 0.992091 2.377262 0.000000 0.000000 0.000000 1.000000
0.992153 -0.004258 -0.124960 -1.772488 0.002512 0.999897 -0.014122 103.928047 0.125007 0.013697 0.992061 2.389644 0.000000 0.000000 0.000000 1.000000
0.992147 -0.004004 -0.125013 -1.771453 0.001463 0.999791 -0.020413 103.907928 0.125069 0.020070 0.991945 2.409032 0.000000 0.000000 0.000000 1.000000
0.992086 -0.003346 -0.125518 -1.775113 0.000034 0.999652 -0.026374 103.889313 0.125562 0.026161 0.991741 2.434814 0.000000 0.000000 0.000000 1.000000
0.991973 -0.002624 -0.126420 -1.786082 -0.001386 0.999499 -0.031620 103.873047 0.126439 0.031542 0.991473 2.465364 0.000000 0.000000 0.000000 1.000000
0.991832 -0.002515 -0.127530 -1.802978 -0.002065 0.999358 -0.035769 103.859818 0.127538 0.035740 0.991190 2.498137 0.000000 0.000000 0.000000 1.000000
0.991735 -0.003187 -0.128264 -1.827782 -0.001748 0.999263 -0.038343 103.849983 0.128291 0.038250 0.990999 2.529633 0.000000 0.000000 0.000000 1.000000
0.991812 -0.003884 -0.127646 -1.865171 -0.001101 0.999240 -0.038958 103.844566 0.127701 0.038780 0.991054 2.557023 0.000000 0.000000 0.000000 1.000000
0.992171 -0.003574 -0.124837 -1.912067 -0.001119 0.999296 -0.037509 103.846069 0.124883 0.037355 0.991468 2.578932 0.000000 0.000000 0.000000 1.000000
0.992791 -0.002162 -0.119840 -1.962780 -0.001996 0.999400 -0.034566 103.854622 0.119843 0.034556 0.992191 2.596173 0.000000 0.000000 0.000000 1.000000
0.993506 -0.000638 -0.113782 -2.016502 -0.002955 0.999502 -0.031406 103.863297 0.113745 0.031538 0.993009 2.611431 0.000000 0.000000 0.000000 1.000000
0.994121 0.000327 -0.108270 -2.064720 -0.003499 0.999570 -0.029106 103.869888 0.108214 0.029313 0.993695 2.627281 0.000000 0.000000 0.000000 1.000000
0.994545 0.000734 -0.104308 -2.101976 -0.003660 0.999605 -0.027863 103.874985 0.104247 0.028092 0.994155 2.642038 0.000000 0.000000 0.000000 1.000000
0.994797 0.001071 -0.101868 -2.132828 -0.003860 0.999623 -0.027188 103.878883 0.101801 0.027439 0.994426 2.650676 0.000000 0.000000 0.000000 1.000000
0.994943 0.001751 -0.100423 -2.167676 -0.004426 0.999641 -0.026419 103.881981 0.100341 0.026730 0.994594 2.647801 0.000000 0.000000 0.000000 1.000000
0.995023 0.002637 -0.099610 -2.210827 -0.005175 0.999668 -0.025226 103.884621 0.099510 0.025616 0.994707 2.630356 0.000000 0.000000 0.000000 1.000000
0.995061 0.003063 -0.099223 -2.257340 -0.005467 0.999698 -0.023966 103.885056 0.099120 0.024390 0.994777 2.599687 0.000000 0.000000 0.000000 1.000000
0.995098 0.002376 -0.098869 -2.301517 -0.004713 0.999715 -0.023408 103.880203 0.098785 0.023759 0.994825 2.560109 0.000000 0.000000 0.000000 1.000000
0.995181 0.000752 -0.098051 -2.336713 -0.003116 0.999708 -0.023959 103.873291 0.098004 0.024149 0.994893 2.516586 0.000000 0.000000 0.000000 1.000000
0.995320 -0.001094 -0.096632 -2.358005 -0.001335 0.999685 -0.025059 103.865738 0.096629 0.025071 0.995005 2.468936 0.000000 0.000000 0.000000 1.000000
0.995481 -0.002673 -0.094919 -2.364379 0.000202 0.999661 -0.026035 103.859383 0.094957 0.025898 0.995144 2.416791 0.000000 0.000000 0.000000 1.000000
0.995654 -0.003748 -0.093053 -2.358751 0.001262 0.999641 -0.026759 103.854477 0.093120 0.026526 0.995301 2.362806 0.000000 0.000000 0.000000 1.000000</float_array>
        <technique_common>
          <accessor source="#mixamorig_Hips-Matrix-animation-output-transform-array" count="129" stride="16">
            <param type="float4x4"/>
          </accessor>
        </technique_common>
      </source>
      <source id="mixamorig_Hips-Interpolations">
        <Name_array id="mixamorig_Hips-Interpolations-array" count="129">
 LINEAR LINEAR LINEAR LINEAR LINEAR LINEAR LINEAR LINEAR LINEAR LINEAR LINEAR
LINEAR LINEAR LINEAR LINEAR LINEAR LINEAR LINEAR LINEAR LINEAR LINEAR LINEAR LINEAR
LINEAR LINEAR LINEAR LINEAR LINEAR LINEAR LINEAR LINEAR LINEAR LINEAR LINEAR LINEAR
LINEAR LINEAR LINEAR LINEAR LINEAR LINEAR LINEAR LINEAR LINEAR LINEAR LINEAR LINEAR
LINEAR LINEAR LINEAR LINEAR LINEAR LINEAR LINEAR LINEAR LINEAR LINEAR LINEAR LINEAR
LINEAR LINEAR LINEAR LINEAR LINEAR LINEAR LINEAR LINEAR LINEAR LINEAR LINEAR LINEAR
LINEAR LINEAR LINEAR LINEAR LINEAR LINEAR LINEAR LINEAR LINEAR LINEAR LINEAR LINEAR
LINEAR LINEAR LINEAR LINEAR LINEAR LINEAR LINEAR LINEAR LINEAR LINEAR LINEAR LINEAR
LINEAR LINEAR LINEAR LINEAR LINEAR LINEAR LINEAR LINEAR LINEAR LINEAR LINEAR LINEAR
LINEAR LINEAR LINEAR LINEAR LINEAR LINEAR LINEAR LINEAR LINEAR LINEAR LINEAR LINEAR
LINEAR LINEAR LINEAR LINEAR LINEAR LINEAR LINEAR LINEAR LINEAR LINEAR</Name_array>
        <technique_common>
          <accessor source="#mixamorig_Hips-Interpolations-array" count="129">
            <param type="name"/>
          </accessor>
        </technique_common>
      </source>
      <sampler id="mixamorig_Hips-Matrix-animation-transform">
        <input semantic="INPUT" source="#mixamorig_Hips-Matrix-animation-input"/>
        <input semantic="OUTPUT" source="#mixamorig_Hips-Matrix-animation-output-transform"/>
        <input semantic="INTERPOLATION" source="#mixamorig_Hips-Interpolations"/>
      </sampler>
      <channel source="#mixamorig_Hips-Matrix-animation-transform" target="mixamorig_Hips/matrix"/>
    </animation>
    <animation id="mixamorig_Spine-anim" name="mixamorig_Spine">
      <source id="mixamorig_Spine-Matrix-animation-input">
        <float_array id="mixamorig_Spine-Matrix-animation-input-array" count="129">

0.000000 0.033333 0.066667 0.100000 0.133333 0.166667 0.200000 0.233333 0.266667 0.300000 0.333333 0.366667 0.400000 0.433333 0.466667 0.500000
0.533333 0.566667 0.600000 0.633333 0.666667 0.700000 0.733333 0.766667 0.800000 0.833333 0.866667 0.900000 0.933333 0.966667 1.000000 1.033333
1.066667 1.100000 1.133333 1.166667 1.200000 1.233333 1.266667 1.300000 1.333333 1.366667 1.400000 1.433333 1.466667 1.500000 1.533333 1.566667
1.600000 1.633333 1.666667 1.700000 1.733333 1.766667 1.800000 1.833333 1.866667 1.900000 1.933333 1.966667 2.000000 2.033333 2.066667 2.100000
2.133333 2.166667 2.200000 2.233333 2.266667 2.300000 2.333333 2.366667 2.400000 2.433333 2.466667 2.500000 2.533333 2.566667 2.600000 2.633333
2.666667 2.700000 2.733333 2.766667 2.800000 2.833333 2.866667 2.900000 2.933333 2.966667 3.000000 3.033333 3.066667 3.100000 3.133333 3.166667
3.200000 3.233333 3.266667 3.300000 3.333333 3.366667 3.400000 3.433333 3.466667 3.500000 3.533333 3.566667 3.600000 3.633333 3.666667 3.700000
3.733333 3.766667 3.800000 3.833333 3.866667 3.900000 3.933333 3.966667 4.000000 4.033333 4.066667 4.100000 4.133333 4.166667 4.200000 4.233333
4.266667</float_array>
        <technique_common>
          <accessor source="#mixamorig_Spine-Matrix-animation-input-array" count="129">
            <param name="TIME" type="float"/>
          </accessor>
        </technique_common>
      </source>
      <source id="mixamorig_Spine-Matrix-animation-output-transform">
        <float_array id="mixamorig_Spine-Matrix-animation-output-transform-array" count="2064">

0.999932 0.001443 0.011614 0.004700 -0.002481 0.995951 0.089863 5.245300 -0.011437 -0.089886 0.995886 0.258800 0.000000 0.000000 0.000000 1.000000
0.999930 0.001436 0.011741 0.004700 -0.002476 0.996030 0.088984 5.245300 -0.011567 -0.089007 0.995964 0.258800 0.000000 0.000000 0.000000 1.000000
0.999929 0.001504 0.011823 0.004700 -0.002541 0.996100 0.088192 5.245300 -0.011644 -0.088216 0.996033 0.258800 0.000000 0.000000 0.000000 1.000000
0.999929 0.001683 0.011831 0.004700 -0.002713 0.996157 0.087546 5.245300 -0.011638 -0.087572 0.996090 0.258800 0.000000 0.000000 0.000000 1.000000
0.999929 0.001932 0.011734 0.004700 -0.002945 0.996207 0.086960 5.245300 -0.011521 -0.086989 0.996143 0.258800 0.000000 0.000000 0.000000 1.000000
0.999931 0.002155 0.011533 0.004700 -0.003142 0.996271 0.086224 5.245300 -0.011304 -0.086255 0.996209 0.258800 0.000000 0.000000 0.000000 1.000000
0.999934 0.002332 0.011285 0.004700 -0.003284 0.996363 0.085142 5.245300 -0.011045 -0.085173 0.996305 0.258800 0.000000 0.000000 0.000000 1.000000
0.999936 0.002506 0.011069 0.004700 -0.003424 0.996482 0.083735 5.245300 -0.010820 -0.083768 0.996427 0.258800 0.000000 0.000000 0.000000 1.000000
0.999936 0.002721 0.010937 0.004700 -0.003611 0.996608 0.082217 5.245300 -0.010676 -0.082251 0.996554 0.258800 0.000000 0.000000 0.000000 1.000000
0.999936 0.002985 0.010888 0.004700 -0.003855 0.996724 0.080782 5.245300 -0.010611 -0.080819 0.996672 0.258800 0.000000 0.000000 0.000000 1.000000
0.999935 0.003259 0.010884 0.004700 -0.004113 0.996830 0.079453 5.245300 -0.010590 -0.079492 0.996779 0.258800 0.000000 0.000000 0.000000 1.000000
0.999935 0.003500 0.010893 0.004700 -0.004341 0.996933 0.078141 5.245300 -0.010586 -0.078183 0.996883 0.258800 0.000000 0.000000 0.000000 1.000000
0.999934 0.003752 0.010904 0.004700 -0.004578 0.997037 0.076781 5.245300 -0.010583 -0.076826 0.996988 0.258800 0.000000 0.000000 0.000000 1.000000
0.999932 0.004140 0.010927 0.004700 -0.004951 0.997150 0.075277 5.245300 -0.010584 -0.075326 0.997103 0.258800 0.000000 0.000000 0.000000 1.000000
0.999929 0.004692 0.010982 0.004700 -0.005487 0.997282 0.073474 5.245300 -0.010608 -0.073529 0.997237 0.258800 0.000000 0.000000 0.000000 1.000000
0.999924 0.005268 0.011104 0.004700 -0.006046 0.997443 0.071209 5.245300 -0.010701 -0.071271 0.997400 0.258800 0.000000 0.000000 0.000000 1.000000
0.999919 0.005682 0.011350 0.004700 -0.006448 0.997617 0.068694 5.245300 -0.010932 -0.068762 0.997573 0.258800 0.000000 0.000000 0.000000 1.000000
0.999913 0.005947 0.011764 0.004700 -0.006712 0.997792 0.066074 5.245300 -0.011345 -0.066147 0.997745 0.258800 0.000000 0.000000 0.000000 1.000000
0.999904 0.006273 0.012320 0.004700 -0.007040 0.997973 0.063241 5.245300 -0.011898 -0.063322 0.997922 0.258800 0.000000 0.000000 0.000000 1.000000
0.999894 0.006808 0.012898 0.004700 -0.007574 0.998153 0.060283 5.245300 -0.012464 -0.060374 0.998098 0.258800 0.000000 0.000000 0.000000 1.000000
0.999882 0.007603 0.013369 0.004700 -0.008356 0.998327 0.057217 5.245300 -0.012912 -0.057322 0.998272 0.258800 0.000000 0.000000 0.000000 1.000000
0.999869 0.008652 0.013698 0.004700 -0.009379 0.998503 0.053890 5.245300 -0.013211 -0.054011 0.998453 0.258800 0.000000 0.000000 0.000000 1.000000
0.999854 0.009835 0.013949 0.004700 -0.010524 0.998686 0.050160 5.245300 -0.013437 -0.050299 0.998644 0.258800 0.000000 0.000000 0.000000 1.000000
0.999840 0.010920 0.014190 0.004700 -0.011562 0.998874 0.046009 5.245300 -0.013671 -0.046166 0.998840 0.258800 0.000000 0.000000 0.000000 1.000000
0.999828 0.011720 0.014401 0.004700 -0.012308 0.999064 0.041470 5.245300 -0.013902 -0.041640 0.999036 0.258800 0.000000 0.000000 0.000000 1.000000
0.999819 0.012279 0.014499 0.004700 -0.012802 0.999249 0.036568 5.245300 -0.014039 -0.036747 0.999226 0.258800 0.000000 0.000000 0.000000 1.000000
0.999814 0.012785 0.014432 0.004700 -0.013233 0.999422 0.031328 5.245300 -0.014023 -0.031513 0.999405 0.258800 0.000000 0.000000 0.000000 1.000000
0.999809 0.013371 0.014258 0.004700 -0.013737 0.999572 0.025848 5.245300 -0.013906 -0.026039 0.999564 0.258800 0.000000 0.000000 0.000000 1.000000
0.999801 0.014085 0.014101 0.004700 -0.014369 0.999692 0.020249 5.245300 -0.013812 -0.020447 0.999696 0.258800 0.000000 0.000000 0.000000 1.000000
0.999789 0.014959 0.014056 0.004700 -0.015163 0.999780 0.014460 5.245300 -0.013836 -0.014670 0.999797 0.258800 0.000000 0.000000 0.000000 1.000000
0.999774 0.015934 0.014098 0.004700 -0.016053 0.999836 0.008374 5.245300 -0.013963 -0.008599 0.999866 0.258800 0.000000 0.000000 0.000000 1.000000
0.999761 0.016721 0.014108 0.004700 -0.016755 0.999857 0.002300 5.245300 -0.014068 -0.002536 0.999898 0.258800 0.000000 0.000000 0.000000 1.000000
0.999759 0.016951 0.013968 0.004700 -0.016909 0.999852 -0.003086 5.245300 -0.014019 0.002849 0.999898 0.258800 0.000000 0.000000 0.000000 1.000000
0.999770 0.016550 0.013667 0.004700 -0.016451 0.999838 -0.007328 5.245300 -0.013786 0.007102 0.999880 0.258800 0.000000 0.000000 0.000000 1.000000
0.999785 0.015897 0.013312 0.004700 -0.015758 0.999820 -0.010532 5.245300 -0.013477 0.010320 0.999856 0.258800 0.000000 0.000000 0.000000 1.000000
0.999795 0.015461 0.013050 0.004700 -0.015290 0.999797 -0.013091 5.245300 -0.013250 0.012888 0.999829 0.258800 0.000000 0.000000 0.000000 1.000000
0.999798 0.015350 0.012958 0.004700 -0.015152 0.999769 -0.015213 5.245300 -0.013189 0.015014 0.999800 0.258800 0.000000 0.000000 0.000000 1.000000
0.999798 0.015337 0.013027 0.004700 -0.015115 0.999742 -0.016936 5.245300 -0.013283 0.016736 0.999772 0.258800 0.000000 0.000000 0.000000 1.000000
0.999797 0.015240 0.013210 0.004700 -0.014996 0.999718 -0.018421 5.245300 -0.013487 0.018219 0.999743 0.258800 0.000000 0.000000 0.000000 1.000000
0.999795 0.015112 0.013468 0.004700 -0.014842 0.999691 -0.019961 5.245300 -0.013765 0.019757 0.999710 0.258800 0.000000 0.000000 0.000000 1.000000
0.999793 0.014995 0.013765 0.004700 -0.014699 0.999664 -0.021366 5.245300 -0.014080 0.021160 0.999677 0.258800 0.000000 0.000000 0.000000 1.000000
0.999791 0.014847 0.014046 0.004700 -0.014533 0.999648 -0.022187 5.245300 -0.014371 0.021978 0.999655 0.258800 0.000000 0.000000 0.000000 1.000000
0.999790 0.014709 0.014261 0.004700 -0.014387 0.999645 -0.022429 5.245300 -0.014586 0.022219 0.999647 0.258800 0.000000 0.000000 0.000000 1.000000
0.999789 0.014651 0.014388 0.004700 -0.014328 0.999649 -0.022276 5.245300 -0.014710 0.022065 0.999648 0.258800 0.000000 0.000000 0.000000 1.000000
0.999789 0.014610 0.014429 0.004700 -0.014294 0.999661 -0.021754 5.245300 -0.014742 0.021543 0.999659 0.258800 0.000000 0.000000 0.000000 1.000000
0.999792 0.014414 0.014398 0.004700 -0.014115 0.999687 -0.020661 5.245300 -0.014691 0.020453 0.999683 0.258800 0.000000 0.000000 0.000000 1.000000
0.999799 0.013994 0.014330 0.004700 -0.013722 0.999728 -0.018862 5.245300 -0.014590 0.018661 0.999719 0.258800 0.000000 0.000000 0.000000 1.000000
0.999807 0.013480 0.014269 0.004700 -0.013244 0.999776 -0.016485 5.245300 -0.014488 0.016293 0.999762 0.258800 0.000000 0.000000 0.000000 1.000000
0.999814 0.013029 0.014242 0.004700 -0.012833 0.999823 -0.013778 5.245300 -0.014419 0.013593 0.999804 0.258800 0.000000 0.000000 0.000000 1.000000
0.999819 0.012643 0.014238 0.004700 -0.012489 0.999863 -0.010865 5.245300 -0.014373 0.010685 0.999840 0.258800 0.000000 0.000000 0.000000 1.000000
0.999825 0.012184 0.014206 0.004700 -0.012076 0.999898 -0.007682 5.245300 -0.014299 0.007509 0.999870 0.258800 0.000000 0.000000 0.000000 1.000000
0.999835 0.011512 0.014075 0.004700 -0.011455 0.999926 -0.004151 5.245300 -0.014122 0.003989 0.999892 0.258800 0.000000 0.000000 0.000000 1.000000
0.999848 0.010643 0.013774 0.004700 -0.010638 0.999943 -0.000405 5.245300 -0.013778 0.000258 0.999905 0.258800 0.000000 0.000000 0.000000 1.000000
0.999864 0.009811 0.013279 0.004700 -0.009854 0.999947 0.003143 5.245300 -0.013247 -0.003273 0.999907 0.258800 0.000000 0.000000 0.000000 1.000000
0.999878 0.009236 0.012628 0.004700 -0.009314 0.999938 0.006102 5.245300 -0.012571 -0.006219 0.999902 0.258800 0.000000 0.000000 0.000000 1.000000
0.999890 0.008800 0.011908 0.004700 -0.008904 0.999922 0.008721 5.245300 -0.011831 -0.008826 0.999891 0.258800 0.000000 0.000000 0.000000 1.000000
0.999904 0.008152 0.011213 0.004700 -0.008286 0.999895 0.011909 5.245300 -0.011115 -0.012001 0.999866 0.258800 0.000000 0.000000 0.000000 1.000000
0.999919 0.007078 0.010599 0.004700 -0.007251 0.999839 0.016410 5.245300 -0.010482 -0.016485 0.999809 0.258800 0.000000 0.000000 0.000000 1.000000
0.999934 0.005628 0.010049 0.004700 -0.005848 0.999740 0.022040 5.245300 -0.009922 -0.022097 0.999707 0.258800 0.000000 0.000000 0.000000 1.000000
0.999947 0.004003 0.009485 0.004700 -0.004267 0.999599 0.028011 5.245300 -0.009369 -0.028050 0.999563 0.258800 0.000000 0.000000 0.000000 1.000000
0.999958 0.002443 0.008839 0.004700 -0.002741 0.999422 0.033879 5.245300 -0.008751 -0.033902 0.999387 0.258800 0.000000 0.000000 0.000000 1.000000
0.999967 0.001124 0.008102 0.004700 -0.001445 0.999209 0.039742 5.245300 -0.008051 -0.039752 0.999177 0.258800 0.000000 0.000000 0.000000 1.000000
0.999973 0.000063 0.007341 0.004700 -0.000400 0.998948 0.045857 5.245300 -0.007331 -0.045859 0.998921 0.258800 0.000000 0.000000 0.000000 1.000000
0.999977 -0.000893 0.006651 0.004700 0.000543 0.998626 0.052403 5.245300 -0.006689 -0.052398 0.998604 0.258800 0.000000 0.000000 0.000000 1.000000
0.999979 -0.001944 0.006106 0.004700 0.001579 0.998244 0.059218 5.245300 -0.006210 -0.059208 0.998226 0.258800 0.000000 0.000000 0.000000 1.000000
0.999979 -0.003151 0.005734 0.004700 0.002767 0.997831 0.065774 5.245300 -0.005929 -0.065756 0.997818 0.258800 0.000000 0.000000 0.000000 1.000000
0.999975 -0.004418 0.005487 0.004700 0.004013 0.997418 0.071697 5.245300 -0.005790 -0.071673 0.997411 0.258800 0.000000 0.000000 0.000000 1.000000
0.999970 -0.005640 0.005263 0.004700 0.005218 0.997008 0.077121 5.245300 -0.005682 -0.077091 0.997008 0.258800 0.000000 0.000000 0.000000 1.000000
0.999964 -0.006805 0.004974 0.004700 0.006372 0.996579 0.082401 5.245300 -0.005517 -0.082367 0.996587 0.258800 0.000000 0.000000 0.000000 1.000000
0.999958 -0.007877 0.004622 0.004700 0.007442 0.996118 0.087714 5.245300 -0.005295 -0.087676 0.996135 0.258800 0.000000 0.000000 0.000000 1.000000
0.999952 -0.008821 0.004282 0.004700 0.008385 0.995634 0.092963 5.245300 -0.005083 -0.092923 0.995660 0.258800 0.000000 0.000000 0.000000 1.000000
0.999945 -0.009644 0.004028 0.004700 0.009203 0.995146 0.097973 5.245300 -0.004954 -0.097931 0.995181 0.258800 0.000000 0.000000 0.000000 1.000000
0.999938 -0.010399 0.003879 0.004700 0.009946 0.994665 0.102679 5.245300 -0.004926 -0.102634 0.994707 0.258800 0.000000 0.000000 0.000000 1.000000
0.999931 -0.011105 0.003797 0.004700 0.010634 0.994193 0.107085 5.245300 -0.004964 -0.107038 0.994243 0.258800 0.000000 0.000000 0.000000 1.000000
0.999924 -0.011742 0.003732 0.004700 0.011253 0.993720 0.111330 5.245300 -0.005016 -0.111279 0.993777 0.258800 0.000000 0.000000 0.000000 1.000000
0.999918 -0.012259 0.003672 0.004700 0.011753 0.993231 0.115558 5.245300 -0.005064 -0.115506 0.993294 0.258800 0.000000 0.000000 0.000000 1.000000
0.999914 -0.012576 0.003675 0.004700 0.012047 0.992767 0.119453 5.245300 -0.005151 -0.119398 0.992833 0.258800 0.000000 0.000000 0.000000 1.000000
0.999912 -0.012712 0.003827 0.004700 0.012148 0.992392 0.122520 5.245300 -0.005356 -0.122463 0.992459 0.258800 0.000000 0.000000 0.000000 1.000000
0.999909 -0.012801 0.004145 0.004700 0.012183 0.992080 0.125018 5.245300 -0.005712 -0.124956 0.992146 0.258800 0.000000 0.000000 0.000000 1.000000
0.999906 -0.012922 0.004566 0.004700 0.012233 0.991738 0.127692 5.245300 -0.006178 -0.127624 0.991803 0.258800 0.000000 0.000000 0.000000 1.000000
0.999902 -0.013061 0.005016 0.004700 0.012294 0.991348 0.130681 5.245300 -0.006679 -0.130607 0.991412 0.258800 0.000000 0.000000 0.000000 1.000000
0.999898 -0.013224 0.005426 0.004700 0.012381 0.990967 0.133536 5.245300 -0.007142 -0.133455 0.991029 0.258800 0.000000 0.000000 0.000000 1.000000
0.999893 -0.013450 0.005721 0.004700 0.012547 0.990623 0.136047 5.245300 -0.007497 -0.135961 0.990686 0.258800 0.000000 0.000000 0.000000 1.000000
0.999889 -0.013667 0.005856 0.004700 0.012727 0.990310 0.138288 5.245300 -0.007690 -0.138198 0.990375 0.258800 0.000000 0.000000 0.000000 1.000000
0.999889 -0.013698 0.005864 0.004700 0.012742 0.990056 0.140095 5.245300 -0.007725 -0.140005 0.990121 0.258800 0.000000 0.000000 0.000000 1.000000
0.999892 -0.013487 0.005841 0.004700 0.012527 0.989900 0.141216 5.245300 -0.007687 -0.141127 0.989962 0.258800 0.000000 0.000000 0.000000 1.000000
0.999896 -0.013179 0.005865 0.004700 0.012214 0.989819 0.141805 5.245300 -0.007674 -0.141718 0.989877 0.258800 0.000000 0.000000 0.000000 1.000000
0.999899 -0.012929 0.005933 0.004700 0.011954 0.989755 0.142276 5.245300 -0.007712 -0.142191 0.989809 0.258800 0.000000 0.000000 0.000000 1.000000
0.999901 -0.012747 0.006010 0.004700 0.011758 0.989668 0.142896 5.245300 -0.007770 -0.142811 0.989719 0.258800 0.000000 0.000000 0.000000 1.000000
0.999903 -0.012527 0.006097 0.004700 0.011522 0.989561 0.143651 5.245300 -0.007833 -0.143567 0.989610 0.258800 0.000000 0.000000 0.000000 1.000000
0.999906 -0.012171 0.006258 0.004700 0.011141 0.989473 0.144290 5.245300 -0.007948 -0.144207 0.989516 0.258800 0.000000 0.000000 0.000000 1.000000
0.999910 -0.011675 0.006581 0.004700 0.010601 0.989435 0.144591 5.245300 -0.008199 -0.144508 0.989470 0.258800 0.000000 0.000000 0.000000 1.000000
0.999914 -0.011077 0.007088 0.004700 0.009936 0.989435 0.144637 5.245300 -0.008616 -0.144554 0.989459 0.258800 0.000000 0.000000 0.000000 1.000000
0.999916 -0.010414 0.007702 0.004700 0.009190 0.989435 0.144683 5.245300 -0.009127 -0.144600 0.989448 0.258800 0.000000 0.000000 0.000000 1.000000
0.999918 -0.009740 0.008289 0.004700 0.008438 0.989434 0.144738 5.245300 -0.009611 -0.144656 0.989435 0.258800 0.000000 0.000000 0.000000 1.000000
0.999920 -0.009120 0.008742 0.004700 0.007761 0.989466 0.144559 5.245300 -0.009969 -0.144480 0.989458 0.258800 0.000000 0.000000 0.000000 1.000000
0.999922 -0.008576 0.009041 0.004700 0.007185 0.989558 0.143957 5.245300 -0.010181 -0.143881 0.989543 0.258800 0.000000 0.000000 0.000000 1.000000
0.999925 -0.008091 0.009244 0.004700 0.006687 0.989705 0.142964 5.245300 -0.010306 -0.142892 0.989685 0.258800 0.000000 0.000000 0.000000 1.000000
0.999926 -0.007677 0.009436 0.004700 0.006262 0.989882 0.141754 5.245300 -0.010429 -0.141684 0.989857 0.258800 0.000000 0.000000 0.000000 1.000000
